0 0 3000
0.02 -0.196 3000
0.04 -0.392 2999.99
0.06 -0.588 2999.98
0.08 -0.784 2999.97
0.1 -0.98 2999.95
0.12 -1.176 2999.93
0.14 -1.372 2999.9
0.16 -1.568 2999.87
0.18 -1.764 2999.84
0.2 -1.96 2999.8
0.22 -2.156 2999.76
0.24 -2.352 2999.72
0.26 -2.548 2999.67
0.28 -2.744 2999.62
0.3 -2.94 2999.56
0.32 -3.136 2999.5
0.34 -3.332 2999.43
0.36 -3.528 2999.36
0.38 -3.724 2999.29
0.4 -3.92 2999.22
0.42 -4.116 2999.14
0.44 -4.312 2999.05
0.46 -4.508 2998.96
0.48 -4.704 2998.87
0.5 -4.9 2998.78
0.52 -5.096 2998.68
0.54 -5.292 2998.57
0.56 -5.488 2998.46
0.58 -5.684 2998.35
0.6 -5.88 2998.24
0.62 -6.076 2998.12
0.64 -6.272 2997.99
0.66 -6.468 2997.87
0.68 -6.664 2997.73
0.7 -6.86 2997.6
0.72 -7.056 2997.46
0.74 -7.252 2997.32
0.76 -7.448 2997.17
0.78 -7.644 2997.02
0.8 -7.84 2996.86
0.82 -8.036 2996.71
0.84 -8.232 2996.54
0.86 -8.428 2996.38
0.88 -8.624 2996.21
0.9 -8.82 2996.03
0.92 -9.016 2995.85
0.94 -9.212 2995.67
0.96 -9.408 2995.48
0.98 -9.604 2995.29
1 -9.8 2995.1
1.02 -9.996 2994.9
1.04 -10.192 2994.7
1.06 -10.388 2994.49
1.08 -10.584 2994.28
1.1 -10.78 2994.07
1.12 -10.976 2993.85
1.14 -11.172 2993.63
1.16 -11.368 2993.41
1.18 -11.564 2993.18
1.2 -11.76 2992.94
1.22 -11.956 2992.71
1.24 -12.152 2992.47
1.26 -12.348 2992.22
1.28 -12.544 2991.97
1.3 -12.74 2991.72
1.32 -12.936 2991.46
1.34 -13.132 2991.2
1.36 -13.328 2990.94
1.38 -13.524 2990.67
1.4 -13.72 2990.4
1.42 -13.916 2990.12
1.44 -14.112 2989.84
1.46 -14.308 2989.56
1.48 -14.504 2989.27
1.5 -14.7 2988.97
1.52 -14.896 2988.68
1.54 -15.092 2988.38
1.56 -15.288 2988.08
1.58 -15.484 2987.77
1.6 -15.68 2987.46
1.62 -15.876 2987.14
1.64 -16.072 2986.82
1.66 -16.268 2986.5
1.68 -16.464 2986.17
1.7 -16.66 2985.84
1.72 -16.856 2985.5
1.74 -17.052 2985.16
1.76 -17.248 2984.82
1.78 -17.444 2984.47
1.8 -17.64 2984.12
1.82 -17.836 2983.77
1.84 -18.032 2983.41
1.86 -18.228 2983.05
1.88 -18.424 2982.68
1.9 -18.62 2982.31
1.92 -18.816 2981.94
1.94 -19.012 2981.56
1.96 -19.208 2981.18
1.98 -19.404 2980.79
2 -19.6 2980.4
2.02 -19.796 2980.01
2.04 -19.992 2979.61
2.06 -20.188 2979.21
2.08 -20.384 2978.8
2.1 -20.58 2978.39
2.12 -20.776 2977.98
2.14 -20.972 2977.56
2.16 -21.168 2977.14
2.18 -21.364 2976.71
2.2 -21.56 2976.28
2.22 -21.756 2975.85
2.24 -21.952 2975.41
2.26 -22.148 2974.97
2.28 -22.344 2974.53
2.3 -22.54 2974.08
2.32 -22.736 2973.63
2.34 -22.932 2973.17
2.36 -23.128 2972.71
2.38 -23.324 2972.24
2.4 -23.52 2971.78
2.42 -23.716 2971.3
2.44 -23.912 2970.83
2.46 -24.108 2970.35
2.48 -24.304 2969.86
2.5 -24.5 2969.37
2.52 -24.696 2968.88
2.54 -24.892 2968.39
2.56 -25.088 2967.89
2.58 -25.284 2967.38
2.6 -25.48 2966.88
2.62 -25.676 2966.36
2.64 -25.872 2965.85
2.66 -26.068 2965.33
2.68 -26.264 2964.81
2.7 -26.46 2964.28
2.72 -26.656 2963.75
2.74 -26.852 2963.21
2.76 -27.048 2962.67
2.78 -27.244 2962.13
2.8 -27.44 2961.58
2.82 -27.636 2961.03
2.84 -27.832 2960.48
2.86 -28.028 2959.92
2.88 -28.224 2959.36
2.9 -28.42 2958.79
2.92 -28.616 2958.22
2.94 -28.812 2957.65
2.96 -29.008 2957.07
2.98 -29.204 2956.49
3 -29.4 2955.9
3.02 -29.596 2955.31
3.04 -29.792 2954.72
3.06 -29.988 2954.12
3.08 -30.184 2953.52
3.1 -30.38 2952.91
3.12 -30.576 2952.3
3.14 -30.772 2951.69
3.16 -30.968 2951.07
3.18 -31.164 2950.45
3.2 -31.36 2949.82
3.22 -31.556 2949.19
3.24 -31.752 2948.56
3.26 -31.948 2947.92
3.28 -32.144 2947.28
3.3 -32.34 2946.64
3.32 -32.536 2945.99
3.34 -32.732 2945.34
3.36 -32.928 2944.68
3.38 -33.124 2944.02
3.4 -33.32 2943.36
3.42 -33.516 2942.69
3.44 -33.712 2942.02
3.46 -33.908 2941.34
3.48 -34.104 2940.66
3.5 -34.3 2939.97
3.52 -34.496 2939.29
3.54 -34.692 2938.6
3.56 -34.888 2937.9
3.58 -35.084 2937.2
3.6 -35.28 2936.5
3.62 -35.476 2935.79
3.64 -35.672 2935.08
3.66 -35.868 2934.36
3.68 -36.064 2933.64
3.7 -36.26 2932.92
3.72 -36.456 2932.19
3.74 -36.652 2931.46
3.76 -36.848 2930.73
3.78 -37.044 2929.99
3.8 -37.24 2929.24
3.82 -37.436 2928.5
3.84 -37.632 2927.75
3.86 -37.828 2926.99
3.88 -38.024 2926.23
3.9 -38.22 2925.47
3.92 -38.416 2924.7
3.94 -38.612 2923.93
3.96 -38.808 2923.16
3.98 -39.004 2922.38
4 -39.2 2921.6
4.02 -39.396 2920.81
4.04 -39.592 2920.02
4.06 -39.788 2919.23
4.08 -39.984 2918.43
4.1 -40.18 2917.63
4.12 -40.376 2916.83
4.14 -40.572 2916.02
4.16 -40.768 2915.2
4.18 -40.964 2914.39
4.2 -41.16 2913.56
4.22 -41.356 2912.74
4.24 -41.552 2911.91
4.26 -41.748 2911.08
4.28 -41.944 2910.24
4.3 -42.14 2909.4
4.32 -42.336 2908.55
4.34 -42.532 2907.71
4.36 -42.728 2906.85
4.38 -42.924 2906
4.4 -43.12 2905.14
4.42 -43.316 2904.27
4.44 -43.512 2903.4
4.46 -43.708 2902.53
4.48 -43.904 2901.66
4.5 -44.1 2900.77
4.52 -44.296 2899.89
4.54 -44.492 2899
4.56 -44.688 2898.11
4.58 -44.884 2897.22
4.6 -45.08 2896.32
4.62 -45.276 2895.41
4.64 -45.472 2894.5
4.66 -45.668 2893.59
4.68 -45.864 2892.68
4.7 -46.06 2891.76
4.72 -46.256 2890.84
4.74 -46.452 2889.91
4.76 -46.648 2888.98
4.78 -46.844 2888.04
4.8 -47.04 2887.1
4.82 -47.236 2886.16
4.84 -47.432 2885.21
4.86 -47.628 2884.26
4.88 -47.824 2883.31
4.9 -48.02 2882.35
4.92 -48.216 2881.39
4.94 -48.412 2880.42
4.96 -48.608 2879.45
4.98 -48.804 2878.48
5 -49 2877.5
5.02 -49.196 2876.52
5.04 -49.392 2875.53
5.06 -49.588 2874.54
5.08 -49.784 2873.55
5.1 -49.98 2872.55
5.12 -50.176 2871.55
5.14 -50.372 2870.54
5.16 -50.568 2869.53
5.18 -50.764 2868.52
5.2 -50.96 2867.5
5.22 -51.156 2866.48
5.24 -51.352 2865.46
5.26 -51.548 2864.43
5.28 -51.744 2863.4
5.3 -51.94 2862.36
5.32 -52.136 2861.32
5.34 -52.332 2860.27
5.36 -52.528 2859.22
5.38 -52.724 2858.17
5.4 -52.92 2857.12
5.42 -53.116 2856.06
5.44 -53.312 2854.99
5.46 -53.508 2853.92
5.48 -53.704 2852.85
5.5 -53.9 2851.77
5.52 -54.096 2850.7
5.54 -54.292 2849.61
5.56 -54.488 2848.52
5.58 -54.684 2847.43
5.6 -54.88 2846.34
5.62 -55.076 2845.24
5.64 -55.272 2844.13
5.66 -55.468 2843.03
5.68 -55.664 2841.91
5.7 -55.86 2840.8
5.72 -56.056 2839.68
5.74 -56.252 2838.56
5.76 -56.448 2837.43
5.78 -56.644 2836.3
5.8 -56.84 2835.16
5.82 -57.036 2834.03
5.84 -57.232 2832.88
5.86 -57.428 2831.74
5.88 -57.624 2830.59
5.9 -57.82 2829.43
5.92 -58.016 2828.27
5.94 -58.212 2827.11
5.96 -58.408 2825.94
5.98 -58.604 2824.77
6 -58.8 2823.6
6.02 -58.996 2822.42
6.04 -59.192 2821.24
6.06 -59.388 2820.05
6.08 -59.584 2818.86
6.1 -59.78 2817.67
6.12 -59.976 2816.47
6.14 -60.172 2815.27
6.16 -60.368 2814.07
6.18 -60.564 2812.86
6.2 -60.76 2811.64
6.22 -60.956 2810.43
6.24 -61.152 2809.21
6.26 -61.348 2807.98
6.28 -61.544 2806.75
6.3 -61.74 2805.52
6.32 -61.936 2804.28
6.34 -62.132 2803.04
6.36 -62.328 2801.8
6.38 -62.524 2800.55
6.4 -62.72 2799.3
6.42 -62.916 2798.04
6.44 -63.112 2796.78
6.46 -63.308 2795.52
6.48 -63.504 2794.25
6.5 -63.7 2792.97
6.52 -63.896 2791.7
6.54 -64.092 2790.42
6.56 -64.288 2789.14
6.58 -64.484 2787.85
6.6 -64.68 2786.56
6.62 -64.876 2785.26
6.64 -65.072 2783.96
6.66 -65.268 2782.66
6.68 -65.464 2781.35
6.7 -65.66 2780.04
6.72 -65.856 2778.72
6.74 -66.052 2777.4
6.76 -66.248 2776.08
6.78 -66.444 2774.75
6.8 -66.64 2773.42
6.82 -66.836 2772.09
6.84 -67.032 2770.75
6.86 -67.228 2769.41
6.88 -67.424 2768.06
6.9 -67.62 2766.71
6.92 -67.816 2765.36
6.94 -68.012 2764
6.96 -68.208 2762.64
6.98 -68.404 2761.27
7 -68.6 2759.9
7.02 -68.796 2758.53
7.04 -68.992 2757.15
7.06 -69.188 2755.77
7.08 -69.384 2754.38
7.1 -69.58 2752.99
7.12 -69.776 2751.6
7.14 -69.972 2750.2
7.16 -70.168 2748.8
7.18 -70.364 2747.39
7.2 -70.56 2745.98
7.22 -70.756 2744.57
7.24 -70.952 2743.15
7.26 -71.148 2741.73
7.28 -71.344 2740.31
7.3 -71.54 2738.88
7.32 -71.736 2737.45
7.34 -71.932 2736.01
7.36 -72.128 2734.57
7.38 -72.324 2733.12
7.4 -72.52 2731.68
7.42 -72.716 2730.22
7.44 -72.912 2728.77
7.46 -73.108 2727.31
7.48 -73.304 2725.84
7.5 -73.5 2724.38
7.52 -73.696 2722.9
7.54 -73.892 2721.43
7.56 -74.088 2719.95
7.58 -74.284 2718.46
7.6 -74.48 2716.98
7.62 -74.676 2715.48
7.64 -74.872 2713.99
7.66 -75.068 2712.49
7.68 -75.264 2710.99
7.7 -75.46 2709.48
7.72 -75.656 2707.97
7.74 -75.852 2706.45
7.76 -76.048 2704.93
7.78 -76.244 2703.41
7.8 -76.44 2701.88
7.82 -76.636 2700.35
7.84 -76.832 2698.82
7.86 -77.028 2697.28
7.88 -77.224 2695.74
7.9 -77.42 2694.19
7.92 -77.616 2692.64
7.94 -77.812 2691.09
7.96 -78.008 2689.53
7.98 -78.204 2687.97
8 -78.4 2686.4
8.02 -78.596 2684.83
8.04 -78.792 2683.26
8.06 -78.988 2681.68
8.08 -79.184 2680.1
8.1 -79.38 2678.51
8.12 -79.576 2676.92
8.14 -79.772 2675.33
8.16 -79.968 2673.73
8.18 -80.164 2672.13
8.2 -80.36 2670.52
8.22 -80.556 2668.91
8.24 -80.752 2667.3
8.26 -80.948 2665.68
8.28 -81.144 2664.06
8.3 -81.34 2662.44
8.32 -81.536 2660.81
8.34 -81.732 2659.18
8.36 -81.928 2657.54
8.38 -82.124 2655.9
8.4 -82.32 2654.26
8.42 -82.516 2652.61
8.44 -82.712 2650.96
8.46 -82.908 2649.3
8.48 -83.104 2647.64
8.5 -83.3 2645.98
8.52 -83.496 2644.31
8.54 -83.692 2642.64
8.56 -83.888 2640.96
8.58 -84.084 2639.28
8.6 -84.28 2637.6
8.62 -84.476 2635.91
8.64 -84.672 2634.22
8.66 -84.868 2632.52
8.68 -85.064 2630.82
8.7 -85.26 2629.12
8.72 -85.456 2627.41
8.74 -85.652 2625.7
8.76 -85.848 2623.99
8.78 -86.044 2622.27
8.8 -86.24 2620.54
8.82 -86.436 2618.82
8.84 -86.632 2617.09
8.86 -86.828 2615.35
8.88 -87.024 2613.61
8.9 -87.22 2611.87
8.92 -87.416 2610.12
8.94 -87.612 2608.37
8.96 -87.808 2606.62
8.98 -88.004 2604.86
9 -88.2 2603.1
9.02 -88.396 2601.33
9.04 -88.592 2599.56
9.06 -88.788 2597.79
9.08 -88.984 2596.01
9.1 -89.18 2594.23
9.12 -89.376 2592.45
9.14 -89.572 2590.66
9.16 -89.768 2588.86
9.18 -89.964 2587.07
9.2 -90.16 2585.26
9.22 -90.356 2583.46
9.24 -90.552 2581.65
9.26 -90.748 2579.84
9.28 -90.944 2578.02
9.3 -91.14 2576.2
9.32 -91.336 2574.37
9.34 -91.532 2572.55
9.36 -91.728 2570.71
9.38 -91.924 2568.88
9.4 -92.12 2567.04
9.42 -92.316 2565.19
9.44 -92.512 2563.34
9.46 -92.708 2561.49
9.48 -92.904 2559.64
9.5 -93.1 2557.78
9.52 -93.296 2555.91
9.54 -93.492 2554.04
9.56 -93.688 2552.17
9.58 -93.884 2550.3
9.6 -94.08 2548.42
9.62 -94.276 2546.53
9.64 -94.472 2544.64
9.66 -94.668 2542.75
9.68 -94.864 2540.86
9.7 -95.06 2538.96
9.72 -95.256 2537.06
9.74 -95.452 2535.15
9.76 -95.648 2533.24
9.78 -95.844 2531.32
9.8 -96.04 2529.4
9.82 -96.236 2527.48
9.84 -96.432 2525.55
9.86 -96.628 2523.62
9.88 -96.824 2521.69
9.9 -97.02 2519.75
9.92 -97.216 2517.81
9.94 -97.412 2515.86
9.96 -97.608 2513.91
9.98 -97.804 2511.96
10 -98 2510
10.02 -98.196 2508.04
10.04 -98.392 2506.07
10.06 -98.588 2504.1
10.08 -98.784 2502.13
10.1 -98.98 2500.15
10.12 -99.176 2498.17
10.14 -99.372 2496.18
10.16 -99.568 2494.19
10.18 -99.764 2492.2
10.2 -99.96 2490.2
10.22 -100.156 2488.2
10.24 -100.352 2486.2
10.26 -100.548 2484.19
10.28 -100.744 2482.18
10.3 -100.94 2480.16
10.32 -101.136 2478.14
10.34 -101.332 2476.11
10.36 -101.528 2474.08
10.38 -101.724 2472.05
10.4 -101.92 2470.02
10.42 -102.116 2467.98
10.44 -102.312 2465.93
10.46 -102.508 2463.88
10.48 -102.704 2461.83
10.5 -102.9 2459.78
10.52 -103.096 2457.72
10.54 -103.292 2455.65
10.56 -103.488 2453.58
10.58 -103.684 2451.51
10.6 -103.88 2449.44
10.62 -104.076 2447.36
10.64 -104.272 2445.27
10.66 -104.468 2443.19
10.68 -104.664 2441.09
10.7 -104.86 2439
10.72 -105.056 2436.9
10.74 -105.252 2434.8
10.76 -105.448 2432.69
10.78 -105.644 2430.58
10.8 -105.84 2428.46
10.82 -106.036 2426.35
10.84 -106.232 2424.22
10.86 -106.428 2422.1
10.88 -106.624 2419.97
10.9 -106.82 2417.83
10.92 -107.016 2415.69
10.94 -107.212 2413.55
10.96 -107.408 2411.4
10.98 -107.604 2409.25
11 -107.8 2407.1
11.02 -107.996 2404.94
11.04 -108.192 2402.78
11.06 -108.388 2400.61
11.08 -108.584 2398.44
11.1 -108.78 2396.27
11.12 -108.976 2394.09
11.14 -109.172 2391.91
11.16 -109.368 2389.73
11.18 -109.564 2387.54
11.2 -109.76 2385.34
11.22 -109.956 2383.15
11.24 -110.152 2380.95
11.26 -110.348 2378.74
11.28 -110.544 2376.53
11.3 -110.74 2374.32
11.32 -110.936 2372.1
11.34 -111.132 2369.88
11.36 -111.328 2367.66
11.38 -111.524 2365.43
11.4 -111.72 2363.2
11.42 -111.916 2360.96
11.44 -112.112 2358.72
11.46 -112.308 2356.48
11.48 -112.504 2354.23
11.5 -112.7 2351.98
11.52 -112.896 2349.72
11.54 -113.092 2347.46
11.56 -113.288 2345.2
11.58 -113.484 2342.93
11.6 -113.68 2340.66
11.62 -113.876 2338.38
11.64 -114.072 2336.1
11.66 -114.268 2333.82
11.68 -114.464 2331.53
11.7 -114.66 2329.24
11.72 -114.856 2326.94
11.74 -115.052 2324.64
11.76 -115.248 2322.34
11.78 -115.444 2320.03
11.8 -115.64 2317.72
11.82 -115.836 2315.41
11.84 -116.032 2313.09
11.86 -116.228 2310.77
11.88 -116.424 2308.44
11.9 -116.62 2306.11
11.92 -116.816 2303.78
11.94 -117.012 2301.44
11.96 -117.208 2299.1
11.98 -117.404 2296.75
12 -117.6 2294.4
12.02 -117.796 2292.05
12.04 -117.992 2289.69
12.06 -118.188 2287.33
12.08 -118.384 2284.96
12.1 -118.58 2282.59
12.12 -118.776 2280.22
12.14 -118.972 2277.84
12.16 -119.168 2275.46
12.18 -119.364 2273.07
12.2 -119.56 2270.68
12.22 -119.756 2268.29
12.24 -119.952 2265.89
12.26 -120.148 2263.49
12.28 -120.344 2261.09
12.3 -120.54 2258.68
12.32 -120.736 2256.27
12.34 -120.932 2253.85
12.36 -121.128 2251.43
12.38 -121.324 2249
12.4 -121.52 2246.58
12.42 -121.716 2244.14
12.44 -121.912 2241.71
12.46 -122.108 2239.27
12.48 -122.304 2236.82
12.5 -122.5 2234.38
12.52 -122.696 2231.92
12.54 -122.892 2229.47
12.56 -123.088 2227.01
12.58 -123.284 2224.54
12.6 -123.48 2222.08
12.62 -123.676 2219.6
12.64 -123.872 2217.13
12.66 -124.068 2214.65
12.68 -124.264 2212.17
12.7 -124.46 2209.68
12.72 -124.656 2207.19
12.74 -124.852 2204.69
12.76 -125.048 2202.19
12.78 -125.244 2199.69
12.8 -125.44 2197.18
12.82 -125.636 2194.67
12.84 -125.832 2192.16
12.86 -126.028 2189.64
12.88 -126.224 2187.12
12.9 -126.42 2184.59
12.92 -126.616 2182.06
12.94 -126.812 2179.53
12.96 -127.008 2176.99
12.98 -127.204 2174.45
13 -127.4 2171.9
13.02 -127.596 2169.35
13.04 -127.792 2166.8
13.06 -127.988 2164.24
13.08 -128.184 2161.68
13.1 -128.38 2159.11
13.12 -128.576 2156.54
13.14 -128.772 2153.97
13.16 -128.968 2151.39
13.18 -129.164 2148.81
13.2 -129.36 2146.22
13.22 -129.556 2143.63
13.24 -129.752 2141.04
13.26 -129.948 2138.44
13.28 -130.144 2135.84
13.3 -130.34 2133.24
13.32 -130.536 2130.63
13.34 -130.732 2128.02
13.36 -130.928 2125.4
13.38 -131.124 2122.78
13.4 -131.32 2120.16
13.42 -131.516 2117.53
13.44 -131.712 2114.9
13.46 -131.908 2112.26
13.48 -132.104 2109.62
13.5 -132.3 2106.98
13.52 -132.496 2104.33
13.54 -132.692 2101.68
13.56 -132.888 2099.02
13.58 -133.084 2096.36
13.6 -133.28 2093.7
13.62 -133.476 2091.03
13.64 -133.672 2088.36
13.66 -133.868 2085.68
13.68 -134.064 2083
13.7 -134.26 2080.32
13.72 -134.456 2077.63
13.74 -134.652 2074.94
13.76 -134.848 2072.25
13.78 -135.044 2069.55
13.8 -135.24 2066.84
13.82 -135.436 2064.14
13.84 -135.632 2061.43
13.86 -135.828 2058.71
13.88 -136.024 2055.99
13.9 -136.22 2053.27
13.92 -136.416 2050.54
13.94 -136.612 2047.81
13.96 -136.808 2045.08
13.98 -137.004 2042.34
14 -137.2 2039.6
14.02 -137.396 2036.85
14.04 -137.592 2034.1
14.06 -137.788 2031.35
14.08 -137.984 2028.59
14.1 -138.18 2025.83
14.12 -138.376 2023.07
14.14 -138.572 2020.3
14.16 -138.768 2017.52
14.18 -138.964 2014.75
14.2 -139.16 2011.96
14.22 -139.356 2009.18
14.24 -139.552 2006.39
14.26 -139.748 2003.6
14.28 -139.944 2000.8
14.3 -140.14 1998
14.32 -140.336 1995.19
14.34 -140.532 1992.39
14.36 -140.728 1989.57
14.38 -140.924 1986.76
14.4 -141.12 1983.94
14.42 -141.316 1981.11
14.44 -141.512 1978.28
14.46 -141.708 1975.45
14.48 -141.904 1972.62
14.5 -142.1 1969.78
14.52 -142.296 1966.93
14.54 -142.492 1964.08
14.56 -142.688 1961.23
14.58 -142.884 1958.38
14.6 -143.08 1955.52
14.62 -143.276 1952.65
14.64 -143.472 1949.78
14.66 -143.668 1946.91
14.68 -143.864 1944.04
14.7 -144.06 1941.16
14.72 -144.256 1938.28
14.74 -144.452 1935.39
14.76 -144.648 1932.5
14.78 -144.844 1929.6
14.8 -145.04 1926.7
14.82 -145.236 1923.8
14.84 -145.432 1920.89
14.86 -145.628 1917.98
14.88 -145.824 1915.07
14.9 -146.02 1912.15
14.92 -146.216 1909.23
14.94 -146.412 1906.3
14.96 -146.608 1903.37
14.98 -146.804 1900.44
15 -147 1897.5
15.02 -147.196 1894.56
15.04 -147.392 1891.61
15.06 -147.588 1888.66
15.08 -147.784 1885.71
15.1 -147.98 1882.75
15.12 -148.176 1879.79
15.14 -148.372 1876.82
15.16 -148.568 1873.85
15.18 -148.764 1870.88
15.2 -148.96 1867.9
15.22 -149.156 1864.92
15.24 -149.352 1861.94
15.26 -149.548 1858.95
15.28 -149.744 1855.96
15.3 -149.94 1852.96
15.32 -150.136 1849.96
15.34 -150.332 1846.95
15.36 -150.528 1843.94
15.38 -150.724 1840.93
15.4 -150.92 1837.92
15.42 -151.116 1834.9
15.44 -151.312 1831.87
15.46 -151.508 1828.84
15.48 -151.704 1825.81
15.5 -151.9 1822.78
15.52 -152.096 1819.74
15.54 -152.292 1816.69
15.56 -152.488 1813.64
15.58 -152.684 1810.59
15.6 -152.88 1807.54
15.62 -153.076 1804.48
15.64 -153.272 1801.41
15.66 -153.468 1798.35
15.68 -153.664 1795.27
15.7 -153.86 1792.2
15.72 -154.056 1789.12
15.74 -154.252 1786.04
15.76 -154.448 1782.95
15.78 -154.644 1779.86
15.8 -154.84 1776.76
15.82 -155.036 1773.67
15.84 -155.232 1770.56
15.86 -155.428 1767.46
15.88 -155.624 1764.35
15.9 -155.82 1761.23
15.92 -156.016 1758.11
15.94 -156.212 1754.99
15.96 -156.408 1751.86
15.98 -156.604 1748.73
16 -156.8 1745.6
16.02 -156.996 1742.46
16.04 -157.192 1739.32
16.06 -157.388 1736.17
16.08 -157.584 1733.02
16.1 -157.78 1729.87
16.12 -157.976 1726.71
16.14 -158.172 1723.55
16.16 -158.368 1720.39
16.18 -158.564 1717.22
16.2 -158.76 1714.04
16.22 -158.956 1710.87
16.24 -159.152 1707.69
16.26 -159.348 1704.5
16.28 -159.544 1701.31
16.3 -159.74 1698.12
16.32 -159.936 1694.92
16.34 -160.132 1691.72
16.36 -160.328 1688.52
16.38 -160.524 1685.31
16.4 -160.72 1682.1
16.42 -160.916 1678.88
16.44 -161.112 1675.66
16.46 -161.308 1672.44
16.48 -161.504 1669.21
16.5 -161.7 1665.98
16.52 -161.896 1662.74
16.54 -162.092 1659.5
16.56 -162.288 1656.26
16.58 -162.484 1653.01
16.6 -162.68 1649.76
16.62 -162.876 1646.5
16.64 -163.072 1643.24
16.66 -163.268 1639.98
16.68 -163.464 1636.71
16.7 -163.66 1633.44
16.72 -163.856 1630.16
16.74 -164.052 1626.88
16.76 -164.248 1623.6
16.78 -164.444 1620.31
16.8 -164.64 1617.02
16.82 -164.836 1613.73
16.84 -165.032 1610.43
16.86 -165.228 1607.13
16.88 -165.424 1603.82
16.9 -165.62 1600.51
16.92 -165.816 1597.2
16.94 -166.012 1593.88
16.96 -166.208 1590.56
16.98 -166.404 1587.23
17 -166.6 1583.9
17.02 -166.796 1580.57
17.04 -166.992 1577.23
17.06 -167.188 1573.89
17.08 -167.384 1570.54
17.1 -167.58 1567.19
17.12 -167.776 1563.84
17.14 -167.972 1560.48
17.16 -168.168 1557.12
17.18 -168.364 1553.75
17.2 -168.56 1550.38
17.22 -168.756 1547.01
17.24 -168.952 1543.63
17.26 -169.148 1540.25
17.28 -169.344 1536.87
17.3 -169.54 1533.48
17.32 -169.736 1530.09
17.34 -169.932 1526.69
17.36 -170.128 1523.29
17.38 -170.324 1519.88
17.4 -170.52 1516.48
17.42 -170.716 1513.06
17.44 -170.912 1509.65
17.46 -171.108 1506.23
17.48 -171.304 1502.8
17.5 -171.5 1499.38
17.52 -171.696 1495.94
17.54 -171.892 1492.51
17.56 -172.088 1489.07
17.58 -172.284 1485.62
17.6 -172.48 1482.18
17.62 -172.676 1478.72
17.64 -172.872 1475.27
17.66 -173.068 1471.81
17.68 -173.264 1468.35
17.7 -173.46 1464.88
17.72 -173.656 1461.41
17.74 -173.852 1457.93
17.76 -174.048 1454.45
17.78 -174.244 1450.97
17.8 -174.44 1447.48
17.82 -174.636 1443.99
17.84 -174.832 1440.5
17.86 -175.028 1437
17.88 -175.224 1433.5
17.9 -175.42 1429.99
17.92 -175.616 1426.48
17.94 -175.812 1422.97
17.96 -176.008 1419.45
17.98 -176.204 1415.93
18 -176.4 1412.4
18.02 -176.596 1408.87
18.04 -176.792 1405.34
18.06 -176.988 1401.8
18.08 -177.184 1398.26
18.1 -177.38 1394.71
18.12 -177.576 1391.16
18.14 -177.772 1387.61
18.16 -177.968 1384.05
18.18 -178.164 1380.49
18.2 -178.36 1376.92
18.22 -178.556 1373.35
18.24 -178.752 1369.78
18.26 -178.948 1366.2
18.28 -179.144 1362.62
18.3 -179.34 1359.04
18.32 -179.536 1355.45
18.34 -179.732 1351.86
18.36 -179.928 1348.26
18.38 -180.124 1344.66
18.4 -180.32 1341.06
18.42 -180.516 1337.45
18.44 -180.712 1333.84
18.46 -180.908 1330.22
18.48 -181.104 1326.6
18.5 -181.3 1322.98
18.52 -181.496 1319.35
18.54 -181.692 1315.72
18.56 -181.888 1312.08
18.58 -182.084 1308.44
18.6 -182.28 1304.8
18.62 -182.476 1301.15
18.64 -182.672 1297.5
18.66 -182.868 1293.84
18.68 -183.064 1290.18
18.7 -183.26 1286.52
18.72 -183.456 1282.85
18.74 -183.652 1279.18
18.76 -183.848 1275.51
18.78 -184.044 1271.83
18.8 -184.24 1268.14
18.82 -184.436 1264.46
18.84 -184.632 1260.77
18.86 -184.828 1257.07
18.88 -185.024 1253.37
18.9 -185.22 1249.67
18.92 -185.416 1245.96
18.94 -185.612 1242.25
18.96 -185.808 1238.54
18.98 -186.004 1234.82
19 -186.2 1231.1
19.02 -186.396 1227.37
19.04 -186.592 1223.64
19.06 -186.788 1219.91
19.08 -186.984 1216.17
19.1 -187.18 1212.43
19.12 -187.376 1208.69
19.14 -187.572 1204.94
19.16 -187.768 1201.18
19.18 -187.964 1197.43
19.2 -188.16 1193.66
19.22 -188.356 1189.9
19.24 -188.552 1186.13
19.26 -188.748 1182.36
19.28 -188.944 1178.58
19.3 -189.14 1174.8
19.32 -189.336 1171.01
19.34 -189.532 1167.23
19.36 -189.728 1163.43
19.38 -189.924 1159.64
19.4 -190.12 1155.84
19.42 -190.316 1152.03
19.44 -190.512 1148.22
19.46 -190.708 1144.41
19.48 -190.904 1140.6
19.5 -191.1 1136.78
19.52 -191.296 1132.95
19.54 -191.492 1129.12
19.56 -191.688 1125.29
19.58 -191.884 1121.46
19.6 -192.08 1117.62
19.62 -192.276 1113.77
19.64 -192.472 1109.92
19.66 -192.668 1106.07
19.68 -192.864 1102.22
19.7 -193.06 1098.36
19.72 -193.256 1094.5
19.74 -193.452 1090.63
19.76 -193.648 1086.76
19.78 -193.844 1082.88
19.8 -194.04 1079
19.82 -194.236 1075.12
19.84 -194.432 1071.23
19.86 -194.628 1067.34
19.88 -194.824 1063.45
19.9 -195.02 1059.55
19.92 -195.216 1055.65
19.94 -195.412 1051.74
19.96 -195.608 1047.83
19.98 -195.804 1043.92
20 -196 1040
20.02 -194.568 1036.09
20.04 -192.827 1032.22
20.06 -191.104 1028.38
20.08 -189.397 1024.57
20.1 -187.708 1020.8
20.12 -186.035 1017.06
20.14 -184.379 1013.36
20.16 -182.739 1009.69
20.18 -181.116 1006.05
20.2 -179.509 1002.44
20.22 -177.918 998.87
20.24 -176.342 995.328
20.26 -174.783 991.816
20.28 -173.239 988.336
20.3 -171.71 984.887
20.32 -170.197 981.468
20.34 -168.698 978.079
20.36 -167.215 974.72
20.38 -165.746 971.39
20.4 -164.292 968.09
20.42 -162.852 964.818
20.44 -161.426 961.576
20.46 -160.015 958.361
20.48 -158.618 955.175
20.5 -157.235 952.016
20.52 -155.865 948.885
20.54 -154.51 945.782
20.56 -153.167 942.705
20.58 -151.838 939.655
20.6 -150.522 936.631
20.62 -149.22 933.634
20.64 -147.93 930.662
20.66 -146.653 927.717
20.68 -145.389 924.796
20.7 -144.137 921.901
20.72 -142.898 919.031
20.74 -141.671 916.185
20.76 -140.457 913.364
20.78 -139.254 910.567
20.8 -138.063 907.794
20.82 -136.885 905.044
20.84 -135.718 902.318
20.86 -134.562 899.615
20.88 -133.418 896.935
20.9 -132.286 894.278
20.92 -131.165 891.644
20.94 -130.055 889.032
20.96 -128.956 886.442
20.98 -127.867 883.874
21 -126.79 881.327
21.02 -125.724 878.802
21.04 -124.668 876.298
21.06 -123.622 873.815
21.08 -122.587 871.353
21.1 -121.562 868.912
21.12 -120.548 866.49
21.14 -119.543 864.09
21.16 -118.549 861.709
21.18 -117.564 859.347
21.2 -116.59 857.006
21.22 -115.625 854.684
21.24 -114.669 852.381
21.26 -113.723 850.097
21.28 -112.787 847.832
21.3 -111.859 845.585
21.32 -110.941 843.357
21.34 -110.033 841.148
21.36 -109.133 838.956
21.38 -108.242 836.782
21.4 -107.36 834.626
21.42 -106.487 832.488
21.44 -105.622 830.367
21.46 -104.766 828.263
21.48 -103.919 826.176
21.5 -103.08 824.106
21.52 -102.249 822.053
21.54 -101.427 820.016
21.56 -100.613 817.996
21.58 -99.8065 815.992
21.6 -99.0084 814.003
21.62 -98.2183 812.031
21.64 -97.436 810.075
21.66 -96.6615 808.134
21.68 -95.8948 806.208
21.7 -95.1356 804.298
21.72 -94.384 802.403
21.74 -93.6399 800.522
21.76 -92.9032 798.657
21.78 -92.1738 796.806
21.8 -91.4517 794.97
21.82 -90.7368 793.148
21.84 -90.0289 791.341
21.86 -89.3282 789.547
21.88 -88.6344 787.767
21.9 -87.9475 786.002
21.92 -87.2674 784.249
21.94 -86.5941 782.511
21.96 -85.9275 780.786
21.98 -85.2675 779.074
22 -84.6141 777.375
22.02 -83.9672 775.689
22.04 -83.3267 774.016
22.06 -82.6927 772.356
22.08 -82.0649 770.708
22.1 -81.4433 769.073
22.12 -80.828 767.451
22.14 -80.2188 765.84
22.16 -79.6156 764.242
22.18 -79.0184 762.656
22.2 -78.4272 761.081
22.22 -77.8419 759.518
22.24 -77.2623 757.967
22.26 -76.6886 756.428
22.28 -76.1205 754.9
22.3 -75.5582 753.383
22.32 -75.0014 751.877
22.34 -74.4501 750.383
22.36 -73.9043 748.899
22.38 -73.364 747.427
22.4 -72.829 745.965
22.42 -72.2994 744.513
22.44 -71.775 743.073
22.46 -71.2559 741.642
22.48 -70.7419 740.222
22.5 -70.233 738.813
22.52 -69.7292 737.413
22.54 -69.2304 736.024
22.56 -68.7366 734.644
22.58 -68.2477 733.274
22.6 -67.7636 731.914
22.62 -67.2844 730.563
22.64 -66.8099 729.223
22.66 -66.3402 727.891
22.68 -65.8751 726.569
22.7 -65.4147 725.256
22.72 -64.9588 723.952
22.74 -64.5075 722.658
22.76 -64.0606 721.372
22.78 -63.6182 720.095
22.8 -63.1803 718.827
22.82 -62.7466 717.568
22.84 -62.3173 716.317
22.86 -61.8923 715.075
22.88 -61.4715 713.842
22.9 -61.0548 712.616
22.92 -60.6423 711.399
22.94 -60.234 710.191
22.96 -59.8296 708.99
22.98 -59.4294 707.797
23 -59.033 706.613
23.02 -58.6407 705.436
23.04 -58.2522 704.267
23.06 -57.8676 703.106
23.08 -57.4869 701.952
23.1 -57.1099 700.806
23.12 -56.7366 699.668
23.14 -56.3671 698.537
23.16 -56.0013 697.413
23.18 -55.6391 696.297
23.2 -55.2805 695.188
23.22 -54.9255 694.086
23.24 -54.574 692.991
23.26 -54.226 691.903
23.28 -53.8814 690.822
23.3 -53.5403 689.747
23.32 -53.2026 688.68
23.34 -52.8683 687.619
23.36 -52.5373 686.565
23.38 -52.2095 685.518
23.4 -51.8851 684.477
23.42 -51.5638 683.442
23.44 -51.2458 682.414
23.46 -50.9309 681.392
23.48 -50.6191 680.377
23.5 -50.3105 679.368
23.52 -50.0049 678.364
23.54 -49.7024 677.367
23.56 -49.4029 676.376
23.58 -49.1063 675.391
23.6 -48.8127 674.412
23.62 -48.5221 673.439
23.64 -48.2343 672.471
23.66 -47.9494 671.509
23.68 -47.6673 670.553
23.7 -47.388 669.603
23.72 -47.1115 668.658
23.74 -46.8378 667.718
23.76 -46.5667 666.784
23.78 -46.2984 665.856
23.8 -46.0328 664.932
23.82 -45.7698 664.014
23.84 -45.5094 663.101
23.86 -45.2516 662.194
23.88 -44.9963 661.291
23.9 -44.7436 660.394
23.92 -44.4934 659.502
23.94 -44.2457 658.614
23.96 -44.0005 657.732
23.98 -43.7577 656.854
24 -43.5174 655.981
24.02 -43.2794 655.113
24.04 -43.0438 654.25
24.06 -42.8105 653.392
24.08 -42.5795 652.538
24.1 -42.3509 651.688
24.12 -42.1245 650.844
24.14 -41.9004 650.003
24.16 -41.6785 649.168
24.18 -41.4588 648.336
24.2 -41.2413 647.509
24.22 -41.026 646.687
24.24 -40.8128 645.868
24.26 -40.6017 645.054
24.28 -40.3927 644.244
24.3 -40.1859 643.438
24.32 -39.981 642.637
24.34 -39.7782 641.839
24.36 -39.5775 641.046
24.38 -39.3787 640.256
24.4 -39.1819 639.47
24.42 -38.987 638.689
24.44 -38.7941 637.911
24.46 -38.6031 637.137
24.48 -38.4141 636.367
24.5 -38.2269 635.6
24.52 -38.0415 634.838
24.54 -37.858 634.079
24.56 -37.6763 633.323
24.58 -37.4965 632.572
24.6 -37.3184 631.823
24.62 -37.1421 631.079
24.64 -36.9676 630.338
24.66 -36.7948 629.6
24.68 -36.6237 628.866
24.7 -36.4543 628.135
24.72 -36.2866 627.408
24.74 -36.1205 626.684
24.76 -35.9562 625.963
24.78 -35.7934 625.245
24.8 -35.6323 624.531
24.82 -35.4728 623.82
24.84 -35.3148 623.112
24.86 -35.1585 622.408
24.88 -35.0036 621.706
24.9 -34.8504 621.007
24.92 -34.6986 620.312
24.94 -34.5484 619.619
24.96 -34.3997 618.93
24.98 -34.2524 618.243
25 -34.1066 617.56
25.02 -33.9623 616.879
25.04 -33.8194 616.201
25.06 -33.6779 615.526
25.08 -33.5378 614.854
25.1 -33.3991 614.185
25.12 -33.2618 613.518
25.14 -33.1259 612.854
25.16 -32.9913 612.193
25.18 -32.858 611.535
25.2 -32.7261 610.879
25.22 -32.5955 610.226
25.24 -32.4662 609.575
25.26 -32.3382 608.927
25.28 -32.2114 608.282
25.3 -32.086 607.639
25.32 -31.9617 606.998
25.34 -31.8387 606.36
25.36 -31.7169 605.725
25.38 -31.5964 605.091
25.4 -31.477 604.461
25.42 -31.3588 603.832
25.44 -31.2418 603.206
25.46 -31.126 602.583
25.48 -31.0113 601.961
25.5 -30.8978 601.342
25.52 -30.7853 600.725
25.54 -30.674 600.111
25.56 -30.5639 599.498
25.58 -30.4548 598.888
25.6 -30.3468 598.28
25.62 -30.2398 597.674
25.64 -30.134 597.071
25.66 -30.0291 596.469
25.68 -29.9254 595.869
25.7 -29.8226 595.272
25.72 -29.7209 594.677
25.74 -29.6202 594.083
25.76 -29.5205 593.492
25.78 -29.4218 592.902
25.8 -29.3241 592.315
25.82 -29.2273 591.729
25.84 -29.1315 591.146
25.86 -29.0367 590.564
25.88 -28.9428 589.984
25.9 -28.8498 589.406
25.92 -28.7578 588.83
25.94 -28.6667 588.256
25.96 -28.5764 587.684
25.98 -28.4871 587.113
26 -28.3987 586.544
26.02 -28.3112 585.977
26.04 -28.2245 585.412
26.06 -28.1387 584.848
26.08 -28.0537 584.286
26.1 -27.9696 583.726
26.12 -27.8863 583.167
26.14 -27.8039 582.61
26.16 -27.7222 582.055
26.18 -27.6414 581.501
26.2 -27.5614 580.949
26.22 -27.4822 580.399
26.24 -27.4037 579.85
26.26 -27.3261 579.303
26.28 -27.2492 578.757
26.3 -27.1731 578.213
26.32 -27.0978 577.67
26.34 -27.0232 577.129
26.36 -26.9493 576.589
26.38 -26.8762 576.051
26.4 -26.8038 575.514
26.42 -26.7321 574.979
26.44 -26.6611 574.445
26.46 -26.5909 573.912
26.48 -26.5213 573.381
26.5 -26.4524 572.852
26.52 -26.3843 572.323
26.54 -26.3167 571.796
26.56 -26.2499 571.27
26.58 -26.1837 570.746
26.6 -26.1182 570.223
26.62 -26.0534 569.701
26.64 -25.9892 569.181
26.66 -25.9256 568.662
26.68 -25.8627 568.144
26.7 -25.8003 567.627
26.72 -25.7386 567.112
26.74 -25.6776 566.598
26.76 -25.6171 566.085
26.78 -25.5572 565.573
26.8 -25.4979 565.063
26.82 -25.4393 564.553
26.84 -25.3812 564.045
26.86 -25.3236 563.538
26.88 -25.2667 563.032
26.9 -25.2103 562.527
26.92 -25.1545 562.024
26.94 -25.0992 561.521
26.96 -25.0445 561.02
26.98 -24.9903 560.519
27 -24.9367 560.02
27.02 -24.8836 559.522
27.04 -24.831 559.025
27.06 -24.779 558.529
27.08 -24.7274 558.034
27.1 -24.6764 557.539
27.12 -24.6259 557.046
27.14 -24.5759 556.554
27.16 -24.5264 556.063
27.18 -24.4774 555.573
27.2 -24.4288 555.084
27.22 -24.3808 554.596
27.24 -24.3332 554.109
27.26 -24.2861 553.623
27.28 -24.2395 553.138
27.3 -24.1933 552.653
27.32 -24.1476 552.17
27.34 -24.1024 551.687
27.36 -24.0576 551.206
27.38 -24.0132 550.725
27.4 -23.9693 550.245
27.42 -23.9258 549.766
27.44 -23.8828 549.288
27.46 -23.8402 548.811
27.48 -23.798 548.335
27.5 -23.7562 547.859
27.52 -23.7149 547.384
27.54 -23.6739 546.91
27.56 -23.6334 546.437
27.58 -23.5932 545.965
27.6 -23.5535 545.494
27.62 -23.5142 545.023
27.64 -23.4752 544.553
27.66 -23.4367 544.084
27.68 -23.3985 543.616
27.7 -23.3607 543.148
27.72 -23.3233 542.681
27.74 -23.2862 542.215
27.76 -23.2496 541.75
27.78 -23.2132 541.285
27.8 -23.1773 540.821
27.82 -23.1417 540.358
27.84 -23.1065 539.896
27.86 -23.0716 539.434
27.88 -23.037 538.973
27.9 -23.0028 538.512
27.92 -22.969 538.053
27.94 -22.9354 537.594
27.96 -22.9023 537.135
27.98 -22.8694 536.677
28 -22.8369 536.22
28.02 -22.8047 535.764
28.04 -22.7728 535.308
28.06 -22.7412 534.853
28.08 -22.7099 534.399
28.1 -22.679 533.945
28.12 -22.6484 533.491
28.14 -22.618 533.039
28.16 -22.588 532.587
28.18 -22.5583 532.135
28.2 -22.5288 531.684
28.22 -22.4997 531.234
28.24 -22.4708 530.784
28.26 -22.4423 530.335
28.28 -22.414 529.887
28.3 -22.386 529.439
28.32 -22.3583 528.991
28.34 -22.3308 528.544
28.36 -22.3037 528.098
28.38 -22.2768 527.652
28.4 -22.2501 527.207
28.42 -22.2237 526.762
28.44 -22.1976 526.318
28.46 -22.1718 525.874
28.48 -22.1462 525.431
28.5 -22.1209 524.988
28.52 -22.0958 524.546
28.54 -22.071 524.105
28.56 -22.0464 523.663
28.58 -22.022 523.223
28.6 -21.9979 522.783
28.62 -21.9741 522.343
28.64 -21.9504 521.904
28.66 -21.9271 521.465
28.68 -21.9039 521.026
28.7 -21.881 520.589
28.72 -21.8583 520.151
28.74 -21.8358 519.714
28.76 -21.8136 519.278
28.78 -21.7915 518.842
28.8 -21.7697 518.406
28.82 -21.7481 517.971
28.84 -21.7268 517.536
28.86 -21.7056 517.102
28.88 -21.6847 516.668
28.9 -21.6639 516.234
28.92 -21.6434 515.801
28.94 -21.623 515.369
28.96 -21.6029 514.936
28.98 -21.583 514.505
29 -21.5633 514.073
29.02 -21.5437 513.642
29.04 -21.5244 513.211
29.06 -21.5052 512.781
29.08 -21.4863 512.351
29.1 -21.4675 511.922
29.12 -21.4489 511.493
29.14 -21.4305 511.064
29.16 -21.4123 510.635
29.18 -21.3943 510.207
29.2 -21.3764 509.78
29.22 -21.3588 509.352
29.24 -21.3413 508.925
29.26 -21.3239 508.499
29.28 -21.3068 508.072
29.3 -21.2898 507.646
29.32 -21.273 507.221
29.34 -21.2563 506.795
29.36 -21.2398 506.37
29.38 -21.2235 505.946
29.4 -21.2074 505.521
29.42 -21.1914 505.097
29.44 -21.1755 504.674
29.46 -21.1599 504.25
29.48 -21.1444 503.827
29.5 -21.129 503.405
29.52 -21.1138 502.982
29.54 -21.0987 502.56
29.56 -21.0838 502.138
29.58 -21.069 501.717
29.6 -21.0544 501.295
29.62 -21.0399 500.875
29.64 -21.0256 500.454
29.66 -21.0114 500.034
29.68 -20.9974 499.613
29.7 -20.9835 499.194
29.72 -20.9697 498.774
29.74 -20.9561 498.355
29.76 -20.9426 497.936
29.78 -20.9292 497.517
29.8 -20.916 497.099
29.82 -20.9029 496.68
29.84 -20.89 496.263
29.86 -20.8771 495.845
29.88 -20.8644 495.427
29.9 -20.8518 495.01
29.92 -20.8394 494.593
29.94 -20.827 494.177
29.96 -20.8148 493.76
29.98 -20.8027 493.344
30 -20.7908 492.928
30.02 -20.7789 492.513
30.04 -20.7672 492.097
30.06 -20.7556 491.682
30.08 -20.7441 491.267
30.1 -20.7327 490.852
30.12 -20.7214 490.438
30.14 -20.7103 490.023
30.16 -20.6992 489.609
30.18 -20.6883 489.195
30.2 -20.6775 488.782
30.22 -20.6667 488.368
30.24 -20.6561 487.955
30.26 -20.6456 487.542
30.28 -20.6352 487.129
30.3 -20.6249 486.716
30.32 -20.6147 486.304
30.34 -20.6046 485.892
30.36 -20.5946 485.48
30.38 -20.5847 485.068
30.4 -20.5749 484.657
30.42 -20.5652 484.245
30.44 -20.5556 483.834
30.46 -20.5461 483.423
30.48 -20.5367 483.012
30.5 -20.5274 482.601
30.52 -20.5181 482.191
30.54 -20.509 481.781
30.56 -20.5 481.371
30.58 -20.491 480.961
30.6 -20.4821 480.551
30.62 -20.4734 480.141
30.64 -20.4647 479.732
30.66 -20.4561 479.323
30.68 -20.4476 478.914
30.7 -20.4391 478.505
30.72 -20.4308 478.096
30.74 -20.4225 477.688
30.76 -20.4143 477.279
30.78 -20.4062 476.871
30.8 -20.3982 476.463
30.82 -20.3903 476.055
30.84 -20.3824 475.647
30.86 -20.3746 475.24
30.88 -20.3669 474.832
30.9 -20.3593 474.425
30.92 -20.3517 474.018
30.94 -20.3442 473.611
30.96 -20.3368 473.204
30.98 -20.3295 472.798
31 -20.3222 472.391
31.02 -20.3151 471.985
31.04 -20.3079 471.579
31.06 -20.3009 471.172
31.08 -20.2939 470.767
31.1 -20.287 470.361
31.12 -20.2802 469.955
31.14 -20.2734 469.549
31.16 -20.2667 469.144
31.18 -20.2601 468.739
31.2 -20.2535 468.334
31.22 -20.247 467.929
31.24 -20.2406 467.524
31.26 -20.2342 467.119
31.28 -20.2279 466.714
31.3 -20.2216 466.31
31.32 -20.2155 465.906
31.34 -20.2093 465.501
31.36 -20.2033 465.097
31.38 -20.1973 464.693
31.4 -20.1913 464.289
31.42 -20.1854 463.886
31.44 -20.1796 463.482
31.46 -20.1738 463.078
31.48 -20.1681 462.675
31.5 -20.1625 462.272
31.52 -20.1569 461.868
31.54 -20.1513 461.465
31.56 -20.1459 461.062
31.58 -20.1404 460.66
31.6 -20.135 460.257
31.62 -20.1297 459.854
31.64 -20.1245 459.452
31.66 -20.1192 459.049
31.68 -20.1141 458.647
31.7 -20.109 458.245
31.72 -20.1039 457.842
31.74 -20.0989 457.44
31.76 -20.0939 457.038
31.78 -20.089 456.637
31.8 -20.0841 456.235
31.82 -20.0793 455.833
31.84 -20.0745 455.432
31.86 -20.0698 455.03
31.88 -20.0651 454.629
31.9 -20.0605 454.228
31.92 -20.0559 453.827
31.94 -20.0514 453.425
31.96 -20.0469 453.024
31.98 -20.0425 452.624
32 -20.0381 452.223
32.02 -20.0337 451.822
32.04 -20.0294 451.421
32.06 -20.0251 451.021
32.08 -20.0209 450.62
32.1 -20.0167 450.22
32.12 -20.0126 449.82
32.14 -20.0084 449.42
32.16 -20.0044 449.019
32.18 -20.0004 448.619
32.2 -19.9964 448.219
32.22 -19.9924 447.82
32.24 -19.9885 447.42
32.26 -19.9847 447.02
32.28 -19.9808 446.62
32.3 -19.977 446.221
32.32 -19.9733 445.821
32.34 -19.9696 445.422
32.36 -19.9659 445.022
32.38 -19.9623 444.623
32.4 -19.9587 444.224
32.42 -19.9551 443.825
32.44 -19.9516 443.426
32.46 -19.9481 443.027
32.48 -19.9446 442.628
32.5 -19.9412 442.229
32.52 -19.9378 441.83
32.54 -19.9344 441.431
32.56 -19.9311 441.033
32.58 -19.9278 440.634
32.6 -19.9245 440.236
32.62 -19.9213 439.837
32.64 -19.9181 439.439
32.66 -19.9149 439.041
32.68 -19.9118 438.642
32.7 -19.9087 438.244
32.72 -19.9056 437.846
32.74 -19.9026 437.448
32.76 -19.8996 437.05
32.78 -19.8966 436.652
32.8 -19.8936 436.254
32.82 -19.8907 435.856
32.84 -19.8878 435.458
32.86 -19.885 435.061
32.88 -19.8821 434.663
32.9 -19.8793 434.265
32.92 -19.8765 433.868
32.94 -19.8738 433.47
32.96 -19.8711 433.073
32.98 -19.8684 432.675
33 -19.8657 432.278
33.02 -19.8631 431.881
33.04 -19.8604 431.484
33.06 -19.8578 431.086
33.08 -19.8553 430.689
33.1 -19.8527 430.292
33.12 -19.8502 429.895
33.14 -19.8477 429.498
33.16 -19.8453 429.101
33.18 -19.8428 428.704
33.2 -19.8404 428.307
33.22 -19.838 427.911
33.24 -19.8357 427.514
33.26 -19.8333 427.117
33.28 -19.831 426.721
33.3 -19.8287 426.324
33.32 -19.8264 425.927
33.34 -19.8242 425.531
33.36 -19.8219 425.135
33.38 -19.8197 424.738
33.4 -19.8175 424.342
33.42 -19.8154 423.945
33.44 -19.8132 423.549
33.46 -19.8111 423.153
33.48 -19.809 422.757
33.5 -19.8069 422.361
33.52 -19.8049 421.964
33.54 -19.8028 421.568
33.56 -19.8008 421.172
33.58 -19.7988 420.776
33.6 -19.7968 420.38
33.62 -19.7949 419.984
33.64 -19.7929 419.589
33.66 -19.791 419.193
33.68 -19.7891 418.797
33.7 -19.7872 418.401
33.72 -19.7854 418.005
33.74 -19.7835 417.61
33.76 -19.7817 417.214
33.78 -19.7799 416.818
33.8 -19.7781 416.423
33.82 -19.7763 416.027
33.84 -19.7746 415.632
33.86 -19.7728 415.236
33.88 -19.7711 414.841
33.9 -19.7694 414.445
33.92 -19.7677 414.05
33.94 -19.7661 413.655
33.96 -19.7644 413.259
33.98 -19.7628 412.864
34 -19.7612 412.469
34.02 -19.7596 412.074
34.04 -19.758 411.679
34.06 -19.7564 411.283
34.08 -19.7548 410.888
34.1 -19.7533 410.493
34.12 -19.7518 410.098
34.14 -19.7503 409.703
34.16 -19.7488 409.308
34.18 -19.7473 408.913
34.2 -19.7458 408.518
34.22 -19.7444 408.123
34.24 -19.7429 407.729
34.26 -19.7415 407.334
34.28 -19.7401 406.939
34.3 -19.7387 406.544
34.32 -19.7373 406.149
34.34 -19.736 405.755
34.36 -19.7346 405.36
34.38 -19.7333 404.965
34.4 -19.7319 404.571
34.42 -19.7306 404.176
34.44 -19.7293 403.781
34.46 -19.728 403.387
34.48 -19.7268 402.992
34.5 -19.7255 402.598
34.52 -19.7243 402.203
34.54 -19.723 401.809
34.56 -19.7218 401.414
34.58 -19.7206 401.02
34.6 -19.7194 400.625
34.62 -19.7182 400.231
34.64 -19.717 399.837
34.66 -19.7159 399.442
34.68 -19.7147 399.048
34.7 -19.7136 398.654
34.72 -19.7124 398.26
34.74 -19.7113 397.865
34.76 -19.7102 397.471
34.78 -19.7091 397.077
34.8 -19.708 396.683
34.82 -19.7069 396.289
34.84 -19.7059 395.894
34.86 -19.7048 395.5
34.88 -19.7038 395.106
34.9 -19.7028 394.712
34.92 -19.7017 394.318
34.94 -19.7007 393.924
34.96 -19.6997 393.53
34.98 -19.6987 393.136
35 -19.6977 392.742
35.02 -19.6968 392.348
35.04 -19.6958 391.954
35.06 -19.6949 391.56
35.08 -19.6939 391.166
35.1 -19.693 390.773
35.12 -19.6921 390.379
35.14 -19.6911 389.985
35.16 -19.6902 389.591
35.18 -19.6893 389.197
35.2 -19.6884 388.804
35.22 -19.6876 388.41
35.24 -19.6867 388.016
35.26 -19.6858 387.622
35.28 -19.685 387.229
35.3 -19.6841 386.835
35.32 -19.6833 386.441
35.34 -19.6825 386.048
35.36 -19.6816 385.654
35.38 -19.6808 385.26
35.4 -19.68 384.867
35.42 -19.6792 384.473
35.44 -19.6784 384.08
35.46 -19.6777 383.686
35.48 -19.6769 383.292
35.5 -19.6761 382.899
35.52 -19.6754 382.505
35.54 -19.6746 382.112
35.56 -19.6739 381.718
35.58 -19.6731 381.325
35.6 -19.6724 380.931
35.62 -19.6717 380.538
35.64 -19.671 380.145
35.66 -19.6703 379.751
35.68 -19.6696 379.358
35.7 -19.6689 378.964
35.72 -19.6682 378.571
35.74 -19.6675 378.178
35.76 -19.6668 377.784
35.78 -19.6662 377.391
35.8 -19.6655 376.998
35.82 -19.6649 376.604
35.84 -19.6642 376.211
35.86 -19.6636 375.818
35.88 -19.663 375.425
35.9 -19.6623 375.031
35.92 -19.6617 374.638
35.94 -19.6611 374.245
35.96 -19.6605 373.852
35.98 -19.6599 373.458
36 -19.6593 373.065
36.02 -19.6587 372.672
36.04 -19.6581 372.279
36.06 -19.6575 371.886
36.08 -19.657 371.493
36.1 -19.6564 371.099
36.12 -19.6558 370.706
36.14 -19.6553 370.313
36.16 -19.6547 369.92
36.18 -19.6542 369.527
36.2 -19.6536 369.134
36.22 -19.6531 368.741
36.24 -19.6526 368.348
36.26 -19.6521 367.955
36.28 -19.6515 367.562
36.3 -19.651 367.169
36.32 -19.6505 366.776
36.34 -19.65 366.383
36.36 -19.6495 365.99
36.38 -19.649 365.597
36.4 -19.6485 365.204
36.42 -19.6481 364.811
36.44 -19.6476 364.418
36.46 -19.6471 364.025
36.48 -19.6466 363.632
36.5 -19.6462 363.239
36.52 -19.6457 362.846
36.54 -19.6453 362.453
36.56 -19.6448 362.06
36.58 -19.6444 361.667
36.6 -19.6439 361.275
36.62 -19.6435 360.882
36.64 -19.643 360.489
36.66 -19.6426 360.096
36.68 -19.6422 359.703
36.7 -19.6418 359.31
36.72 -19.6414 358.917
36.74 -19.641 358.525
36.76 -19.6405 358.132
36.78 -19.6401 357.739
36.8 -19.6397 357.346
36.82 -19.6393 356.953
36.84 -19.639 356.561
36.86 -19.6386 356.168
36.88 -19.6382 355.775
36.9 -19.6378 355.382
36.92 -19.6374 354.99
36.94 -19.6371 354.597
36.96 -19.6367 354.204
36.98 -19.6363 353.811
37 -19.636 353.419
37.02 -19.6356 353.026
37.04 -19.6352 352.633
37.06 -19.6349 352.24
37.08 -19.6345 351.848
37.1 -19.6342 351.455
37.12 -19.6339 351.062
37.14 -19.6335 350.67
37.16 -19.6332 350.277
37.18 -19.6329 349.884
37.2 -19.6325 349.492
37.22 -19.6322 349.099
37.24 -19.6319 348.706
37.26 -19.6316 348.314
37.28 -19.6313 347.921
37.3 -19.6309 347.529
37.32 -19.6306 347.136
37.34 -19.6303 346.743
37.36 -19.63 346.351
37.38 -19.6297 345.958
37.4 -19.6294 345.566
37.42 -19.6291 345.173
37.44 -19.6289 344.78
37.46 -19.6286 344.388
37.48 -19.6283 343.995
37.5 -19.628 343.603
37.52 -19.6277 343.21
37.54 -19.6274 342.818
37.56 -19.6272 342.425
37.58 -19.6269 342.032
37.6 -19.6266 341.64
37.62 -19.6264 341.247
37.64 -19.6261 340.855
37.66 -19.6259 340.462
37.68 -19.6256 340.07
37.7 -19.6253 339.677
37.72 -19.6251 339.285
37.74 -19.6248 338.892
37.76 -19.6246 338.5
37.78 -19.6243 338.107
37.8 -19.6241 337.715
37.82 -19.6239 337.322
37.84 -19.6236 336.93
37.86 -19.6234 336.537
37.88 -19.6232 336.145
37.9 -19.6229 335.753
37.92 -19.6227 335.36
37.94 -19.6225 334.968
37.96 -19.6223 334.575
37.98 -19.622 334.183
38 -19.6218 333.79
38.02 -19.6216 333.398
38.04 -19.6214 333.005
38.06 -19.6212 332.613
38.08 -19.621 332.221
38.1 -19.6207 331.828
38.12 -19.6205 331.436
38.14 -19.6203 331.043
38.16 -19.6201 330.651
38.18 -19.6199 330.259
38.2 -19.6197 329.866
38.22 -19.6195 329.474
38.24 -19.6193 329.081
38.26 -19.6192 328.689
38.28 -19.619 328.297
38.3 -19.6188 327.904
38.32 -19.6186 327.512
38.34 -19.6184 327.119
38.36 -19.6182 326.727
38.38 -19.618 326.335
38.4 -19.6179 325.942
38.42 -19.6177 325.55
38.44 -19.6175 325.158
38.46 -19.6173 324.765
38.48 -19.6172 324.373
38.5 -19.617 323.981
38.52 -19.6168 323.588
38.54 -19.6166 323.196
38.56 -19.6165 322.804
38.58 -19.6163 322.411
38.6 -19.6162 322.019
38.62 -19.616 321.627
38.64 -19.6158 321.234
38.66 -19.6157 320.842
38.68 -19.6155 320.45
38.7 -19.6154 320.057
38.72 -19.6152 319.665
38.74 -19.6151 319.273
38.76 -19.6149 318.88
38.78 -19.6148 318.488
38.8 -19.6146 318.096
38.82 -19.6145 317.704
38.84 -19.6143 317.311
38.86 -19.6142 316.919
38.88 -19.614 316.527
38.9 -19.6139 316.134
38.92 -19.6138 315.742
38.94 -19.6136 315.35
38.96 -19.6135 314.958
38.98 -19.6134 314.565
39 -19.6132 314.173
39.02 -19.6131 313.781
39.04 -19.613 313.389
39.06 -19.6128 312.996
39.08 -19.6127 312.604
39.1 -19.6126 312.212
39.12 -19.6125 311.82
39.14 -19.6123 311.427
39.16 -19.6122 311.035
39.18 -19.6121 310.643
39.2 -19.612 310.251
39.22 -19.6119 309.858
39.24 -19.6117 309.466
39.26 -19.6116 309.074
39.28 -19.6115 308.682
39.3 -19.6114 308.289
39.32 -19.6113 307.897
39.34 -19.6112 307.505
39.36 -19.611 307.113
39.38 -19.6109 306.721
39.4 -19.6108 306.328
39.42 -19.6107 305.936
39.44 -19.6106 305.544
39.46 -19.6105 305.152
39.48 -19.6104 304.759
39.5 -19.6103 304.367
39.52 -19.6102 303.975
39.54 -19.6101 303.583
39.56 -19.61 303.191
39.58 -19.6099 302.798
39.6 -19.6098 302.406
39.62 -19.6097 302.014
39.64 -19.6096 301.622
39.66 -19.6095 301.23
39.68 -19.6094 300.837
39.7 -19.6093 300.445
39.72 -19.6092 300.053
39.74 -19.6091 299.661
39.76 -19.609 299.269
39.78 -19.609 298.877
39.8 -19.6089 298.484
39.82 -19.6088 298.092
39.84 -19.6087 297.7
39.86 -19.6086 297.308
39.88 -19.6085 296.916
39.9 -19.6084 296.524
39.92 -19.6084 296.131
39.94 -19.6083 295.739
39.96 -19.6082 295.347
39.98 -19.6081 294.955
40 -19.608 294.563
40.02 -19.6079 294.171
40.04 -19.6079 293.778
40.06 -19.6078 293.386
40.08 -19.6077 292.994
40.1 -19.6076 292.602
40.12 -19.6076 292.21
40.14 -19.6075 291.818
40.16 -19.6074 291.425
40.18 -19.6073 291.033
40.2 -19.6073 290.641
40.22 -19.6072 290.249
40.24 -19.6071 289.857
40.26 -19.607 289.465
40.28 -19.607 289.073
40.3 -19.6069 288.68
40.32 -19.6068 288.288
40.34 -19.6068 287.896
40.36 -19.6067 287.504
40.38 -19.6066 287.112
40.4 -19.6066 286.72
40.42 -19.6065 286.328
40.44 -19.6064 285.936
40.46 -19.6064 285.543
40.48 -19.6063 285.151
40.5 -19.6062 284.759
40.52 -19.6062 284.367
40.54 -19.6061 283.975
40.56 -19.6061 283.583
40.58 -19.606 283.191
40.6 -19.6059 282.799
40.62 -19.6059 282.406
40.64 -19.6058 282.014
40.66 -19.6058 281.622
40.68 -19.6057 281.23
40.7 -19.6057 280.838
40.72 -19.6056 280.446
40.74 -19.6055 280.054
40.76 -19.6055 279.662
40.78 -19.6054 279.27
40.8 -19.6054 278.877
40.82 -19.6053 278.485
40.84 -19.6053 278.093
40.86 -19.6052 277.701
40.88 -19.6052 277.309
40.9 -19.6051 276.917
40.92 -19.6051 276.525
40.94 -19.605 276.133
40.96 -19.605 275.741
40.98 -19.6049 275.348
41 -19.6049 274.956
41.02 -19.6048 274.564
41.04 -19.6048 274.172
41.06 -19.6047 273.78
41.08 -19.6047 273.388
41.1 -19.6046 272.996
41.12 -19.6046 272.604
41.14 -19.6045 272.212
41.16 -19.6045 271.82
41.18 -19.6044 271.428
41.2 -19.6044 271.035
41.22 -19.6044 270.643
41.24 -19.6043 270.251
41.26 -19.6043 269.859
41.28 -19.6042 269.467
41.3 -19.6042 269.075
41.32 -19.6041 268.683
41.34 -19.6041 268.291
41.36 -19.6041 267.899
41.38 -19.604 267.507
41.4 -19.604 267.115
41.42 -19.6039 266.723
41.44 -19.6039 266.33
41.46 -19.6039 265.938
41.48 -19.6038 265.546
41.5 -19.6038 265.154
41.52 -19.6038 264.762
41.54 -19.6037 264.37
41.56 -19.6037 263.978
41.58 -19.6036 263.586
41.6 -19.6036 263.194
41.62 -19.6036 262.802
41.64 -19.6035 262.41
41.66 -19.6035 262.018
41.68 -19.6035 261.626
41.7 -19.6034 261.234
41.72 -19.6034 260.841
41.74 -19.6034 260.449
41.76 -19.6033 260.057
41.78 -19.6033 259.665
41.8 -19.6033 259.273
41.82 -19.6032 258.881
41.84 -19.6032 258.489
41.86 -19.6032 258.097
41.88 -19.6031 257.705
41.9 -19.6031 257.313
41.92 -19.6031 256.921
41.94 -19.603 256.529
41.96 -19.603 256.137
41.98 -19.603 255.745
42 -19.603 255.353
42.02 -19.6029 254.961
42.04 -19.6029 254.568
42.06 -19.6029 254.176
42.08 -19.6028 253.784
42.1 -19.6028 253.392
42.12 -19.6028 253
42.14 -19.6028 252.608
42.16 -19.6027 252.216
42.18 -19.6027 251.824
42.2 -19.6027 251.432
42.22 -19.6026 251.04
42.24 -19.6026 250.648
42.26 -19.6026 250.256
42.28 -19.6026 249.864
42.3 -19.6025 249.472
42.32 -19.6025 249.08
42.34 -19.6025 248.688
42.36 -19.6025 248.296
42.38 -19.6024 247.904
42.4 -19.6024 247.511
42.42 -19.6024 247.119
42.44 -19.6024 246.727
42.46 -19.6023 246.335
42.48 -19.6023 245.943
42.5 -19.6023 245.551
42.52 -19.6023 245.159
42.54 -19.6023 244.767
42.56 -19.6022 244.375
42.58 -19.6022 243.983
42.6 -19.6022 243.591
42.62 -19.6022 243.199
42.64 -19.6021 242.807
42.66 -19.6021 242.415
42.68 -19.6021 242.023
42.7 -19.6021 241.631
42.72 -19.6021 241.239
42.74 -19.602 240.847
42.76 -19.602 240.455
42.78 -19.602 240.063
42.8 -19.602 239.671
42.82 -19.602 239.279
42.84 -19.6019 238.887
42.86 -19.6019 238.495
42.88 -19.6019 238.102
42.9 -19.6019 237.71
42.92 -19.6019 237.318
42.94 -19.6018 236.926
42.96 -19.6018 236.534
42.98 -19.6018 236.142
43 -19.6018 235.75
43.02 -19.6018 235.358
43.04 -19.6018 234.966
43.06 -19.6017 234.574
43.08 -19.6017 234.182
43.1 -19.6017 233.79
43.12 -19.6017 233.398
43.14 -19.6017 233.006
43.16 -19.6017 232.614
43.18 -19.6016 232.222
43.2 -19.6016 231.83
43.22 -19.6016 231.438
43.24 -19.6016 231.046
43.26 -19.6016 230.654
43.28 -19.6016 230.262
43.3 -19.6015 229.87
43.32 -19.6015 229.478
43.34 -19.6015 229.086
43.36 -19.6015 228.694
43.38 -19.6015 228.302
43.4 -19.6015 227.91
43.42 -19.6015 227.518
43.44 -19.6014 227.126
43.46 -19.6014 226.734
43.48 -19.6014 226.341
43.5 -19.6014 225.949
43.52 -19.6014 225.557
43.54 -19.6014 225.165
43.56 -19.6014 224.773
43.58 -19.6013 224.381
43.6 -19.6013 223.989
43.62 -19.6013 223.597
43.64 -19.6013 223.205
43.66 -19.6013 222.813
43.68 -19.6013 222.421
43.7 -19.6013 222.029
43.72 -19.6012 221.637
43.74 -19.6012 221.245
43.76 -19.6012 220.853
43.78 -19.6012 220.461
43.8 -19.6012 220.069
43.82 -19.6012 219.677
43.84 -19.6012 219.285
43.86 -19.6012 218.893
43.88 -19.6012 218.501
43.9 -19.6011 218.109
43.92 -19.6011 217.717
43.94 -19.6011 217.325
43.96 -19.6011 216.933
43.98 -19.6011 216.541
44 -19.6011 216.149
44.02 -19.6011 215.757
44.04 -19.6011 215.365
44.06 -19.6011 214.973
44.08 -19.601 214.581
44.1 -19.601 214.189
44.12 -19.601 213.797
44.14 -19.601 213.405
44.16 -19.601 213.013
44.18 -19.601 212.621
44.2 -19.601 212.229
44.22 -19.601 211.837
44.24 -19.601 211.445
44.26 -19.601 211.053
44.28 -19.6009 210.661
44.3 -19.6009 210.269
44.32 -19.6009 209.877
44.34 -19.6009 209.484
44.36 -19.6009 209.092
44.38 -19.6009 208.7
44.4 -19.6009 208.308
44.42 -19.6009 207.916
44.44 -19.6009 207.524
44.46 -19.6009 207.132
44.48 -19.6009 206.74
44.5 -19.6008 206.348
44.52 -19.6008 205.956
44.54 -19.6008 205.564
44.56 -19.6008 205.172
44.58 -19.6008 204.78
44.6 -19.6008 204.388
44.62 -19.6008 203.996
44.64 -19.6008 203.604
44.66 -19.6008 203.212
44.68 -19.6008 202.82
44.7 -19.6008 202.428
44.72 -19.6008 202.036
44.74 -19.6008 201.644
44.76 -19.6007 201.252
44.78 -19.6007 200.86
44.8 -19.6007 200.468
44.82 -19.6007 200.076
44.84 -19.6007 199.684
44.86 -19.6007 199.292
44.88 -19.6007 198.9
44.9 -19.6007 198.508
44.92 -19.6007 198.116
44.94 -19.6007 197.724
44.96 -19.6007 197.332
44.98 -19.6007 196.94
45 -19.6007 196.548
45.02 -19.6007 196.156
45.04 -19.6006 195.764
45.06 -19.6006 195.372
45.08 -19.6006 194.98
45.1 -19.6006 194.588
45.12 -19.6006 194.196
45.14 -19.6006 193.804
45.16 -19.6006 193.412
45.18 -19.6006 193.02
45.2 -19.6006 192.628
45.22 -19.6006 192.236
45.24 -19.6006 191.844
45.26 -19.6006 191.452
45.28 -19.6006 191.06
45.3 -19.6006 190.668
45.32 -19.6006 190.276
45.34 -19.6006 189.884
45.36 -19.6006 189.492
45.38 -19.6005 189.1
45.4 -19.6005 188.708
45.42 -19.6005 188.316
45.44 -19.6005 187.924
45.46 -19.6005 187.532
45.48 -19.6005 187.14
45.5 -19.6005 186.748
45.52 -19.6005 186.356
45.54 -19.6005 185.964
45.56 -19.6005 185.572
45.58 -19.6005 185.18
45.6 -19.6005 184.788
45.62 -19.6005 184.396
45.64 -19.6005 184.004
45.66 -19.6005 183.612
45.68 -19.6005 183.22
45.7 -19.6005 182.828
45.72 -19.6005 182.436
45.74 -19.6005 182.044
45.76 -19.6005 181.652
45.78 -19.6004 181.26
45.8 -19.6004 180.868
45.82 -19.6004 180.476
45.84 -19.6004 180.084
45.86 -19.6004 179.692
45.88 -19.6004 179.3
45.9 -19.6004 178.908
45.92 -19.6004 178.515
45.94 -19.6004 178.123
45.96 -19.6004 177.731
45.98 -19.6004 177.339
46 -19.6004 176.947
46.02 -19.6004 176.555
46.04 -19.6004 176.163
46.06 -19.6004 175.771
46.08 -19.6004 175.379
46.1 -19.6004 174.987
46.12 -19.6004 174.595
46.14 -19.6004 174.203
46.16 -19.6004 173.811
46.18 -19.6004 173.419
46.2 -19.6004 173.027
46.22 -19.6004 172.635
46.24 -19.6004 172.243
46.26 -19.6004 171.851
46.28 -19.6003 171.459
46.3 -19.6003 171.067
46.32 -19.6003 170.675
46.34 -19.6003 170.283
46.36 -19.6003 169.891
46.38 -19.6003 169.499
46.4 -19.6003 169.107
46.42 -19.6003 168.715
46.44 -19.6003 168.323
46.46 -19.6003 167.931
46.48 -19.6003 167.539
46.5 -19.6003 167.147
46.52 -19.6003 166.755
46.54 -19.6003 166.363
46.56 -19.6003 165.971
46.58 -19.6003 165.579
46.6 -19.6003 165.187
46.62 -19.6003 164.795
46.64 -19.6003 164.403
46.66 -19.6003 164.011
46.68 -19.6003 163.619
46.7 -19.6003 163.227
46.72 -19.6003 162.835
46.74 -19.6003 162.443
46.76 -19.6003 162.051
46.78 -19.6003 161.659
46.8 -19.6003 161.267
46.82 -19.6003 160.875
46.84 -19.6003 160.483
46.86 -19.6003 160.091
46.88 -19.6003 159.699
46.9 -19.6003 159.307
46.92 -19.6003 158.915
46.94 -19.6002 158.523
46.96 -19.6002 158.131
46.98 -19.6002 157.739
47 -19.6002 157.347
47.02 -19.6002 156.955
47.04 -19.6002 156.563
47.06 -19.6002 156.171
47.08 -19.6002 155.779
47.1 -19.6002 155.387
47.12 -19.6002 154.995
47.14 -19.6002 154.603
47.16 -19.6002 154.211
47.18 -19.6002 153.819
47.2 -19.6002 153.427
47.22 -19.6002 153.035
47.24 -19.6002 152.643
47.26 -19.6002 152.251
47.28 -19.6002 151.859
47.3 -19.6002 151.467
47.32 -19.6002 151.075
47.34 -19.6002 150.683
47.36 -19.6002 150.291
47.38 -19.6002 149.899
47.4 -19.6002 149.507
47.42 -19.6002 149.115
47.44 -19.6002 148.723
47.46 -19.6002 148.331
47.48 -19.6002 147.939
47.5 -19.6002 147.547
47.52 -19.6002 147.155
47.54 -19.6002 146.763
47.56 -19.6002 146.371
47.58 -19.6002 145.979
47.6 -19.6002 145.587
47.62 -19.6002 145.195
47.64 -19.6002 144.803
47.66 -19.6002 144.411
47.68 -19.6002 144.019
47.7 -19.6002 143.627
47.72 -19.6002 143.235
47.74 -19.6002 142.843
47.76 -19.6002 142.451
47.78 -19.6002 142.059
47.8 -19.6002 141.667
47.82 -19.6002 141.275
47.84 -19.6002 140.883
47.86 -19.6002 140.491
47.88 -19.6002 140.099
47.9 -19.6002 139.707
47.92 -19.6002 139.315
47.94 -19.6002 138.923
47.96 -19.6001 138.531
47.98 -19.6001 138.139
48 -19.6001 137.747
48.02 -19.6001 137.355
48.04 -19.6001 136.963
48.06 -19.6001 136.571
48.08 -19.6001 136.179
48.1 -19.6001 135.787
48.12 -19.6001 135.395
48.14 -19.6001 135.003
48.16 -19.6001 134.611
48.18 -19.6001 134.219
48.2 -19.6001 133.827
48.22 -19.6001 133.435
48.24 -19.6001 133.043
48.26 -19.6001 132.651
48.28 -19.6001 132.259
48.3 -19.6001 131.867
48.32 -19.6001 131.475
48.34 -19.6001 131.083
48.36 -19.6001 130.691
48.38 -19.6001 130.299
48.4 -19.6001 129.907
48.42 -19.6001 129.515
48.44 -19.6001 129.123
48.46 -19.6001 128.731
48.48 -19.6001 128.339
48.5 -19.6001 127.947
48.52 -19.6001 127.555
48.54 -19.6001 127.163
48.56 -19.6001 126.771
48.58 -19.6001 126.379
48.6 -19.6001 125.987
48.62 -19.6001 125.595
48.64 -19.6001 125.203
48.66 -19.6001 124.811
48.68 -19.6001 124.419
48.7 -19.6001 124.027
48.72 -19.6001 123.635
48.74 -19.6001 123.243
48.76 -19.6001 122.851
48.78 -19.6001 122.459
48.8 -19.6001 122.067
48.82 -19.6001 121.675
48.84 -19.6001 121.283
48.86 -19.6001 120.891
48.88 -19.6001 120.499
48.9 -19.6001 120.107
48.92 -19.6001 119.715
48.94 -19.6001 119.323
48.96 -19.6001 118.931
48.98 -19.6001 118.539
49 -19.6001 118.147
49.02 -19.6001 117.755
49.04 -19.6001 117.363
49.06 -19.6001 116.971
49.08 -19.6001 116.579
49.1 -19.6001 116.187
49.12 -19.6001 115.795
49.14 -19.6001 115.403
49.16 -19.6001 115.011
49.18 -19.6001 114.619
49.2 -19.6001 114.227
49.22 -19.6001 113.835
49.24 -19.6001 113.443
49.26 -19.6001 113.051
49.28 -19.6001 112.659
49.3 -19.6001 112.267
49.32 -19.6001 111.875
49.34 -19.6001 111.483
49.36 -19.6001 111.091
49.38 -19.6001 110.699
49.4 -19.6001 110.307
49.42 -19.6001 109.915
49.44 -19.6001 109.523
49.46 -19.6001 109.131
49.48 -19.6001 108.739
49.5 -19.6001 108.347
49.52 -19.6001 107.955
49.54 -19.6001 107.563
49.56 -19.6001 107.171
49.58 -19.6001 106.779
49.6 -19.6001 106.387
49.62 -19.6001 105.995
49.64 -19.6001 105.603
49.66 -19.6001 105.211
49.68 -19.6001 104.819
49.7 -19.6001 104.427
49.72 -19.6001 104.035
49.74 -19.6001 103.643
49.76 -19.6001 103.251
49.78 -19.6001 102.859
49.8 -19.6001 102.467
49.82 -19.6001 102.075
49.84 -19.6001 101.683
49.86 -19.6001 101.291
49.88 -19.6001 100.899
49.9 -19.6001 100.507
49.92 -19.6001 100.115
49.94 -19.6001 99.7228
49.96 -19.6001 99.3308
49.98 -19.6001 98.9388
50 -19.6001 98.5468
50.02 -19.6001 98.1548
50.04 -19.6001 97.7628
50.06 -19.6001 97.3708
50.08 -19.6001 96.9788
50.1 -19.6001 96.5868
50.12 -19.6001 96.1948
50.14 -19.6001 95.8028
50.16 -19.6 95.4108
50.18 -19.6 95.0188
50.2 -19.6 94.6268
50.22 -19.6 94.2348
50.24 -19.6 93.8428
50.26 -19.6 93.4508
50.28 -19.6 93.0588
50.3 -19.6 92.6668
50.32 -19.6 92.2748
50.34 -19.6 91.8828
50.36 -19.6 91.4908
50.38 -19.6 91.0988
50.4 -19.6 90.7068
50.42 -19.6 90.3148
50.44 -19.6 89.9228
50.46 -19.6 89.5308
50.48 -19.6 89.1388
50.5 -19.6 88.7468
50.52 -19.6 88.3548
50.54 -19.6 87.9627
50.56 -19.6 87.5707
50.58 -19.6 87.1787
50.6 -19.6 86.7867
50.62 -19.6 86.3947
50.64 -19.6 86.0027
50.66 -19.6 85.6107
50.68 -19.6 85.2187
50.7 -19.6 84.8267
50.72 -19.6 84.4347
50.74 -19.6 84.0427
50.76 -19.6 83.6507
50.78 -19.6 83.2587
50.8 -19.6 82.8667
50.82 -19.6 82.4747
50.84 -19.6 82.0827
50.86 -19.6 81.6907
50.88 -19.6 81.2987
50.9 -19.6 80.9067
50.92 -19.6 80.5147
50.94 -19.6 80.1227
50.96 -19.6 79.7307
50.98 -19.6 79.3387
51 -19.6 78.9467
51.02 -19.6 78.5547
51.04 -19.6 78.1627
51.06 -19.6 77.7707
51.08 -19.6 77.3787
51.1 -19.6 76.9867
51.12 -19.6 76.5947
51.14 -19.6 76.2027
51.16 -19.6 75.8107
51.18 -19.6 75.4187
51.2 -19.6 75.0267
51.22 -19.6 74.6347
51.24 -19.6 74.2427
51.26 -19.6 73.8507
51.28 -19.6 73.4587
51.3 -19.6 73.0667
51.32 -19.6 72.6747
51.34 -19.6 72.2827
51.36 -19.6 71.8907
51.38 -19.6 71.4987
51.4 -19.6 71.1067
51.42 -19.6 70.7147
51.44 -19.6 70.3227
51.46 -19.6 69.9307
51.48 -19.6 69.5387
51.5 -19.6 69.1467
51.52 -19.6 68.7547
51.54 -19.6 68.3627
51.56 -19.6 67.9707
51.58 -19.6 67.5787
51.6 -19.6 67.1867
51.62 -19.6 66.7947
51.64 -19.6 66.4027
51.66 -19.6 66.0107
51.68 -19.6 65.6187
51.7 -19.6 65.2267
51.72 -19.6 64.8347
51.74 -19.6 64.4427
51.76 -19.6 64.0507
51.78 -19.6 63.6587
51.8 -19.6 63.2667
51.82 -19.6 62.8747
51.84 -19.6 62.4827
51.86 -19.6 62.0907
51.88 -19.6 61.6987
51.9 -19.6 61.3067
51.92 -19.6 60.9147
51.94 -19.6 60.5227
51.96 -19.6 60.1307
51.98 -19.6 59.7387
52 -19.6 59.3467
52.02 -19.6 58.9547
52.04 -19.6 58.5627
52.06 -19.6 58.1707
52.08 -19.6 57.7787
52.1 -19.6 57.3867
52.12 -19.6 56.9947
52.14 -19.6 56.6027
52.16 -19.6 56.2107
52.18 -19.6 55.8187
52.2 -19.6 55.4267
52.22 -19.6 55.0347
52.24 -19.6 54.6427
52.26 -19.6 54.2507
52.28 -19.6 53.8587
52.3 -19.6 53.4667
52.32 -19.6 53.0747
52.34 -19.6 52.6827
52.36 -19.6 52.2907
52.38 -19.6 51.8987
52.4 -19.6 51.5067
52.42 -19.6 51.1147
52.44 -19.6 50.7227
52.46 -19.6 50.3307
52.48 -19.6 49.9387
52.5 -19.6 49.5467
52.52 -19.6 49.1547
52.54 -19.6 48.7627
52.56 -19.6 48.3707
52.58 -19.6 47.9787
52.6 -19.6 47.5867
52.62 -19.6 47.1947
52.64 -19.6 46.8027
52.66 -19.6 46.4107
52.68 -19.6 46.0187
52.7 -19.6 45.6267
52.72 -19.6 45.2347
52.74 -19.6 44.8427
52.76 -19.6 44.4507
52.78 -19.6 44.0587
52.8 -19.6 43.6667
52.82 -19.6 43.2747
52.84 -19.6 42.8827
52.86 -19.6 42.4907
52.88 -19.6 42.0987
52.9 -19.6 41.7067
52.92 -19.6 41.3147
52.94 -19.6 40.9227
52.96 -19.6 40.5307
52.98 -19.6 40.1387
53 -19.6 39.7467
53.02 -19.6 39.3547
53.04 -19.6 38.9627
53.06 -19.6 38.5707
53.08 -19.6 38.1787
53.1 -19.6 37.7867
53.12 -19.6 37.3947
53.14 -19.6 37.0027
53.16 -19.6 36.6107
53.18 -19.6 36.2187
53.2 -19.6 35.8267
53.22 -19.6 35.4347
53.24 -19.6 35.0427
53.26 -19.6 34.6507
53.28 -19.6 34.2587
53.3 -19.6 33.8667
53.32 -19.6 33.4747
53.34 -19.6 33.0827
53.36 -19.6 32.6907
53.38 -19.6 32.2987
53.4 -19.6 31.9067
53.42 -19.6 31.5147
53.44 -19.6 31.1227
53.46 -19.6 30.7307
53.48 -19.6 30.3387
53.5 -19.6 29.9467
53.52 -19.6 29.5547
53.54 -19.6 29.1627
53.56 -19.6 28.7707
53.58 -19.6 28.3787
53.6 -19.6 27.9867
53.62 -19.6 27.5947
53.64 -19.6 27.2027
53.66 -19.6 26.8107
53.68 -19.6 26.4187
53.7 -19.6 26.0267
53.72 -19.6 25.6347
53.74 -19.6 25.2427
53.76 -19.6 24.8507
53.78 -19.6 24.4587
53.8 -19.6 24.0667
53.82 -19.6 23.6747
53.84 -19.6 23.2827
53.86 -19.6 22.8907
53.88 -19.6 22.4987
53.9 -19.6 22.1067
53.92 -19.6 21.7147
53.94 -19.6 21.3227
53.96 -19.6 20.9307
53.98 -19.6 20.5387
54 -19.6 20.1467
54.02 -19.6 19.7547
54.04 -19.6 19.3627
54.06 -19.6 18.9707
54.08 -19.6 18.5787
54.1 -19.6 18.1867
54.12 -19.6 17.7947
54.14 -19.6 17.4027
54.16 -19.6 17.0107
54.18 -19.6 16.6187
54.2 -19.6 16.2267
54.22 -19.6 15.8347
54.24 -19.6 15.4427
54.26 -19.6 15.0507
54.28 -19.6 14.6587
54.3 -19.6 14.2667
54.32 -19.6 13.8747
54.34 -19.6 13.4827
54.36 -19.6 13.0907
54.38 -19.6 12.6987
54.4 -19.6 12.3067
54.42 -19.6 11.9147
54.44 -19.6 11.5227
54.46 -19.6 11.1307
54.48 -19.6 10.7387
54.5 -19.6 10.3467
54.52 -19.6 9.95468
54.54 -19.6 9.56268
54.56 -19.6 9.17068
54.58 -19.6 8.77868
54.6 -19.6 8.38668
54.62 -19.6 7.99468
54.64 -19.6 7.60268
54.66 -19.6 7.21068
54.68 -19.6 6.81868
54.7 -19.6 6.42668
54.72 -19.6 6.03468
54.74 -19.6 5.64268
54.76 -19.6 5.25068
54.78 -19.6 4.85868
54.8 -19.6 4.46668
54.82 -19.6 4.07468
54.84 -19.6 3.68268
54.86 -19.6 3.29068
54.88 -19.6 2.89868
54.9 -19.6 2.50668
54.92 -19.6 2.11468
54.94 -19.6 1.72268
54.96 -19.6 1.33068
54.98 -19.6 0.938676
55 -19.6 0.546676
55.02 -19.6 0.154675
55.04 -19.6 -0.237325
55.06 0 0
55.08 0 0
55.1 0 0
55.12 0 0
55.14 0 0
55.16 0 0
55.18 0 0
55.2 0 0
55.22 0 0
55.24 0 0
55.26 0 0
55.28 0 0
55.3 0 0
55.32 0 0
55.34 0 0
55.36 0 0
55.38 0 0
55.4 0 0
55.42 0 0
55.44 0 0
55.46 0 0
55.48 0 0
55.5 0 0
55.52 0 0
55.54 0 0
55.56 0 0
55.58 0 0
55.6 0 0
55.62 0 0
55.64 0 0
55.66 0 0
55.68 0 0
55.7 0 0
55.72 0 0
55.74 0 0
55.76 0 0
55.78 0 0
55.8 0 0
55.82 0 0
55.84 0 0
55.86 0 0
55.88 0 0
55.9 0 0
55.92 0 0
55.94 0 0
55.96 0 0
55.98 0 0
56 0 0
56.02 0 0
56.04 0 0
56.06 0 0
56.08 0 0
56.1 0 0
56.12 0 0
56.14 0 0
56.16 0 0
56.18 0 0
56.2 0 0
56.22 0 0
56.24 0 0
56.26 0 0
56.28 0 0
56.3 0 0
56.32 0 0
56.34 0 0
56.36 0 0
56.38 0 0
56.4 0 0
56.42 0 0
56.44 0 0
56.46 0 0
56.48 0 0
56.5 0 0
56.52 0 0
56.54 0 0
56.56 0 0
56.58 0 0
56.6 0 0
56.62 0 0
56.64 0 0
56.66 0 0
56.68 0 0
56.7 0 0
56.72 0 0
56.74 0 0
56.76 0 0
56.78 0 0
56.8 0 0
56.82 0 0
56.84 0 0
56.86 0 0
56.88 0 0
56.9 0 0
56.92 0 0
56.94 0 0
56.96 0 0
56.98 0 0
57 0 0
57.02 0 0
57.04 0 0
57.06 0 0
57.08 0 0
57.1 0 0
57.12 0 0
57.14 0 0
57.16 0 0
57.18 0 0
57.2 0 0
57.22 0 0
57.24 0 0
57.26 0 0
57.28 0 0
57.3 0 0
57.32 0 0
57.34 0 0
57.36 0 0
57.38 0 0
57.4 0 0
57.42 0 0
57.44 0 0
57.46 0 0
57.48 0 0
57.5 0 0
57.52 0 0
57.54 0 0
57.56 0 0
57.58 0 0
57.6 0 0
57.62 0 0
57.64 0 0
57.66 0 0
57.68 0 0
57.7 0 0
57.72 0 0
57.74 0 0
57.76 0 0
57.78 0 0
57.8 0 0
57.82 0 0
57.84 0 0
57.86 0 0
57.88 0 0
57.9 0 0
57.92 0 0
57.94 0 0
57.96 0 0
57.98 0 0
58 0 0
58.02 0 0
58.04 0 0
58.06 0 0
58.08 0 0
58.1 0 0
58.12 0 0
58.14 0 0
58.16 0 0
58.18 0 0
58.2 0 0
58.22 0 0
58.24 0 0
58.26 0 0
58.28 0 0
58.3 0 0
58.32 0 0
58.34 0 0
58.36 0 0
58.38 0 0
58.4 0 0
58.42 0 0
58.44 0 0
58.46 0 0
58.48 0 0
58.5 0 0
58.52 0 0
58.54 0 0
58.56 0 0
58.58 0 0
58.6 0 0
58.62 0 0
58.64 0 0
58.66 0 0
58.68 0 0
58.7 0 0
58.72 0 0
58.74 0 0
58.76 0 0
58.78 0 0
58.8 0 0
58.82 0 0
58.84 0 0
58.86 0 0
58.88 0 0
58.9 0 0
58.92 0 0
58.94 0 0
58.96 0 0
58.98 0 0
59 0 0
59.02 0 0
59.04 0 0
59.06 0 0
59.08 0 0
59.1 0 0
59.12 0 0
59.14 0 0
59.16 0 0
59.18 0 0
59.2 0 0
59.22 0 0
59.24 0 0
59.26 0 0
59.28 0 0
59.3 0 0
59.32 0 0
59.34 0 0
59.36 0 0
59.38 0 0
59.4 0 0
59.42 0 0
59.44 0 0
59.46 0 0
59.48 0 0
59.5 0 0
59.52 0 0
59.54 0 0
59.56 0 0
59.58 0 0
59.6 0 0
59.62 0 0
59.64 0 0
59.66 0 0
59.68 0 0
59.7 0 0
59.72 0 0
59.74 0 0
59.76 0 0
59.78 0 0
59.8 0 0
59.82 0 0
59.84 0 0
59.86 0 0
59.88 0 0
59.9 0 0
59.92 0 0
59.94 0 0
59.96 0 0
59.98 0 0
60 0 0
60.02 0 0
60.04 0 0
60.06 0 0
60.08 0 0
60.1 0 0
60.12 0 0
60.14 0 0
60.16 0 0
60.18 0 0
60.2 0 0
60.22 0 0
60.24 0 0
60.26 0 0
60.28 0 0
60.3 0 0
60.32 0 0
60.34 0 0
60.36 0 0
60.38 0 0
60.4 0 0
60.42 0 0
60.44 0 0
60.46 0 0
60.48 0 0
60.5 0 0
60.52 0 0
60.54 0 0
60.56 0 0
60.58 0 0
60.6 0 0
60.62 0 0
60.64 0 0
60.66 0 0
60.68 0 0
60.7 0 0
60.72 0 0
60.74 0 0
60.76 0 0
60.78 0 0
60.8 0 0
60.82 0 0
60.84 0 0
60.86 0 0
60.88 0 0
60.9 0 0
60.92 0 0
60.94 0 0
60.96 0 0
60.98 0 0
61 0 0
61.02 0 0
61.04 0 0
61.06 0 0
61.08 0 0
61.1 0 0
61.12 0 0
61.14 0 0
61.16 0 0
61.18 0 0
61.2 0 0
61.22 0 0
61.24 0 0
61.26 0 0
61.28 0 0
61.3 0 0
61.32 0 0
61.34 0 0
61.36 0 0
61.38 0 0
61.4 0 0
61.42 0 0
61.44 0 0
61.46 0 0
61.48 0 0
61.5 0 0
61.52 0 0
61.54 0 0
61.56 0 0
61.58 0 0
61.6 0 0
61.62 0 0
61.64 0 0
61.66 0 0
61.68 0 0
61.7 0 0
61.72 0 0
61.74 0 0
61.76 0 0
61.78 0 0
61.8 0 0
61.82 0 0
61.84 0 0
61.86 0 0
61.88 0 0
61.9 0 0
61.92 0 0
61.94 0 0
61.96 0 0
61.98 0 0
62 0 0
62.02 0 0
62.04 0 0
62.06 0 0
62.08 0 0
62.1 0 0
62.12 0 0
62.14 0 0
62.16 0 0
62.18 0 0
62.2 0 0
62.22 0 0
62.24 0 0
62.26 0 0
62.28 0 0
62.3 0 0
62.32 0 0
62.34 0 0
62.36 0 0
62.38 0 0
62.4 0 0
62.42 0 0
62.44 0 0
62.46 0 0
62.48 0 0
62.5 0 0
62.52 0 0
62.54 0 0
62.56 0 0
62.58 0 0
62.6 0 0
62.62 0 0
62.64 0 0
62.66 0 0
62.68 0 0
62.7 0 0
62.72 0 0
62.74 0 0
62.76 0 0
62.78 0 0
62.8 0 0
62.82 0 0
62.84 0 0
62.86 0 0
62.88 0 0
62.9 0 0
62.92 0 0
62.94 0 0
62.96 0 0
62.98 0 0
63 0 0
63.02 0 0
63.04 0 0
63.06 0 0
63.08 0 0
63.1 0 0
63.12 0 0
63.14 0 0
63.16 0 0
63.18 0 0
63.2 0 0
63.22 0 0
63.24 0 0
63.26 0 0
63.28 0 0
63.3 0 0
63.32 0 0
63.34 0 0
63.36 0 0
63.38 0 0
63.4 0 0
63.42 0 0
63.44 0 0
63.46 0 0
63.48 0 0
63.5 0 0
63.52 0 0
63.54 0 0
63.56 0 0
63.58 0 0
63.6 0 0
63.62 0 0
63.64 0 0
63.66 0 0
63.68 0 0
63.7 0 0
63.72 0 0
63.74 0 0
63.76 0 0
63.78 0 0
63.8 0 0
63.82 0 0
63.84 0 0
63.86 0 0
63.88 0 0
63.9 0 0
63.92 0 0
63.94 0 0
63.96 0 0
63.98 0 0
64 0 0
64.02 0 0
64.04 0 0
64.06 0 0
64.08 0 0
64.1 0 0
64.12 0 0
64.14 0 0
64.16 0 0
64.18 0 0
64.2 0 0
64.22 0 0
64.24 0 0
64.26 0 0
64.28 0 0
64.3 0 0
64.32 0 0
64.34 0 0
64.36 0 0
64.38 0 0
64.4 0 0
64.42 0 0
64.44 0 0
64.46 0 0
64.48 0 0
64.5 0 0
64.52 0 0
64.54 0 0
64.56 0 0
64.58 0 0
64.6 0 0
64.62 0 0
64.64 0 0
64.66 0 0
64.68 0 0
64.7 0 0
64.72 0 0
64.74 0 0
64.76 0 0
64.78 0 0
64.8 0 0
64.82 0 0
64.84 0 0
64.86 0 0
64.88 0 0
64.9 0 0
64.92 0 0
64.94 0 0
64.96 0 0
64.98 0 0
65 0 0
65.02 0 0
65.04 0 0
65.06 0 0
65.08 0 0
65.1 0 0
65.12 0 0
65.14 0 0
65.16 0 0
65.18 0 0
65.2 0 0
65.22 0 0
65.24 0 0
65.26 0 0
65.28 0 0
65.3 0 0
65.32 0 0
65.34 0 0
65.36 0 0
65.38 0 0
65.4 0 0
65.42 0 0
65.44 0 0
65.46 0 0
65.48 0 0
65.5 0 0
65.52 0 0
65.54 0 0
65.56 0 0
65.58 0 0
65.6 0 0
65.62 0 0
65.64 0 0
65.66 0 0
65.68 0 0
65.7 0 0
65.72 0 0
65.74 0 0
65.76 0 0
65.78 0 0
65.8 0 0
65.82 0 0
65.84 0 0
65.86 0 0
65.88 0 0
65.9 0 0
65.92 0 0
65.94 0 0
65.96 0 0
65.98 0 0
66 0 0
66.02 0 0
66.04 0 0
66.06 0 0
66.08 0 0
66.1 0 0
66.12 0 0
66.14 0 0
66.16 0 0
66.18 0 0
66.2 0 0
66.22 0 0
66.24 0 0
66.26 0 0
66.28 0 0
66.3 0 0
66.32 0 0
66.34 0 0
66.36 0 0
66.38 0 0
66.4 0 0
66.42 0 0
66.44 0 0
66.46 0 0
66.48 0 0
66.5 0 0
66.52 0 0
66.54 0 0
66.56 0 0
66.58 0 0
66.6 0 0
66.62 0 0
66.64 0 0
66.66 0 0
66.68 0 0
66.7 0 0
66.72 0 0
66.74 0 0
66.76 0 0
66.78 0 0
66.8 0 0
66.82 0 0
66.84 0 0
66.86 0 0
66.88 0 0
66.9 0 0
66.92 0 0
66.94 0 0
66.96 0 0
66.98 0 0
67 0 0
67.02 0 0
67.04 0 0
67.06 0 0
67.08 0 0
67.1 0 0
67.12 0 0
67.14 0 0
67.16 0 0
67.18 0 0
67.2 0 0
67.22 0 0
67.24 0 0
67.26 0 0
67.28 0 0
67.3 0 0
67.32 0 0
67.34 0 0
67.36 0 0
67.38 0 0
67.4 0 0
67.42 0 0
67.44 0 0
67.46 0 0
67.48 0 0
67.5 0 0
67.52 0 0
67.54 0 0
67.56 0 0
67.58 0 0
67.6 0 0
67.62 0 0
67.64 0 0
67.66 0 0
67.68 0 0
67.7 0 0
67.72 0 0
67.74 0 0
67.76 0 0
67.78 0 0
67.8 0 0
67.82 0 0
67.84 0 0
67.86 0 0
67.88 0 0
67.9 0 0
67.92 0 0
67.94 0 0
67.96 0 0
67.98 0 0
68 0 0
68.02 0 0
68.04 0 0
68.06 0 0
68.08 0 0
68.1 0 0
68.12 0 0
68.14 0 0
68.16 0 0
68.18 0 0
68.2 0 0
68.22 0 0
68.24 0 0
68.26 0 0
68.28 0 0
68.3 0 0
68.32 0 0
68.34 0 0
68.36 0 0
68.38 0 0
68.4 0 0
68.42 0 0
68.44 0 0
68.46 0 0
68.48 0 0
68.5 0 0
68.52 0 0
68.54 0 0
68.56 0 0
68.58 0 0
68.6 0 0
68.62 0 0
68.64 0 0
68.66 0 0
68.68 0 0
68.7 0 0
68.72 0 0
68.74 0 0
68.76 0 0
68.78 0 0
68.8 0 0
68.82 0 0
68.84 0 0
68.86 0 0
68.88 0 0
68.9 0 0
68.92 0 0
68.94 0 0
68.96 0 0
68.98 0 0
69 0 0
69.02 0 0
69.04 0 0
69.06 0 0
69.08 0 0
69.1 0 0
69.12 0 0
69.14 0 0
69.16 0 0
69.18 0 0
69.2 0 0
69.22 0 0
69.24 0 0
69.26 0 0
69.28 0 0
69.3 0 0
69.32 0 0
69.34 0 0
69.36 0 0
69.38 0 0
69.4 0 0
69.42 0 0
69.44 0 0
69.46 0 0
69.48 0 0
69.5 0 0
69.52 0 0
69.54 0 0
69.56 0 0
69.58 0 0
69.6 0 0
69.62 0 0
69.64 0 0
69.66 0 0
69.68 0 0
69.7 0 0
69.72 0 0
69.74 0 0
69.76 0 0
69.78 0 0
69.8 0 0
69.82 0 0
69.84 0 0
69.86 0 0
69.88 0 0
69.9 0 0
69.92 0 0
69.94 0 0
69.96 0 0
69.98 0 0
70 0 0
70.02 0 0
70.04 0 0
70.06 0 0
70.08 0 0
70.1 0 0
70.12 0 0
70.14 0 0
70.16 0 0
70.18 0 0
70.2 0 0
70.22 0 0
70.24 0 0
70.26 0 0
70.28 0 0
70.3 0 0
70.32 0 0
70.34 0 0
70.36 0 0
70.38 0 0
70.4 0 0
70.42 0 0
70.44 0 0
70.46 0 0
70.48 0 0
70.5 0 0
70.52 0 0
70.54 0 0
70.56 0 0
70.58 0 0
70.6 0 0
70.62 0 0
70.64 0 0
70.66 0 0
70.68 0 0
70.7 0 0
70.72 0 0
70.74 0 0
70.76 0 0
70.78 0 0
70.8 0 0
70.82 0 0
70.84 0 0
70.86 0 0
70.88 0 0
70.9 0 0
70.92 0 0
70.94 0 0
70.96 0 0
70.98 0 0
71 0 0
71.02 0 0
71.04 0 0
71.06 0 0
71.08 0 0
71.1 0 0
71.12 0 0
71.14 0 0
71.16 0 0
71.18 0 0
71.2 0 0
71.22 0 0
71.24 0 0
71.26 0 0
71.28 0 0
71.3 0 0
71.32 0 0
71.34 0 0
71.36 0 0
71.38 0 0
71.4 0 0
71.42 0 0
71.44 0 0
71.46 0 0
71.48 0 0
71.5 0 0
71.52 0 0
71.54 0 0
71.56 0 0
71.58 0 0
71.6 0 0
71.62 0 0
71.64 0 0
71.66 0 0
71.68 0 0
71.7 0 0
71.72 0 0
71.74 0 0
71.76 0 0
71.78 0 0
71.8 0 0
71.82 0 0
71.84 0 0
71.86 0 0
71.88 0 0
71.9 0 0
71.92 0 0
71.94 0 0
71.96 0 0
71.98 0 0
72 0 0
72.02 0 0
72.04 0 0
72.06 0 0
72.08 0 0
72.1 0 0
72.12 0 0
72.14 0 0
72.16 0 0
72.18 0 0
72.2 0 0
72.22 0 0
72.24 0 0
72.26 0 0
72.28 0 0
72.3 0 0
72.32 0 0
72.34 0 0
72.36 0 0
72.38 0 0
72.4 0 0
72.42 0 0
72.44 0 0
72.46 0 0
72.48 0 0
72.5 0 0
72.52 0 0
72.54 0 0
72.56 0 0
72.58 0 0
72.6 0 0
72.62 0 0
72.64 0 0
72.66 0 0
72.68 0 0
72.7 0 0
72.72 0 0
72.74 0 0
72.76 0 0
72.78 0 0
72.8 0 0
72.82 0 0
72.84 0 0
72.86 0 0
72.88 0 0
72.9 0 0
72.92 0 0
72.94 0 0
72.96 0 0
72.98 0 0
73 0 0
73.02 0 0
73.04 0 0
73.06 0 0
73.08 0 0
73.1 0 0
73.12 0 0
73.14 0 0
73.16 0 0
73.18 0 0
73.2 0 0
73.22 0 0
73.24 0 0
73.26 0 0
73.28 0 0
73.3 0 0
73.32 0 0
73.34 0 0
73.36 0 0
73.38 0 0
73.4 0 0
73.42 0 0
73.44 0 0
73.46 0 0
73.48 0 0
73.5 0 0
73.52 0 0
73.54 0 0
73.56 0 0
73.58 0 0
73.6 0 0
73.62 0 0
73.64 0 0
73.66 0 0
73.68 0 0
73.7 0 0
73.72 0 0
73.74 0 0
73.76 0 0
73.78 0 0
73.8 0 0
73.82 0 0
73.84 0 0
73.86 0 0
73.88 0 0
73.9 0 0
73.92 0 0
73.94 0 0
73.96 0 0
73.98 0 0
74 0 0
74.02 0 0
74.04 0 0
74.06 0 0
74.08 0 0
74.1 0 0
74.12 0 0
74.14 0 0
74.16 0 0
74.18 0 0
74.2 0 0
74.22 0 0
74.24 0 0
74.26 0 0
74.28 0 0
74.3 0 0
74.32 0 0
74.34 0 0
74.36 0 0
74.38 0 0
74.4 0 0
74.42 0 0
74.44 0 0
74.46 0 0
74.48 0 0
74.5 0 0
74.52 0 0
74.54 0 0
74.56 0 0
74.58 0 0
74.6 0 0
74.62 0 0
74.64 0 0
74.66 0 0
74.68 0 0
74.7 0 0
74.72 0 0
74.74 0 0
74.76 0 0
74.78 0 0
74.8 0 0
74.82 0 0
74.84 0 0
74.86 0 0
74.88 0 0
74.9 0 0
74.92 0 0
74.94 0 0
74.96 0 0
74.98 0 0
75 0 0
75.02 0 0
75.04 0 0
75.06 0 0
75.08 0 0
75.1 0 0
75.12 0 0
75.14 0 0
75.16 0 0
75.18 0 0
75.2 0 0
75.22 0 0
75.24 0 0
75.26 0 0
75.28 0 0
75.3 0 0
75.32 0 0
75.34 0 0
75.36 0 0
75.38 0 0
75.4 0 0
75.42 0 0
75.44 0 0
75.46 0 0
75.48 0 0
75.5 0 0
75.52 0 0
75.54 0 0
75.56 0 0
75.58 0 0
75.6 0 0
75.62 0 0
75.64 0 0
75.66 0 0
75.68 0 0
75.7 0 0
75.72 0 0
75.74 0 0
75.76 0 0
75.78 0 0
75.8 0 0
75.82 0 0
75.84 0 0
75.86 0 0
75.88 0 0
75.9 0 0
75.92 0 0
75.94 0 0
75.96 0 0
75.98 0 0
76 0 0
76.02 0 0
76.04 0 0
76.06 0 0
76.08 0 0
76.1 0 0
76.12 0 0
76.14 0 0
76.16 0 0
76.18 0 0
76.2 0 0
76.22 0 0
76.24 0 0
76.26 0 0
76.28 0 0
76.3 0 0
76.32 0 0
76.34 0 0
76.36 0 0
76.38 0 0
76.4 0 0
76.42 0 0
76.44 0 0
76.46 0 0
76.48 0 0
76.5 0 0
76.52 0 0
76.54 0 0
76.56 0 0
76.58 0 0
76.6 0 0
76.62 0 0
76.64 0 0
76.66 0 0
76.68 0 0
76.7 0 0
76.72 0 0
76.74 0 0
76.76 0 0
76.78 0 0
76.8 0 0
76.82 0 0
76.84 0 0
76.86 0 0
76.88 0 0
76.9 0 0
76.92 0 0
76.94 0 0
76.96 0 0
76.98 0 0
77 0 0
77.02 0 0
77.04 0 0
77.06 0 0
77.08 0 0
77.1 0 0
77.12 0 0
77.14 0 0
77.16 0 0
77.18 0 0
77.2 0 0
77.22 0 0
77.24 0 0
77.26 0 0
77.28 0 0
77.3 0 0
77.32 0 0
77.34 0 0
77.36 0 0
77.38 0 0
77.4 0 0
77.42 0 0
77.44 0 0
77.46 0 0
77.48 0 0
77.5 0 0
77.52 0 0
77.54 0 0
77.56 0 0
77.58 0 0
77.6 0 0
77.62 0 0
77.64 0 0
77.66 0 0
77.68 0 0
77.7 0 0
77.72 0 0
77.74 0 0
77.76 0 0
77.78 0 0
77.8 0 0
77.82 0 0
77.84 0 0
77.86 0 0
77.88 0 0
77.9 0 0
77.92 0 0
77.94 0 0
77.96 0 0
77.98 0 0
78 0 0
78.02 0 0
78.04 0 0
78.06 0 0
78.08 0 0
78.1 0 0
78.12 0 0
78.14 0 0
78.16 0 0
78.18 0 0
78.2 0 0
78.22 0 0
78.24 0 0
78.26 0 0
78.28 0 0
78.3 0 0
78.32 0 0
78.34 0 0
78.36 0 0
78.38 0 0
78.4 0 0
78.42 0 0
78.44 0 0
78.46 0 0
78.48 0 0
78.5 0 0
78.52 0 0
78.54 0 0
78.56 0 0
78.58 0 0
78.6 0 0
78.62 0 0
78.64 0 0
78.66 0 0
78.68 0 0
78.7 0 0
78.72 0 0
78.74 0 0
78.76 0 0
78.78 0 0
78.8 0 0
78.82 0 0
78.84 0 0
78.86 0 0
78.88 0 0
78.9 0 0
78.92 0 0
78.94 0 0
78.96 0 0
78.98 0 0
79 0 0
79.02 0 0
79.04 0 0
79.06 0 0
79.08 0 0
79.1 0 0
79.12 0 0
79.14 0 0
79.16 0 0
79.18 0 0
79.2 0 0
79.22 0 0
79.24 0 0
79.26 0 0
79.28 0 0
79.3 0 0
79.32 0 0
79.34 0 0
79.36 0 0
79.38 0 0
79.4 0 0
79.42 0 0
79.44 0 0
79.46 0 0
79.48 0 0
79.5 0 0
79.52 0 0
79.54 0 0
79.56 0 0
79.58 0 0
79.6 0 0
79.62 0 0
79.64 0 0
79.66 0 0
79.68 0 0
79.7 0 0
79.72 0 0
79.74 0 0
79.76 0 0
79.78 0 0
79.8 0 0
79.82 0 0
79.84 0 0
79.86 0 0
79.88 0 0
79.9 0 0
79.92 0 0
79.94 0 0
79.96 0 0
79.98 0 0
80 0 0
80.02 0 0
80.04 0 0
80.06 0 0
80.08 0 0
80.1 0 0
80.12 0 0
80.14 0 0
80.16 0 0
80.18 0 0
80.2 0 0
80.22 0 0
80.24 0 0
80.26 0 0
80.28 0 0
80.3 0 0
80.32 0 0
80.34 0 0
80.36 0 0
80.38 0 0
80.4 0 0
80.42 0 0
80.44 0 0
80.46 0 0
80.48 0 0
80.5 0 0
80.52 0 0
80.54 0 0
80.56 0 0
80.58 0 0
80.6 0 0
80.62 0 0
80.64 0 0
80.66 0 0
80.68 0 0
80.7 0 0
80.72 0 0
80.74 0 0
80.76 0 0
80.78 0 0
80.8 0 0
80.82 0 0
80.84 0 0
80.86 0 0
80.88 0 0
80.9 0 0
80.92 0 0
80.94 0 0
80.96 0 0
80.98 0 0
81 0 0
81.02 0 0
81.04 0 0
81.06 0 0
81.08 0 0
81.1 0 0
81.12 0 0
81.14 0 0
81.16 0 0
81.18 0 0
81.2 0 0
81.22 0 0
81.24 0 0
81.26 0 0
81.28 0 0
81.3 0 0
81.32 0 0
81.34 0 0
81.36 0 0
81.38 0 0
81.4 0 0
81.42 0 0
81.44 0 0
81.46 0 0
81.48 0 0
81.5 0 0
81.52 0 0
81.54 0 0
81.56 0 0
81.58 0 0
81.6 0 0
81.62 0 0
81.64 0 0
81.66 0 0
81.68 0 0
81.7 0 0
81.72 0 0
81.74 0 0
81.76 0 0
81.78 0 0
81.8 0 0
81.82 0 0
81.84 0 0
81.86 0 0
81.88 0 0
81.9 0 0
81.92 0 0
81.94 0 0
81.96 0 0
81.98 0 0
82 0 0
82.02 0 0
82.04 0 0
82.06 0 0
82.08 0 0
82.1 0 0
82.12 0 0
82.14 0 0
82.16 0 0
82.18 0 0
82.2 0 0
82.22 0 0
82.24 0 0
82.26 0 0
82.28 0 0
82.3 0 0
82.32 0 0
82.34 0 0
82.36 0 0
82.38 0 0
82.4 0 0
82.42 0 0
82.44 0 0
82.46 0 0
82.48 0 0
82.5 0 0
82.52 0 0
82.54 0 0
82.56 0 0
82.58 0 0
82.6 0 0
82.62 0 0
82.64 0 0
82.66 0 0
82.68 0 0
82.7 0 0
82.72 0 0
82.74 0 0
82.76 0 0
82.78 0 0
82.8 0 0
82.82 0 0
82.84 0 0
82.86 0 0
82.88 0 0
82.9 0 0
82.92 0 0
82.94 0 0
82.96 0 0
82.98 0 0
83 0 0
83.02 0 0
83.04 0 0
83.06 0 0
83.08 0 0
83.1 0 0
83.12 0 0
83.14 0 0
83.16 0 0
83.18 0 0
83.2 0 0
83.22 0 0
83.24 0 0
83.26 0 0
83.28 0 0
83.3 0 0
83.32 0 0
83.34 0 0
83.36 0 0
83.38 0 0
83.4 0 0
83.42 0 0
83.44 0 0
83.46 0 0
83.48 0 0
83.5 0 0
83.52 0 0
83.54 0 0
83.56 0 0
83.58 0 0
83.6 0 0
83.62 0 0
83.64 0 0
83.66 0 0
83.68 0 0
83.7 0 0
83.72 0 0
83.74 0 0
83.76 0 0
83.78 0 0
83.8 0 0
83.82 0 0
83.84 0 0
83.86 0 0
83.88 0 0
83.9 0 0
83.92 0 0
83.94 0 0
83.96 0 0
83.98 0 0
84 0 0
84.02 0 0
84.04 0 0
84.06 0 0
84.08 0 0
84.1 0 0
84.12 0 0
84.14 0 0
84.16 0 0
84.18 0 0
84.2 0 0
84.22 0 0
84.24 0 0
84.26 0 0
84.28 0 0
84.3 0 0
84.32 0 0
84.34 0 0
84.36 0 0
84.38 0 0
84.4 0 0
84.42 0 0
84.44 0 0
84.46 0 0
84.48 0 0
84.5 0 0
84.52 0 0
84.54 0 0
84.56 0 0
84.58 0 0
84.6 0 0
84.62 0 0
84.64 0 0
84.66 0 0
84.68 0 0
84.7 0 0
84.72 0 0
84.74 0 0
84.76 0 0
84.78 0 0
84.8 0 0
84.82 0 0
84.84 0 0
84.86 0 0
84.88 0 0
84.9 0 0
84.92 0 0
84.94 0 0
84.96 0 0
84.98 0 0
85 0 0
85.02 0 0
85.04 0 0
85.06 0 0
85.08 0 0
85.1 0 0
85.12 0 0
85.14 0 0
85.16 0 0
85.18 0 0
85.2 0 0
85.22 0 0
85.24 0 0
85.26 0 0
85.28 0 0
85.3 0 0
85.32 0 0
85.34 0 0
85.36 0 0
85.38 0 0
85.4 0 0
85.42 0 0
85.44 0 0
85.46 0 0
85.48 0 0
85.5 0 0
85.52 0 0
85.54 0 0
85.56 0 0
85.58 0 0
85.6 0 0
85.62 0 0
85.64 0 0
85.66 0 0
85.68 0 0
85.7 0 0
85.72 0 0
85.74 0 0
85.76 0 0
85.78 0 0
85.8 0 0
85.82 0 0
85.84 0 0
85.86 0 0
85.88 0 0
85.9 0 0
85.92 0 0
85.94 0 0
85.96 0 0
85.98 0 0
86 0 0
86.02 0 0
86.04 0 0
86.06 0 0
86.08 0 0
86.1 0 0
86.12 0 0
86.14 0 0
86.16 0 0
86.18 0 0
86.2 0 0
86.22 0 0
86.24 0 0
86.26 0 0
86.28 0 0
86.3 0 0
86.32 0 0
86.34 0 0
86.36 0 0
86.38 0 0
86.4 0 0
86.42 0 0
86.44 0 0
86.46 0 0
86.48 0 0
86.5 0 0
86.52 0 0
86.54 0 0
86.56 0 0
86.58 0 0
86.6 0 0
86.62 0 0
86.64 0 0
86.66 0 0
86.68 0 0
86.7 0 0
86.72 0 0
86.74 0 0
86.76 0 0
86.78 0 0
86.8 0 0
86.82 0 0
86.84 0 0
86.86 0 0
86.88 0 0
86.9 0 0
86.92 0 0
86.94 0 0
86.96 0 0
86.98 0 0
87 0 0
87.02 0 0
87.04 0 0
87.06 0 0
87.08 0 0
87.1 0 0
87.12 0 0
87.14 0 0
87.16 0 0
87.18 0 0
87.2 0 0
87.22 0 0
87.24 0 0
87.26 0 0
87.28 0 0
87.3 0 0
87.32 0 0
87.34 0 0
87.36 0 0
87.38 0 0
87.4 0 0
87.42 0 0
87.44 0 0
87.46 0 0
87.48 0 0
87.5 0 0
87.52 0 0
87.54 0 0
87.56 0 0
87.58 0 0
87.6 0 0
87.62 0 0
87.64 0 0
87.66 0 0
87.68 0 0
87.7 0 0
87.72 0 0
87.74 0 0
87.76 0 0
87.78 0 0
87.8 0 0
87.82 0 0
87.84 0 0
87.86 0 0
87.88 0 0
87.9 0 0
87.92 0 0
87.94 0 0
87.96 0 0
87.98 0 0
88 0 0
88.02 0 0
88.04 0 0
88.06 0 0
88.08 0 0
88.1 0 0
88.12 0 0
88.14 0 0
88.16 0 0
88.18 0 0
88.2 0 0
88.22 0 0
88.24 0 0
88.26 0 0
88.28 0 0
88.3 0 0
88.32 0 0
88.34 0 0
88.36 0 0
88.38 0 0
88.4 0 0
88.42 0 0
88.44 0 0
88.46 0 0
88.48 0 0
88.5 0 0
88.52 0 0
88.54 0 0
88.56 0 0
88.58 0 0
88.6 0 0
88.62 0 0
88.64 0 0
88.66 0 0
88.68 0 0
88.7 0 0
88.72 0 0
88.74 0 0
88.76 0 0
88.78 0 0
88.8 0 0
88.82 0 0
88.84 0 0
88.86 0 0
88.88 0 0
88.9 0 0
88.92 0 0
88.94 0 0
88.96 0 0
88.98 0 0
89 0 0
89.02 0 0
89.04 0 0
89.06 0 0
89.08 0 0
89.1 0 0
89.12 0 0
89.14 0 0
89.16 0 0
89.18 0 0
89.2 0 0
89.22 0 0
89.24 0 0
89.26 0 0
89.28 0 0
89.3 0 0
89.32 0 0
89.34 0 0
89.36 0 0
89.38 0 0
89.4 0 0
89.42 0 0
89.44 0 0
89.46 0 0
89.48 0 0
89.5 0 0
89.52 0 0
89.54 0 0
89.56 0 0
89.58 0 0
89.6 0 0
89.62 0 0
89.64 0 0
89.66 0 0
89.68 0 0
89.7 0 0
89.72 0 0
89.74 0 0
89.76 0 0
89.78 0 0
89.8 0 0
89.82 0 0
89.84 0 0
89.86 0 0
89.88 0 0
89.9 0 0
89.92 0 0
89.94 0 0
89.96 0 0
89.98 0 0
90 0 0
90.02 0 0
90.04 0 0
90.06 0 0
90.08 0 0
90.1 0 0
90.12 0 0
90.14 0 0
90.16 0 0
90.18 0 0
90.2 0 0
90.22 0 0
90.24 0 0
90.26 0 0
90.28 0 0
90.3 0 0
90.32 0 0
90.34 0 0
90.36 0 0
90.38 0 0
90.4 0 0
90.42 0 0
90.44 0 0
90.46 0 0
90.48 0 0
90.5 0 0
90.52 0 0
90.54 0 0
90.56 0 0
90.58 0 0
90.6 0 0
90.62 0 0
90.64 0 0
90.66 0 0
90.68 0 0
90.7 0 0
90.72 0 0
90.74 0 0
90.76 0 0
90.78 0 0
90.8 0 0
90.82 0 0
90.84 0 0
90.86 0 0
90.88 0 0
90.9 0 0
90.92 0 0
90.94 0 0
90.96 0 0
90.98 0 0
91 0 0
91.02 0 0
91.04 0 0
91.06 0 0
91.08 0 0
91.1 0 0
91.12 0 0
91.14 0 0
91.16 0 0
91.18 0 0
91.2 0 0
91.22 0 0
91.24 0 0
91.26 0 0
91.28 0 0
91.3 0 0
91.32 0 0
91.34 0 0
91.36 0 0
91.38 0 0
91.4 0 0
91.42 0 0
91.44 0 0
91.46 0 0
91.48 0 0
91.5 0 0
91.52 0 0
91.54 0 0
91.56 0 0
91.58 0 0
91.6 0 0
91.62 0 0
91.64 0 0
91.66 0 0
91.68 0 0
91.7 0 0
91.72 0 0
91.74 0 0
91.76 0 0
91.78 0 0
91.8 0 0
91.82 0 0
91.84 0 0
91.86 0 0
91.88 0 0
91.9 0 0
91.92 0 0
91.94 0 0
91.96 0 0
91.98 0 0
92 0 0
92.02 0 0
92.04 0 0
92.06 0 0
92.08 0 0
92.1 0 0
92.12 0 0
92.14 0 0
92.16 0 0
92.18 0 0
92.2 0 0
92.22 0 0
92.24 0 0
92.26 0 0
92.28 0 0
92.3 0 0
92.32 0 0
92.34 0 0
92.36 0 0
92.38 0 0
92.4 0 0
92.42 0 0
92.44 0 0
92.46 0 0
92.48 0 0
92.5 0 0
92.52 0 0
92.54 0 0
92.56 0 0
92.58 0 0
92.6 0 0
92.62 0 0
92.64 0 0
92.66 0 0
92.68 0 0
92.7 0 0
92.72 0 0
92.74 0 0
92.76 0 0
92.78 0 0
92.8 0 0
92.82 0 0
92.84 0 0
92.86 0 0
92.88 0 0
92.9 0 0
92.92 0 0
92.94 0 0
92.96 0 0
92.98 0 0
93 0 0
93.02 0 0
93.04 0 0
93.06 0 0
93.08 0 0
93.1 0 0
93.12 0 0
93.14 0 0
93.16 0 0
93.18 0 0
93.2 0 0
93.22 0 0
93.24 0 0
93.26 0 0
93.28 0 0
93.3 0 0
93.32 0 0
93.34 0 0
93.36 0 0
93.38 0 0
93.4 0 0
93.42 0 0
93.44 0 0
93.46 0 0
93.48 0 0
93.5 0 0
93.52 0 0
93.54 0 0
93.56 0 0
93.58 0 0
93.6 0 0
93.62 0 0
93.64 0 0
93.66 0 0
93.68 0 0
93.7 0 0
93.72 0 0
93.74 0 0
93.76 0 0
93.78 0 0
93.8 0 0
93.82 0 0
93.84 0 0
93.86 0 0
93.88 0 0
93.9 0 0
93.92 0 0
93.94 0 0
93.96 0 0
93.98 0 0
94 0 0
94.02 0 0
94.04 0 0
94.06 0 0
94.08 0 0
94.1 0 0
94.12 0 0
94.14 0 0
94.16 0 0
94.18 0 0
94.2 0 0
94.22 0 0
94.24 0 0
94.26 0 0
94.28 0 0
94.3 0 0
94.32 0 0
94.34 0 0
94.36 0 0
94.38 0 0
94.4 0 0
94.42 0 0
94.44 0 0
94.46 0 0
94.48 0 0
94.5 0 0
94.52 0 0
94.54 0 0
94.56 0 0
94.58 0 0
94.6 0 0
94.62 0 0
94.64 0 0
94.66 0 0
94.68 0 0
94.7 0 0
94.72 0 0
94.74 0 0
94.76 0 0
94.78 0 0
94.8 0 0
94.82 0 0
94.84 0 0
94.86 0 0
94.88 0 0
94.9 0 0
94.92 0 0
94.94 0 0
94.96 0 0
94.98 0 0
95 0 0
95.02 0 0
95.04 0 0
95.06 0 0
95.08 0 0
95.1 0 0
95.12 0 0
95.14 0 0
95.16 0 0
95.18 0 0
95.2 0 0
95.22 0 0
95.24 0 0
95.26 0 0
95.28 0 0
95.3 0 0
95.32 0 0
95.34 0 0
95.36 0 0
95.38 0 0
95.4 0 0
95.42 0 0
95.44 0 0
95.46 0 0
95.48 0 0
95.5 0 0
95.52 0 0
95.54 0 0
95.56 0 0
95.58 0 0
95.6 0 0
95.62 0 0
95.64 0 0
95.66 0 0
95.68 0 0
95.7 0 0
95.72 0 0
95.74 0 0
95.76 0 0
95.78 0 0
95.8 0 0
95.82 0 0
95.84 0 0
95.86 0 0
95.88 0 0
95.9 0 0
95.92 0 0
95.94 0 0
95.96 0 0
95.98 0 0
96 0 0
96.02 0 0
96.04 0 0
96.06 0 0
96.08 0 0
96.1 0 0
96.12 0 0
96.14 0 0
96.16 0 0
96.18 0 0
96.2 0 0
96.22 0 0
96.24 0 0
96.26 0 0
96.28 0 0
96.3 0 0
96.32 0 0
96.34 0 0
96.36 0 0
96.38 0 0
96.4 0 0
96.42 0 0
96.44 0 0
96.46 0 0
96.48 0 0
96.5 0 0
96.52 0 0
96.54 0 0
96.56 0 0
96.58 0 0
96.6 0 0
96.62 0 0
96.64 0 0
96.66 0 0
96.68 0 0
96.7 0 0
96.72 0 0
96.74 0 0
96.76 0 0
96.78 0 0
96.8 0 0
96.82 0 0
96.84 0 0
96.86 0 0
96.88 0 0
96.9 0 0
96.92 0 0
96.94 0 0
96.96 0 0
96.98 0 0
97 0 0
97.02 0 0
97.04 0 0
97.06 0 0
97.08 0 0
97.1 0 0
97.12 0 0
97.14 0 0
97.16 0 0
97.18 0 0
97.2 0 0
97.22 0 0
97.24 0 0
97.26 0 0
97.28 0 0
97.3 0 0
97.32 0 0
97.34 0 0
97.36 0 0
97.38 0 0
97.4 0 0
97.42 0 0
97.44 0 0
97.46 0 0
97.48 0 0
97.5 0 0
97.52 0 0
97.54 0 0
97.56 0 0
97.58 0 0
97.6 0 0
97.62 0 0
97.64 0 0
97.66 0 0
97.68 0 0
97.7 0 0
97.72 0 0
97.74 0 0
97.76 0 0
97.78 0 0
97.8 0 0
97.82 0 0
97.84 0 0
97.86 0 0
97.88 0 0
97.9 0 0
97.92 0 0
97.94 0 0
97.96 0 0
97.98 0 0
98 0 0
98.02 0 0
98.04 0 0
98.06 0 0
98.08 0 0
98.1 0 0
98.12 0 0
98.14 0 0
98.16 0 0
98.18 0 0
98.2 0 0
98.22 0 0
98.24 0 0
98.26 0 0
98.28 0 0
98.3 0 0
98.32 0 0
98.34 0 0
98.36 0 0
98.38 0 0
98.4 0 0
98.42 0 0
98.44 0 0
98.46 0 0
98.48 0 0
98.5 0 0
98.52 0 0
98.54 0 0
98.56 0 0
98.58 0 0
98.6 0 0
98.62 0 0
98.64 0 0
98.66 0 0
98.68 0 0
98.7 0 0
98.72 0 0
98.74 0 0
98.76 0 0
98.78 0 0
98.8 0 0
98.82 0 0
98.84 0 0
98.86 0 0
98.88 0 0
98.9 0 0
98.92 0 0
98.94 0 0
98.96 0 0
98.98 0 0
99 0 0
99.02 0 0
99.04 0 0
99.06 0 0
99.08 0 0
99.1 0 0
99.12 0 0
99.14 0 0
99.16 0 0
99.18 0 0
99.2 0 0
99.22 0 0
99.24 0 0
99.26 0 0
99.28 0 0
99.3 0 0
99.32 0 0
99.34 0 0
99.36 0 0
99.38 0 0
99.4 0 0
99.42 0 0
99.44 0 0
99.46 0 0
99.48 0 0
99.5 0 0
99.52 0 0
99.54 0 0
99.56 0 0
99.58 0 0
99.6 0 0
99.62 0 0
99.64 0 0
99.66 0 0
99.68 0 0
99.7 0 0
99.72 0 0
99.74 0 0
99.76 0 0
99.78 0 0
99.8 0 0
99.82 0 0
99.84 0 0
99.86 0 0
99.88 0 0
99.9 0 0
99.92 0 0
99.94 0 0
99.96 0 0
99.98 0 0
100 0 0
