1 0.138579 1760.81
2 0.151568 4361.04
3 0.158666 10889.1
4 0.158666 10889.1
5 0.158666 10889.1
6 0.158666 10889.1
7 0.158666 10889.1
8 0.158666 10889.1
9 0.158666 10889.1
10 0.157867 11271.2
11 0.157867 11271.2
12 0.157867 11271.2
13 0.157867 11271.2
14 0.157867 11271.2
15 0.157867 11271.2
16 0.157867 11271.2
17 0.157867 11271.2
18 0.157867 11271.2
19 0.158169 11689.7
20 0.158169 11689.7
21 0.158169 11689.7
22 0.158169 11689.7
23 0.158169 11689.7
24 0.158169 11689.7
25 0.158169 11689.7
26 0.158169 11689.7
27 0.158169 11689.7
28 0.158169 11689.7
29 0.158169 11689.7
30 0.158169 11689.7
31 0.158169 11689.7
32 0.158169 11689.7
33 0.158169 11689.7
34 0.158169 11689.7
35 0.158169 11689.7
36 0.158169 11689.7
37 0.158169 11689.7
38 0.158169 11689.7
39 0.158169 11689.7
40 0.158169 11689.7
41 0.158169 11689.7
42 0.158169 11689.7
43 0.158169 11689.7
44 0.158169 11689.7
45 0.158169 11689.7
46 0.158169 11689.7
47 0.158169 11689.7
48 0.158169 11689.7
49 0.158169 11689.7
50 0.158169 11689.7
51 0.158169 11689.7
52 0.158169 11689.7
53 0.158169 11689.7
54 0.158169 11689.7
55 0.158322 11748
56 0.158322 11748
57 0.158322 11748
58 0.158322 11748
59 0.158322 11748
60 0.158322 11748
61 0.158322 11748
62 0.158322 11748
63 0.158322 11748
64 0.158322 11748
65 0.158322 11748
66 0.158322 11748
67 0.158322 11748
68 0.158322 11748
69 0.158322 11748
70 0.158322 11748
71 0.158322 11748
72 0.158322 11748
73 0.158322 11748
74 0.158322 11748
75 0.158322 11748
76 0.158322 11748
77 0.158322 11748
78 0.158322 11748
79 0.158322 11748
80 0.158322 11748
81 0.158322 11748
82 0.158322 11748
83 0.158322 11748
84 0.158322 11748
85 0.158322 11748
86 0.158322 11748
87 0.158322 11748
88 0.158322 11748
89 0.158322 11748
90 0.158322 11748
91 0.158322 11748
92 0.158322 11748
93 0.158322 11748
94 0.158322 11748
95 0.158322 11748
96 0.158322 11748
97 0.158322 11748
98 0.158322 11748
99 0.158322 11748
100 0.158322 11748
101 0.158322 11748
102 0.158322 11748
103 0.158322 11748
104 0.158322 11748
105 0.158322 11748
106 0.158322 11748
107 0.158322 11748
108 0.158322 11748
109 0.158322 11748
110 0.158322 11748
111 0.158322 11748
112 0.158322 11748
113 0.158322 11748
114 0.158322 11748
115 0.158322 11748
116 0.158322 11748
117 0.158322 11748
118 0.158322 11748
119 0.158322 11748
120 0.158322 11748
121 0.158322 11748
122 0.158322 11748
123 0.158322 11748
124 0.158322 11748
125 0.158322 11748
126 0.158322 11748
127 0.158322 11748
128 0.158322 11748
129 0.158322 11748
130 0.158322 11748
131 0.158322 11748
132 0.158322 11748
133 0.158322 11748
134 0.158322 11748
135 0.158322 11748
136 0.158322 11748
137 0.158322 11748
138 0.158322 11748
139 0.158322 11748
140 0.158322 11748
141 0.158322 11748
142 0.158322 11748
143 0.158322 11748
144 0.158322 11748
145 0.158322 11748
146 0.158322 11748
147 0.158322 11748
148 0.158322 11748
149 0.158322 11748
150 0.158322 11748
151 0.158322 11748
152 0.158322 11748
153 0.158322 11748
154 0.158322 11748
155 0.158322 11748
156 0.158322 11748
157 0.158322 11748
158 0.158322 11748
159 0.158322 11748
160 0.158322 11748
161 0.158322 11748
162 0.158322 11748
163 0.158322 11748
164 0.158322 11748
165 0.158322 11748
166 0.158322 11748
167 0.158322 11748
168 0.158322 11748
169 0.158322 11748
170 0.158322 11748
171 0.158322 11748
172 0.158322 11748
173 0.158322 11748
174 0.158322 11748
175 0.158322 11748
176 0.158322 11748
177 0.158322 11748
178 0.158322 11748
179 0.158322 11748
180 0.158322 11748
181 0.158322 11748
182 0.158322 11748
183 0.158322 11748
184 0.158322 11748
185 0.158322 11748
186 0.158322 11748
187 0.158322 11748
188 0.158322 11748
189 0.158322 11748
190 0.158322 11748
191 0.158322 11748
192 0.158322 11748
193 0.158322 11748
194 0.158322 11748
195 0.158322 11748
196 0.158322 11748
197 0.158322 11748
198 0.158322 11748
199 0.158322 11748
200 0.158322 11748
201 0.158322 11748
202 0.158322 11748
203 0.158322 11748
204 0.158322 11748
205 0.158322 11748
206 0.158322 11748
207 0.158322 11748
208 0.158322 11748
209 0.158322 11748
210 0.158322 11748
211 0.158322 11748
212 0.158322 11748
213 0.158322 11748
214 0.158322 11748
215 0.158322 11748
216 0.158322 11748
217 0.158322 11748
218 0.158322 11748
219 0.158322 11748
220 0.158322 11748
221 0.158322 11748
222 0.158322 11748
223 0.158322 11748
224 0.158322 11748
225 0.158322 11748
226 0.158322 11748
227 0.158322 11748
228 0.158322 11748
229 0.158322 11748
230 0.158322 11748
231 0.158322 11748
232 0.158322 11748
233 0.158322 11748
234 0.158322 11748
235 0.158322 11748
236 0.158322 11748
237 0.158322 11748
238 0.158322 11748
239 0.158322 11748
240 0.158322 11748
241 0.158322 11748
242 0.158322 11748
243 0.158322 11748
244 0.158322 11748
245 0.158322 11748
246 0.158322 11748
247 0.158322 11748
248 0.158322 11748
249 0.158322 11748
250 0.158322 11748
251 0.158322 11748
252 0.158322 11748
253 0.158322 11748
254 0.158322 11748
255 0.158322 11748
256 0.158322 11748
257 0.158322 11748
258 0.158322 11748
259 0.158322 11748
260 0.158322 11748
261 0.158322 11748
262 0.158322 11748
263 0.158322 11748
264 0.158322 11748
265 0.158322 11748
266 0.158322 11748
267 0.158322 11748
268 0.158322 11748
269 0.158322 11748
270 0.158322 11748
271 0.158322 11748
272 0.158322 11748
273 0.158322 11748
274 0.158322 11748
275 0.158322 11748
276 0.158322 11748
277 0.158322 11748
278 0.158322 11748
279 0.158322 11748
280 0.158322 11748
281 0.158322 11748
282 0.158322 11748
283 0.158322 11748
284 0.158322 11748
285 0.158322 11748
286 0.158322 11748
287 0.158322 11748
288 0.158322 11748
289 0.158322 11748
290 0.158322 11748
291 0.158322 11748
292 0.158322 11748
293 0.158322 11748
294 0.158322 11748
295 0.158322 11748
296 0.158322 11748
297 0.158322 11748
298 0.158322 11748
299 0.158322 11748
300 0.158322 11748
301 0.158322 11748
302 0.158322 11748
303 0.158322 11748
304 0.158322 11748
305 0.158322 11748
306 0.158322 11748
307 0.158322 11748
308 0.158322 11748
309 0.158322 11748
310 0.158322 11748
311 0.158322 11748
312 0.158322 11748
313 0.158322 11748
314 0.158322 11748
315 0.158322 11748
316 0.158322 11748
317 0.158322 11748
318 0.158322 11748
319 0.158322 11748
320 0.158322 11748
321 0.158322 11748
322 0.158322 11748
323 0.158322 11748
324 0.158322 11748
325 0.158322 11748
326 0.158322 11748
327 0.158322 11748
328 0.158322 11748
329 0.158322 11748
330 0.158322 11748
331 0.158322 11748
332 0.158322 11748
333 0.158322 11748
334 0.158322 11748
335 0.158322 11748
336 0.158322 11748
337 0.158322 11748
338 0.158322 11748
339 0.158322 11748
340 0.158322 11748
341 0.158322 11748
342 0.158322 11748
343 0.158322 11748
344 0.158322 11748
345 0.158322 11748
346 0.158322 11748
347 0.158322 11748
348 0.158322 11748
349 0.158322 11748
350 0.158322 11748
351 0.158322 11748
352 0.158322 11748
353 0.158322 11748
354 0.158322 11748
355 0.158322 11748
356 0.158322 11748
357 0.158322 11748
358 0.158322 11748
359 0.158322 11748
360 0.158322 11748
361 0.158322 11748
362 0.158322 11748
363 0.158322 11748
364 0.158322 11748
365 0.158322 11748
366 0.158322 11748
367 0.158322 11748
368 0.158322 11748
369 0.158322 11748
370 0.158322 11748
371 0.158322 11748
372 0.158322 11748
373 0.158322 11748
374 0.158322 11748
375 0.158322 11748
376 0.158322 11748
377 0.158322 11748
378 0.158322 11748
379 0.158322 11748
380 0.158322 11748
381 0.158322 11748
382 0.158305 11749.6
383 0.158305 11749.6
384 0.158305 11749.6
385 0.158305 11749.6
386 0.158305 11749.6
387 0.158305 11749.6
388 0.158305 11749.6
389 0.158305 11749.6
390 0.158305 11749.6
391 0.158305 11749.6
392 0.158305 11749.6
393 0.158305 11749.6
394 0.158305 11749.6
395 0.158305 11749.6
396 0.158305 11749.6
397 0.158305 11749.6
398 0.158305 11749.6
399 0.158305 11749.6
400 0.158305 11749.6
401 0.158305 11749.6
402 0.158305 11749.6
403 0.158305 11749.6
404 0.158305 11749.6
405 0.158305 11749.6
406 0.158305 11749.6
407 0.158305 11749.6
408 0.158305 11749.6
409 0.158305 11749.6
410 0.158305 11749.6
411 0.158305 11749.6
412 0.158305 11749.6
413 0.158305 11749.6
414 0.158305 11749.6
415 0.158305 11749.6
416 0.158305 11749.6
417 0.158305 11749.6
418 0.158305 11749.6
419 0.158305 11749.6
420 0.158305 11749.6
421 0.158305 11749.6
422 0.158305 11749.6
423 0.158305 11749.6
424 0.158305 11749.6
425 0.158305 11749.6
426 0.158305 11749.6
427 0.158305 11749.6
428 0.158305 11749.6
429 0.158305 11749.6
430 0.158305 11749.6
431 0.158305 11749.6
432 0.158305 11749.6
433 0.158305 11749.6
434 0.158305 11749.6
435 0.158305 11749.6
436 0.158305 11749.6
437 0.158305 11749.6
438 0.158305 11749.6
439 0.158305 11749.6
440 0.158305 11749.6
441 0.158305 11749.6
442 0.158305 11749.6
443 0.158305 11749.6
444 0.158305 11749.6
445 0.158305 11749.6
446 0.158305 11749.6
447 0.158305 11749.6
448 0.158305 11749.6
449 0.158305 11749.6
450 0.158305 11749.6
451 0.158305 11749.6
452 0.158305 11749.6
453 0.158305 11749.6
454 0.158305 11749.6
455 0.158305 11749.6
456 0.158305 11749.6
457 0.158305 11749.6
458 0.158305 11749.6
459 0.158305 11749.6
460 0.158305 11749.6
461 0.158305 11749.6
462 0.158305 11749.6
463 0.158305 11749.6
464 0.158305 11749.6
465 0.158305 11749.6
466 0.158305 11749.6
467 0.158305 11749.6
468 0.158305 11749.6
469 0.158305 11749.6
470 0.158305 11749.6
471 0.158305 11749.6
472 0.158305 11749.6
473 0.158305 11749.6
474 0.158305 11749.6
475 0.158305 11749.6
476 0.158305 11749.6
477 0.158305 11749.6
478 0.158305 11749.6
479 0.158305 11749.6
480 0.158305 11749.6
481 0.158305 11749.6
482 0.158305 11749.6
483 0.158305 11749.6
484 0.158305 11749.6
485 0.158305 11749.6
486 0.158305 11749.6
487 0.158305 11749.6
488 0.158305 11749.6
489 0.158305 11749.6
490 0.158305 11749.6
491 0.158305 11749.6
492 0.158305 11749.6
493 0.158305 11749.6
494 0.158305 11749.6
495 0.158305 11749.6
496 0.158305 11749.6
497 0.158305 11749.6
498 0.158305 11749.6
499 0.158305 11749.6
500 0.158305 11749.6
501 0.158305 11749.6
502 0.158305 11749.6
503 0.158305 11749.6
504 0.158305 11749.6
505 0.158305 11749.6
506 0.158305 11749.6
507 0.158305 11749.6
508 0.158305 11749.6
509 0.158305 11749.6
510 0.158305 11749.6
511 0.158305 11749.6
512 0.158305 11749.6
513 0.158305 11749.6
514 0.158305 11749.6
515 0.158305 11749.6
516 0.158305 11749.6
517 0.158305 11749.6
518 0.158305 11749.6
519 0.158305 11749.6
520 0.158305 11749.6
521 0.158305 11749.6
522 0.158305 11749.6
523 0.158305 11749.6
524 0.158305 11749.6
525 0.158305 11749.6
526 0.158305 11749.6
527 0.158305 11749.6
528 0.158305 11749.6
529 0.158305 11749.6
530 0.158305 11749.6
531 0.158305 11749.6
532 0.158305 11749.6
533 0.158305 11749.6
534 0.158305 11749.6
535 0.158305 11749.6
536 0.158305 11749.6
537 0.158305 11749.6
538 0.158305 11749.6
539 0.158305 11749.6
540 0.158305 11749.6
541 0.158305 11749.6
542 0.158305 11749.6
543 0.158305 11749.6
544 0.158305 11749.6
545 0.158305 11749.6
546 0.158305 11749.6
547 0.158305 11749.6
548 0.158305 11749.6
549 0.158305 11749.6
550 0.158305 11749.6
551 0.158305 11749.6
552 0.158305 11749.6
553 0.158305 11749.6
554 0.158305 11749.6
555 0.158305 11749.6
556 0.158305 11749.6
557 0.158305 11749.6
558 0.158305 11749.6
559 0.158305 11749.6
560 0.158305 11749.6
561 0.158305 11749.6
562 0.158305 11749.6
563 0.158305 11749.6
564 0.158305 11749.6
565 0.158305 11749.6
566 0.158305 11749.6
567 0.158305 11749.6
568 0.158305 11749.6
569 0.158305 11749.6
570 0.158305 11749.6
571 0.158305 11749.6
572 0.158305 11749.6
573 0.158305 11749.6
574 0.158305 11749.6
575 0.158305 11749.6
576 0.158305 11749.6
577 0.158305 11749.6
578 0.158305 11749.6
579 0.158305 11749.6
580 0.158305 11749.6
581 0.158305 11749.6
582 0.158305 11749.6
583 0.158305 11749.6
584 0.158305 11749.6
585 0.158305 11749.6
586 0.158305 11749.6
587 0.158305 11749.6
588 0.158305 11749.6
589 0.158305 11749.6
590 0.158305 11749.6
591 0.158305 11749.6
592 0.158305 11749.6
593 0.158305 11749.6
594 0.158305 11749.6
595 0.158305 11749.6
596 0.158305 11749.6
597 0.158305 11749.6
598 0.158305 11749.6
599 0.158305 11749.6
600 0.158305 11749.6
601 0.158305 11749.6
602 0.158305 11749.6
603 0.158305 11749.6
604 0.158305 11749.6
605 0.158305 11749.6
606 0.158305 11749.6
607 0.158305 11749.6
608 0.158305 11749.6
609 0.158305 11749.6
610 0.158305 11749.6
611 0.158305 11749.6
612 0.158305 11749.6
613 0.158305 11749.6
614 0.158305 11749.6
615 0.158305 11749.6
616 0.158305 11749.6
617 0.158305 11749.6
618 0.158305 11749.6
619 0.158305 11749.6
620 0.158305 11749.6
621 0.158305 11749.6
622 0.158305 11749.6
623 0.158305 11749.6
624 0.158305 11749.6
625 0.158305 11749.6
626 0.158305 11749.6
627 0.158305 11749.6
628 0.158305 11749.6
629 0.158305 11749.6
630 0.158305 11749.6
631 0.158305 11749.6
632 0.158305 11749.6
633 0.158305 11749.6
634 0.158305 11749.6
635 0.158305 11749.6
636 0.158305 11749.6
637 0.158305 11749.6
638 0.158305 11749.6
639 0.158305 11749.6
640 0.158305 11749.6
641 0.158305 11749.6
642 0.158305 11749.6
643 0.158305 11749.6
644 0.158305 11749.6
645 0.158305 11749.6
646 0.158305 11749.6
647 0.158305 11749.6
648 0.158305 11749.6
649 0.158305 11749.6
650 0.158305 11749.6
651 0.158305 11749.6
652 0.158305 11749.6
653 0.158305 11749.6
654 0.158305 11749.6
655 0.158305 11749.6
656 0.158305 11749.6
657 0.158305 11749.6
658 0.158305 11749.6
659 0.158305 11749.6
660 0.158305 11749.6
661 0.158305 11749.6
662 0.158305 11749.6
663 0.158305 11749.6
664 0.158305 11749.6
665 0.158305 11749.6
666 0.158305 11749.6
667 0.158305 11749.6
668 0.158305 11749.6
669 0.158305 11749.6
670 0.158305 11749.6
671 0.158305 11749.6
672 0.158305 11749.6
673 0.158305 11749.6
674 0.158305 11749.6
675 0.158305 11749.6
676 0.158305 11749.6
677 0.158305 11749.6
678 0.158305 11749.6
679 0.158305 11749.6
680 0.158305 11749.6
681 0.158305 11749.6
682 0.158305 11749.6
683 0.158305 11749.6
684 0.158305 11749.6
685 0.158305 11749.6
686 0.158305 11749.6
687 0.158305 11749.6
688 0.158305 11749.6
689 0.158305 11749.6
690 0.158305 11749.6
691 0.158305 11749.6
692 0.158305 11749.6
693 0.158305 11749.6
694 0.158305 11749.6
695 0.158305 11749.6
696 0.158305 11749.6
697 0.158305 11749.6
698 0.158305 11749.6
699 0.158305 11749.6
700 0.158305 11749.6
701 0.158305 11749.6
702 0.158305 11749.6
703 0.158305 11749.6
704 0.158305 11749.6
705 0.158305 11749.6
706 0.158305 11749.6
707 0.158305 11749.6
708 0.158305 11749.6
709 0.158305 11749.6
710 0.158305 11749.6
711 0.158305 11749.6
712 0.158305 11749.6
713 0.158305 11749.6
714 0.158305 11749.6
715 0.158305 11749.6
716 0.158305 11749.6
717 0.158305 11749.6
718 0.158305 11749.6
719 0.158305 11749.6
720 0.158305 11749.6
721 0.158305 11749.6
722 0.158305 11749.6
723 0.158305 11749.6
724 0.158305 11749.6
725 0.158305 11749.6
726 0.158305 11749.6
727 0.158305 11749.6
728 0.158305 11749.6
729 0.158305 11749.6
730 0.158305 11749.6
731 0.158305 11749.6
732 0.158305 11749.6
733 0.158305 11749.6
734 0.158305 11749.6
735 0.158305 11749.6
736 0.158305 11749.6
737 0.158305 11749.6
738 0.158305 11749.6
739 0.158305 11749.6
740 0.158305 11749.6
741 0.158305 11749.6
742 0.158305 11749.6
743 0.158305 11749.6
744 0.158305 11749.6
745 0.158305 11749.6
746 0.158305 11749.6
747 0.158305 11749.6
748 0.158305 11749.6
749 0.158305 11749.6
750 0.158305 11749.6
751 0.158305 11749.6
752 0.158305 11749.6
753 0.158305 11749.6
754 0.158305 11749.6
755 0.158305 11749.6
756 0.158305 11749.6
757 0.158305 11749.6
758 0.158305 11749.6
759 0.158305 11749.6
760 0.158305 11749.6
761 0.158305 11749.6
762 0.158305 11749.6
763 0.158305 11749.6
764 0.158305 11749.6
765 0.158305 11749.6
766 0.158305 11749.6
767 0.158305 11749.6
768 0.158305 11749.6
769 0.158305 11749.6
770 0.158305 11749.6
771 0.158305 11749.6
772 0.158305 11749.6
773 0.158305 11749.6
774 0.158305 11749.6
775 0.158305 11749.6
776 0.158305 11749.6
777 0.158305 11749.6
778 0.158305 11749.6
779 0.158305 11749.6
780 0.158305 11749.6
781 0.158305 11749.6
782 0.158305 11749.6
783 0.158305 11749.6
784 0.158305 11749.6
785 0.158305 11749.6
786 0.158305 11749.6
787 0.158305 11749.6
788 0.158305 11749.6
789 0.158305 11749.6
790 0.158305 11749.6
791 0.158305 11749.6
792 0.158305 11749.6
793 0.158305 11749.6
794 0.158305 11749.6
795 0.158305 11749.6
796 0.158305 11749.6
797 0.158305 11749.6
798 0.158305 11749.6
799 0.158305 11749.6
800 0.158305 11749.6
801 0.158305 11749.6
802 0.158305 11749.6
803 0.158305 11749.6
804 0.158305 11749.6
805 0.158305 11749.6
806 0.158305 11749.6
807 0.158305 11749.6
808 0.158305 11749.6
809 0.158305 11749.6
810 0.158305 11749.6
811 0.158305 11749.6
812 0.158305 11749.6
813 0.158305 11749.6
814 0.158305 11749.6
815 0.158305 11749.6
816 0.158305 11749.6
817 0.158305 11749.6
818 0.158305 11749.6
819 0.158305 11749.6
820 0.158305 11749.6
821 0.158305 11749.6
822 0.158305 11749.6
823 0.158305 11749.6
824 0.158305 11749.6
825 0.158305 11749.6
826 0.158305 11749.6
827 0.158305 11749.6
828 0.158305 11749.6
829 0.158305 11749.6
830 0.158305 11749.6
831 0.158305 11749.6
832 0.158305 11749.6
833 0.158305 11749.6
834 0.158305 11749.6
835 0.158305 11749.6
836 0.158305 11749.6
837 0.158305 11749.6
838 0.158305 11749.6
839 0.158305 11749.6
840 0.158305 11749.6
841 0.158305 11749.6
842 0.158305 11749.6
843 0.158305 11749.6
844 0.158305 11749.6
845 0.158305 11749.6
846 0.158305 11749.6
847 0.158305 11749.6
848 0.158305 11749.6
849 0.158305 11749.6
850 0.158305 11749.6
851 0.158305 11749.6
852 0.158305 11749.6
853 0.158305 11749.6
854 0.158305 11749.6
855 0.158305 11749.6
856 0.158305 11749.6
857 0.158305 11749.6
858 0.158305 11749.6
859 0.158305 11749.6
860 0.158305 11749.6
861 0.158305 11749.6
862 0.158305 11749.6
863 0.158305 11749.6
864 0.158305 11749.6
865 0.158305 11749.6
866 0.158305 11749.6
867 0.158305 11749.6
868 0.158305 11749.6
869 0.158305 11749.6
870 0.158305 11749.6
871 0.158305 11749.6
872 0.158305 11749.6
873 0.158305 11749.6
874 0.158305 11749.6
875 0.158305 11749.6
876 0.158305 11749.6
877 0.158305 11749.6
878 0.158305 11749.6
879 0.158305 11749.6
880 0.158305 11749.6
881 0.158305 11749.6
882 0.158305 11749.6
883 0.158305 11749.6
884 0.158305 11749.6
885 0.158305 11749.6
886 0.158305 11749.6
887 0.158305 11749.6
888 0.158305 11749.6
889 0.158305 11749.6
890 0.158305 11749.6
891 0.158305 11749.6
892 0.158305 11749.6
893 0.158305 11749.6
894 0.158305 11749.6
895 0.158305 11749.6
896 0.158305 11749.6
897 0.158305 11749.6
898 0.158305 11749.6
899 0.158305 11749.6
900 0.158305 11749.6
901 0.158305 11749.6
902 0.158305 11749.6
903 0.158305 11749.6
904 0.158305 11749.6
905 0.158305 11749.6
906 0.158305 11749.6
907 0.158305 11749.6
908 0.158305 11749.6
909 0.158305 11749.6
910 0.158305 11749.6
911 0.158305 11749.6
912 0.158305 11749.6
913 0.158305 11749.6
914 0.158305 11749.6
915 0.158305 11749.6
916 0.158305 11749.6
917 0.158305 11749.6
918 0.158305 11749.6
919 0.158305 11749.6
920 0.158305 11749.6
921 0.158305 11749.6
922 0.158305 11749.6
923 0.158305 11749.6
924 0.158305 11749.6
925 0.158305 11749.6
926 0.158305 11749.6
927 0.158305 11749.6
928 0.158305 11749.6
929 0.158305 11749.6
930 0.158305 11749.6
931 0.158305 11749.6
932 0.158305 11749.6
933 0.158305 11749.6
934 0.158305 11749.6
935 0.158305 11749.6
936 0.158305 11749.6
937 0.158305 11749.6
938 0.158305 11749.6
939 0.158305 11749.6
940 0.158305 11749.6
941 0.158305 11749.6
942 0.158305 11749.6
943 0.158305 11749.6
944 0.158305 11749.6
945 0.158305 11749.6
946 0.158305 11749.6
947 0.158305 11749.6
948 0.158305 11749.6
949 0.158305 11749.6
950 0.158305 11749.6
951 0.158305 11749.6
952 0.158305 11749.6
953 0.158305 11749.6
954 0.158305 11749.6
955 0.158305 11749.6
956 0.158305 11749.6
957 0.158305 11749.6
958 0.158305 11749.6
959 0.158305 11749.6
960 0.158305 11749.6
961 0.158305 11749.6
962 0.158305 11749.6
963 0.158305 11749.6
964 0.158305 11749.6
965 0.158305 11749.6
966 0.158305 11749.6
967 0.158305 11749.6
968 0.158305 11749.6
969 0.158305 11749.6
970 0.158305 11749.6
971 0.158305 11749.6
972 0.158305 11749.6
973 0.158305 11749.6
974 0.158305 11749.6
975 0.158305 11749.6
976 0.158305 11749.6
977 0.158305 11749.6
978 0.158305 11749.6
979 0.158305 11749.6
980 0.158305 11749.6
981 0.158305 11749.6
982 0.158305 11749.6
983 0.158305 11749.6
984 0.158305 11749.6
985 0.158305 11749.6
986 0.158305 11749.6
987 0.158305 11749.6
988 0.158305 11749.6
989 0.158305 11749.6
990 0.158305 11749.6
991 0.158305 11749.6
992 0.158305 11749.6
993 0.158305 11749.6
994 0.158305 11749.6
995 0.158305 11749.6
996 0.158305 11749.6
997 0.158305 11749.6
998 0.158305 11749.6
999 0.158305 11749.6
1000 0.158305 11749.6
1001 0.158305 11749.6
