0 5000 100
0.005 5253.67 104.212
0.01 5520.09 108.884
0.015 5799.88 114.077
0.02 6093.69 119.861
0.025 6402.18 126.317
0.03 6726.06 133.543
0.035 7066.05 141.652
0.04 7422.91 150.777
0.045 7797.41 161.078
0.05 8190.36 172.744
0.055 8602.57 186.003
0.06 9034.9 201.126
0.065 9488.18 218.444
0.07 9963.27 238.356
0.075 10461 261.352
0.08 10982.3 288.03
0.085 11527.9 319.129
0.09 12098.6 355.565
0.095 12694.9 398.478
0.1 13317.6 449.301
0.105 13967 509.838
0.11 14643.1 582.379
0.115 15345.9 669.844
0.12 16074.6 775.978
0.125 16828 905.618
0.13 17604.1 1065.03
0.135 18399.7 1262.39
0.14 19210 1508.39
0.145 20028.3 1817.08
0.15 20845.2 2206.93
0.155 21647.7 2702.25
0.16 22418.2 3334.92
0.165 23132.9 4146.47
0.17 23760.5 5190.39
0.175 24260.6 6534.11
0.18 24582.8 8259.97
0.185 24666.8 10463.5
0.19 24445.6 13246.5
0.195 23852.2 16702.4
0.2 22832.9 20891.5
0.205 21364.8 25808.5
0.21 19473.8 31350.2
0.215 17245.6 37301.9
0.22 14818.5 43356.8
0.225 12359.1 49171.2
0.23 10025 54438.2
0.235 7935.01 58946.3
0.24 6153.74 62602.1
0.245 4695.89 65416.9
0.25 3540.21 67472.6
0.255 2646.05 68886
0.26 1966.45 69780.5
0.265 1456.42 70269.9
0.27 1076.91 70450.8
0.275 796.053 70401
0.28 588.852 70181.1
0.285 436.205 69837.1
0.29 323.761 69403.4
0.295 240.864 68905.6
0.3 179.661 68362.5
0.305 134.384 67787.9
0.31 100.813 67191.8
0.315 75.8571 66581.6
0.32 57.2545 65962.7
0.325 43.3483 65339
0.33 32.9224 64713.4
0.335 25.0824 64087.9
0.34 19.1691 63464.2
0.345 14.6956 62843.3
0.35 11.301 62226
0.355 8.71727 61613
0.36 6.74482 61004.6
0.365 5.23451 60401.2
0.37 4.07461 59803
0.375 3.18119 59210.1
0.38 2.491 58622.6
0.385 1.95626 58040.5
0.39 1.54078 57464
0.395 1.21702 56893
0.4 0.964024 56327.6
0.405 0.765774 55767.6
0.41 0.609991 55213
0.415 0.487241 54664
0.42 0.390257 54120.3
0.425 0.313424 53582
0.43 0.252393 53049
0.435 0.203786 52521.2
0.44 0.164972 51998.7
0.445 0.133898 51481.4
0.45 0.108958 50969.2
0.455 0.0888889 50462.1
0.46 0.0726997 49960.1
0.465 0.0596077 49463
0.47 0.0489943 48970.9
0.475 0.0403694 48483.6
0.48 0.0333436 48001.2
0.485 0.0276067 47523.6
0.49 0.0229112 47050.7
0.495 0.0190591 46582.6
0.5 0.0158917 46119.1
0.505 0.0132812 45660.2
0.51 0.0111249 45205.9
0.515 0.00933984 44756.1
0.52 0.00785873 44310.8
0.525 0.00662716 43869.9
0.53 0.00560087 43433.4
0.535 0.0047438 43001.2
0.54 0.00402653 42573.3
0.545 0.003425 42149.7
0.55 0.00291947 41730.3
0.555 0.00249376 41315.1
0.56 0.00213453 40904
0.565 0.00183079 40497
0.57 0.00157345 40094
0.575 0.001355 39695.1
0.58 0.0011692 39300.1
0.585 0.00101085 38909.1
0.59 0.000875657 38521.9
0.595 0.000760005 38138.6
0.6 0.000660887 37759.2
0.605 0.000575782 37383.4
0.61 0.000502574 37011.5
0.615 0.000439487 36643.2
0.62 0.000385024 36278.6
0.625 0.000337923 35917.6
0.63 0.000297117 35560.2
0.635 0.000261703 35206.4
0.64 0.000230916 34856.1
0.645 0.000204107 34509.3
0.65 0.000180721 34165.9
0.655 0.000160289 33825.9
0.66 0.000142407 33489.4
0.665 0.000126733 33156.1
0.67 0.00011297 32826.2
0.675 0.000100868 32499.6
0.68 9.02086e-05 32176.2
0.685 8.08055e-05 31856.1
0.69 7.2498e-05 31539.1
0.695 6.51472e-05 31225.3
0.7 5.86332e-05 30914.6
0.705 5.28522e-05 30607
0.71 4.77141e-05 30302.4
0.715 4.31408e-05 30000.9
0.72 3.90644e-05 29702.4
0.725 3.54258e-05 29406.9
0.73 3.21734e-05 29114.3
0.735 2.92621e-05 28824.6
0.74 2.66527e-05 28537.8
0.745 2.43106e-05 28253.8
0.75 2.22056e-05 27972.7
0.755 2.03114e-05 27694.3
0.76 1.86044e-05 27418.8
0.765 1.70643e-05 27146
0.77 1.56729e-05 26875.8
0.775 1.44144e-05 26608.4
0.78 1.32745e-05 26343.7
0.785 1.22409e-05 26081.5
0.79 1.13025e-05 25822
0.795 1.04496e-05 25565.1
0.8 9.67332e-06 25310.7
0.805 8.96608e-06 25058.9
0.81 8.32097e-06 24809.5
0.815 7.73185e-06 24562.7
0.82 7.19328e-06 24318.3
0.825 6.70037e-06 24076.3
0.83 6.24874e-06 23836.7
0.835 5.83451e-06 23599.6
0.84 5.45417e-06 23364.7
0.845 5.10459e-06 23132.3
0.85 4.78294e-06 22902.1
0.855 4.48669e-06 22674.2
0.86 4.21356e-06 22448.6
0.865 3.96151e-06 22225.2
0.87 3.72867e-06 22004.1
0.875 3.51339e-06 21785.1
0.88 3.31414e-06 21568.4
0.885 3.12956e-06 21353.8
0.89 2.95842e-06 21141.3
0.895 2.7996e-06 20930.9
0.9 2.65208e-06 20722.7
0.905 2.51493e-06 20516.5
0.91 2.38733e-06 20312.3
0.915 2.2685e-06 20110.2
0.92 2.15776e-06 19910.1
0.925 2.05447e-06 19712
0.93 1.95805e-06 19515.9
0.935 1.86797e-06 19321.7
0.94 1.78377e-06 19129.4
0.945 1.70499e-06 18939.1
0.95 1.63123e-06 18750.6
0.955 1.56212e-06 18564.1
0.96 1.49734e-06 18379.4
0.965 1.43656e-06 18196.5
0.97 1.3795e-06 18015.4
0.975 1.3259e-06 17836.2
0.98 1.27552e-06 17658.7
0.985 1.22814e-06 17483
0.99 1.18356e-06 17309
0.995 1.14158e-06 17136.8
1 1.10203e-06 16966.3
1.005 1.06475e-06 16797.5
1.01 1.02961e-06 16630.3
1.015 9.96445e-07 16464.9
1.02 9.65146e-07 16301
1.025 9.35593e-07 16138.8
1.03 9.07677e-07 15978.2
1.035 8.81298e-07 15819.3
1.04 8.56362e-07 15661.9
1.045 8.32784e-07 15506
1.05 8.10483e-07 15351.7
1.055 7.89385e-07 15199
1.06 7.69421e-07 15047.7
1.065 7.50526e-07 14898
1.07 7.32641e-07 14749.8
1.075 7.1571e-07 14603
1.08 6.9968e-07 14457.7
1.085 6.84504e-07 14313.9
1.09 6.70137e-07 14171.4
1.095 6.56537e-07 14030.4
1.1 6.43663e-07 13890.8
1.105 6.31481e-07 13752.6
1.11 6.19955e-07 13615.8
1.115 6.09055e-07 13480.3
1.12 5.98749e-07 13346.2
1.125 5.89011e-07 13213.4
1.13 5.79814e-07 13081.9
1.135 5.71134e-07 12951.7
1.14 5.62948e-07 12822.8
1.145 5.55236e-07 12695.3
1.15 5.47977e-07 12568.9
1.155 5.41153e-07 12443.9
1.16 5.34746e-07 12320
1.165 5.28741e-07 12197.5
1.17 5.23122e-07 12076.1
1.175 5.17876e-07 11955.9
1.18 5.12989e-07 11837
1.185 5.08449e-07 11719.2
1.19 5.04244e-07 11602.6
1.195 5.00364e-07 11487.1
1.2 4.968e-07 11372.8
1.205 4.93541e-07 11259.7
1.21 4.9058e-07 11147.6
1.215 4.87908e-07 11036.7
1.22 4.85519e-07 10926.9
1.225 4.83406e-07 10818.2
1.23 4.81562e-07 10710.5
1.235 4.79983e-07 10604
1.24 4.78662e-07 10498.5
1.245 4.77595e-07 10394
1.25 4.76779e-07 10290.6
1.255 4.76209e-07 10188.2
1.26 4.75882e-07 10086.8
1.265 4.75795e-07 9986.44
1.27 4.75945e-07 9887.07
1.275 4.76331e-07 9788.69
1.28 4.76951e-07 9691.29
1.285 4.77803e-07 9594.86
1.29 4.78887e-07 9499.39
1.295 4.80201e-07 9404.87
1.3 4.81745e-07 9311.29
1.305 4.83518e-07 9218.64
1.31 4.85523e-07 9126.92
1.315 4.87758e-07 9036.1
1.32 4.90224e-07 8946.19
1.325 4.92924e-07 8857.18
1.33 4.95858e-07 8769.05
1.335 4.99029e-07 8681.79
1.34 5.02437e-07 8595.41
1.345 5.06087e-07 8509.88
1.35 5.0998e-07 8425.21
1.355 5.14119e-07 8341.37
1.36 5.18508e-07 8258.38
1.365 5.23151e-07 8176.2
1.37 5.28051e-07 8094.85
1.375 5.33212e-07 8014.3
1.38 5.3864e-07 7934.56
1.385 5.44339e-07 7855.61
1.39 5.50315e-07 7777.45
1.395 5.56572e-07 7700.06
1.4 5.63118e-07 7623.44
1.405 5.69957e-07 7547.59
1.41 5.77098e-07 7472.49
1.415 5.84546e-07 7398.14
1.42 5.92309e-07 7324.52
1.425 6.00395e-07 7251.64
1.43 6.08813e-07 7179.49
1.435 6.1757e-07 7108.05
1.44 6.26676e-07 7037.32
1.445 6.3614e-07 6967.3
1.45 6.45971e-07 6897.98
1.455 6.56181e-07 6829.34
1.46 6.6678e-07 6761.39
1.465 6.7778e-07 6694.11
1.47 6.89191e-07 6627.5
1.475 7.01027e-07 6561.56
1.48 7.133e-07 6496.27
1.485 7.26023e-07 6431.63
1.49 7.39212e-07 6367.63
1.495 7.52879e-07 6304.27
1.5 7.67041e-07 6241.55
1.505 7.81714e-07 6179.44
1.51 7.96913e-07 6117.96
1.515 8.12656e-07 6057.08
1.52 8.28961e-07 5996.81
1.525 8.45847e-07 5937.14
1.53 8.63333e-07 5878.07
1.535 8.8144e-07 5819.58
1.54 9.00189e-07 5761.67
1.545 9.19601e-07 5704.34
1.55 9.39699e-07 5647.58
1.555 9.60508e-07 5591.39
1.56 9.82053e-07 5535.75
1.565 1.00436e-06 5480.67
1.57 1.02745e-06 5426.14
1.575 1.05136e-06 5372.15
1.58 1.07612e-06 5318.69
1.585 1.10175e-06 5265.77
1.59 1.12829e-06 5213.38
1.595 1.15577e-06 5161.5
1.6 1.18422e-06 5110.15
1.605 1.21369e-06 5059.3
1.61 1.2442e-06 5008.96
1.615 1.2758e-06 4959.12
1.62 1.30852e-06 4909.77
1.625 1.34242e-06 4860.92
1.63 1.37753e-06 4812.55
1.635 1.41389e-06 4764.67
1.64 1.45156e-06 4717.26
1.645 1.49059e-06 4670.32
1.65 1.53103e-06 4623.85
1.655 1.57292e-06 4577.84
1.66 1.61633e-06 4532.29
1.665 1.66132e-06 4487.2
1.67 1.70794e-06 4442.55
1.675 1.75626e-06 4398.34
1.68 1.80634e-06 4354.58
1.685 1.85825e-06 4311.25
1.69 1.91207e-06 4268.35
1.695 1.96787e-06 4225.88
1.7 2.02573e-06 4183.83
1.705 2.08572e-06 4142.2
1.71 2.14793e-06 4100.99
1.715 2.21246e-06 4060.18
1.72 2.27938e-06 4019.78
1.725 2.3488e-06 3979.79
1.73 2.42082e-06 3940.19
1.735 2.49553e-06 3900.98
1.74 2.57306e-06 3862.17
1.745 2.6535e-06 3823.74
1.75 2.73698e-06 3785.69
1.755 2.82363e-06 3748.02
1.76 2.91356e-06 3710.73
1.765 3.00692e-06 3673.81
1.77 3.10383e-06 3637.25
1.775 3.20445e-06 3601.06
1.78 3.30893e-06 3565.23
1.785 3.41743e-06 3529.75
1.79 3.53011e-06 3494.63
1.795 3.64713e-06 3459.86
1.8 3.7687e-06 3425.43
1.805 3.89497e-06 3391.35
1.81 4.02617e-06 3357.61
1.815 4.16248e-06 3324.2
1.82 4.30412e-06 3291.12
1.825 4.45131e-06 3258.37
1.83 4.60429e-06 3225.95
1.835 4.76329e-06 3193.85
1.84 4.92857e-06 3162.07
1.845 5.10039e-06 3130.61
1.85 5.27903e-06 3099.46
1.855 5.46477e-06 3068.62
1.86 5.65792e-06 3038.09
1.865 5.85878e-06 3007.86
1.87 6.06768e-06 2977.93
1.875 6.28497e-06 2948.3
1.88 6.511e-06 2918.96
1.885 6.74614e-06 2889.92
1.89 6.99079e-06 2861.16
1.895 7.24534e-06 2832.69
1.9 7.51023e-06 2804.51
1.905 7.78589e-06 2776.6
1.91 8.07279e-06 2748.97
1.915 8.37142e-06 2721.62
1.92 8.68227e-06 2694.54
1.925 9.00588e-06 2667.73
1.93 9.34279e-06 2641.19
1.935 9.69359e-06 2614.91
1.94 1.00589e-05 2588.89
1.945 1.04393e-05 2563.13
1.95 1.08355e-05 2537.62
1.955 1.12481e-05 2512.37
1.96 1.16779e-05 2487.38
1.965 1.21257e-05 2462.63
1.97 1.25921e-05 2438.12
1.975 1.30782e-05 2413.86
1.98 1.35846e-05 2389.84
1.985 1.41123e-05 2366.06
1.99 1.46622e-05 2342.52
1.995 1.52354e-05 2319.21
2 1.58327e-05 2296.14
2.005 1.64555e-05 2273.29
2.01 1.71046e-05 2250.67
2.015 1.77813e-05 2228.28
2.02 1.84869e-05 2206.1
2.025 1.92226e-05 2184.15
2.03 1.99898e-05 2162.42
2.035 2.07898e-05 2140.9
2.04 2.16242e-05 2119.6
2.045 2.24944e-05 2098.51
2.05 2.34021e-05 2077.63
2.055 2.4349e-05 2056.96
2.06 2.53368e-05 2036.49
2.065 2.63673e-05 2016.23
2.07 2.74426e-05 1996.17
2.075 2.85645e-05 1976.3
2.08 2.97352e-05 1956.64
2.085 3.09569e-05 1937.17
2.09 3.2232e-05 1917.89
2.095 3.35628e-05 1898.81
2.1 3.49518e-05 1879.92
2.105 3.64018e-05 1861.21
2.11 3.79154e-05 1842.69
2.115 3.94957e-05 1824.36
2.12 4.11455e-05 1806.21
2.125 4.28681e-05 1788.23
2.13 4.46669e-05 1770.44
2.135 4.65452e-05 1752.82
2.14 4.85068e-05 1735.38
2.145 5.05554e-05 1718.12
2.15 5.26951e-05 1701.02
2.155 5.493e-05 1684.09
2.16 5.72645e-05 1667.34
2.165 5.97032e-05 1650.75
2.17 6.22509e-05 1634.32
2.175 6.49126e-05 1618.06
2.18 6.76936e-05 1601.96
2.185 7.05994e-05 1586.02
2.19 7.36358e-05 1570.24
2.195 7.68088e-05 1554.62
2.2 8.01248e-05 1539.15
2.205 8.35903e-05 1523.83
2.21 8.72124e-05 1508.67
2.215 9.09983e-05 1493.66
2.22 9.49556e-05 1478.8
2.225 9.90924e-05 1464.08
2.23 0.000103417 1449.51
2.235 0.000107938 1435.09
2.24 0.000112665 1420.81
2.245 0.000117607 1406.67
2.25 0.000122775 1392.68
2.255 0.000128178 1378.82
2.26 0.000133829 1365.1
2.265 0.000139738 1351.52
2.27 0.000145918 1338.07
2.275 0.000152382 1324.76
2.28 0.000159142 1311.57
2.285 0.000166214 1298.52
2.29 0.00017361 1285.6
2.295 0.000181348 1272.81
2.3 0.000189442 1260.15
2.305 0.000197911 1247.61
2.31 0.00020677 1235.19
2.315 0.00021604 1222.9
2.32 0.000225739 1210.74
2.325 0.000235888 1198.69
2.33 0.000246508 1186.76
2.335 0.000257621 1174.95
2.34 0.000269251 1163.26
2.345 0.000281422 1151.69
2.35 0.000294161 1140.23
2.355 0.000307493 1128.88
2.36 0.000321448 1117.65
2.365 0.000336056 1106.53
2.37 0.000351346 1095.52
2.375 0.000367352 1084.62
2.38 0.000384109 1073.83
2.385 0.000401651 1063.14
2.39 0.000420016 1052.56
2.395 0.000439245 1042.09
2.4 0.000459378 1031.72
2.405 0.000480458 1021.45
2.41 0.000502531 1011.29
2.415 0.000525645 1001.23
2.42 0.00054985 991.266
2.425 0.000575198 981.403
2.43 0.000601743 971.638
2.435 0.000629545 961.97
2.44 0.000658662 952.398
2.445 0.00068916 942.922
2.45 0.000721103 933.54
2.455 0.000754562 924.251
2.46 0.00078961 915.054
2.465 0.000826324 905.949
2.47 0.000864784 896.935
2.475 0.000905074 888.01
2.48 0.000947284 879.175
2.485 0.000991506 870.427
2.49 0.00103784 861.766
2.495 0.00108638 853.191
2.5 0.00113724 844.702
2.505 0.00119054 836.297
2.51 0.00124638 827.975
2.515 0.0013049 819.737
2.52 0.00136622 811.58
2.525 0.00143048 803.505
2.53 0.00149782 795.51
2.535 0.0015684 787.595
2.54 0.00164236 779.758
2.545 0.00171988 771.999
2.55 0.00180113 764.318
2.555 0.00188629 756.713
2.56 0.00197555 749.183
2.565 0.00206911 741.729
2.57 0.00216719 734.349
2.575 0.00226999 727.042
2.58 0.00237776 719.807
2.585 0.00249074 712.645
2.59 0.00260917 705.554
2.595 0.00273334 698.534
2.6 0.00286351 691.583
2.605 0.00299999 684.702
2.61 0.00314307 677.889
2.615 0.0032931 671.144
2.62 0.0034504 664.466
2.625 0.00361533 657.855
2.63 0.00378828 651.309
2.635 0.00396962 644.828
2.64 0.00415978 638.412
2.645 0.00435919 632.06
2.65 0.0045683 625.771
2.655 0.0047876 619.544
2.66 0.00501757 613.38
2.665 0.00525876 607.277
2.67 0.0055117 601.234
2.675 0.00577699 595.252
2.68 0.00605522 589.329
2.685 0.00634704 583.465
2.69 0.00665312 577.66
2.695 0.00697416 571.912
2.7 0.0073109 566.221
2.705 0.00766412 560.587
2.71 0.00803463 555.009
2.715 0.00842328 549.487
2.72 0.00883098 544.02
2.725 0.00925866 538.606
2.73 0.00970731 533.247
2.735 0.010178 527.941
2.74 0.0106718 522.688
2.745 0.0111898 517.488
2.75 0.0117332 512.339
2.755 0.0123034 507.241
2.76 0.0129016 502.194
2.765 0.0135293 497.197
2.77 0.0141878 492.25
2.775 0.0148787 487.352
2.78 0.0156037 482.503
2.785 0.0163644 477.702
2.79 0.0171626 472.949
2.795 0.0180001 468.243
2.8 0.0188789 463.584
2.805 0.0198012 458.971
2.81 0.0207689 454.404
2.815 0.0217845 449.883
2.82 0.0228502 445.407
2.825 0.0239686 440.975
2.83 0.0251422 436.587
2.835 0.026374 432.243
2.84 0.0276666 427.943
2.845 0.0290233 423.685
2.85 0.0304471 419.469
2.855 0.0319414 415.295
2.86 0.0335097 411.163
2.865 0.0351558 407.072
2.87 0.0368835 403.022
2.875 0.0386969 399.012
2.88 0.0406003 395.042
2.885 0.0425981 391.111
2.89 0.0446951 387.22
2.895 0.0468963 383.367
2.9 0.0492067 379.553
2.905 0.051632 375.776
2.91 0.0541779 372.037
2.915 0.0568503 368.336
2.92 0.0596557 364.671
2.925 0.0626006 361.043
2.93 0.0656921 357.451
2.935 0.0689375 353.894
2.94 0.0723445 350.373
2.945 0.0759212 346.887
2.95 0.0796762 343.436
2.955 0.0836183 340.019
2.96 0.0877569 336.636
2.965 0.0921019 333.286
2.97 0.0966637 329.971
2.975 0.101453 326.688
2.98 0.106481 323.437
2.985 0.111761 320.219
2.99 0.117304 317.034
2.995 0.123124 313.879
3 0.129235 310.757
3.005 0.135651 307.665
3.01 0.142388 304.604
3.015 0.149461 301.574
3.02 0.156889 298.573
3.025 0.164688 295.603
3.03 0.172877 292.662
3.035 0.181476 289.751
3.04 0.190506 286.868
3.045 0.199988 284.014
3.05 0.209945 281.189
3.055 0.2204 278.392
3.06 0.23138 275.622
3.065 0.242909 272.88
3.07 0.255017 270.166
3.075 0.267732 267.478
3.08 0.281085 264.818
3.085 0.295107 262.183
3.09 0.309833 259.575
3.095 0.325298 256.993
3.1 0.34154 254.437
3.105 0.358597 251.906
3.11 0.37651 249.401
3.115 0.395323 246.92
3.12 0.415082 244.464
3.125 0.435833 242.033
3.13 0.457627 239.626
3.135 0.480517 237.242
3.14 0.504558 234.883
3.145 0.529808 232.547
3.15 0.556327 230.234
3.155 0.584181 227.945
3.16 0.613437 225.678
3.165 0.644165 223.434
3.17 0.67644 221.212
3.175 0.710339 219.013
3.18 0.745946 216.835
3.185 0.783346 214.679
3.19 0.82263 212.545
3.195 0.863893 210.432
3.2 0.907235 208.34
3.205 0.952762 206.269
3.21 1.00058 204.218
3.215 1.05082 202.188
3.22 1.10358 200.179
3.225 1.15901 198.189
3.23 1.21723 196.219
3.235 1.27839 194.269
3.24 1.34264 192.339
3.245 1.41013 190.428
3.25 1.48102 188.536
3.255 1.5555 186.662
3.26 1.63373 184.808
3.265 1.71592 182.972
3.27 1.80225 181.155
3.275 1.89295 179.356
3.28 1.98823 177.574
3.285 2.08832 175.811
3.29 2.19347 174.066
3.295 2.30394 172.337
3.3 2.41999 170.627
3.305 2.5419 168.933
3.31 2.66998 167.257
3.315 2.80454 165.597
3.32 2.9459 163.954
3.325 3.09442 162.327
3.33 3.25045 160.717
3.335 3.41437 159.123
3.34 3.58659 157.546
3.345 3.76752 155.984
3.35 3.95761 154.438
3.355 4.15733 152.907
3.36 4.36716 151.392
3.365 4.58761 149.893
3.37 4.81923 148.408
3.375 5.06257 146.939
3.38 5.31825 145.484
3.385 5.58688 144.044
3.39 5.86911 142.619
3.395 6.16565 141.209
3.4 6.47722 139.812
3.405 6.80458 138.43
3.41 7.14853 137.063
3.415 7.50992 135.709
3.42 7.88964 134.369
3.425 8.2886 133.043
3.43 8.7078 131.73
3.435 9.14826 130.431
3.44 9.61107 129.145
3.445 10.0973 127.873
3.45 10.6083 126.614
3.455 11.1452 125.367
3.46 11.7093 124.134
3.465 12.302 122.914
3.47 12.9249 121.706
3.475 13.5793 120.511
3.48 14.267 119.328
3.485 14.9896 118.158
3.49 15.7488 117.001
3.495 16.5467 115.855
3.5 17.385 114.722
3.505 18.2659 113.601
3.51 19.1916 112.491
3.515 20.1643 111.394
3.52 21.1864 110.308
3.525 22.2604 109.235
3.53 23.389 108.172
3.535 24.575 107.122
3.54 25.8212 106.082
3.545 27.1307 105.055
3.55 28.5068 104.038
3.555 29.9529 103.033
3.56 31.4725 102.039
3.565 33.0693 101.057
3.57 34.7473 100.085
3.575 36.5107 99.1245
3.58 38.3637 98.175
3.585 40.311 97.2363
3.59 42.3572 96.3086
3.595 44.5076 95.3917
3.6 46.7674 94.4857
3.605 49.1421 93.5904
3.61 51.6376 92.7059
3.615 54.2601 91.832
3.62 57.016 90.9689
3.625 59.9121 90.1164
3.63 62.9556 89.2745
3.635 66.154 88.4433
3.64 69.5152 87.6227
3.645 73.0475 86.8126
3.65 76.7595 86.0132
3.655 80.6605 85.2244
3.66 84.7601 84.4462
3.665 89.0684 83.6787
3.67 93.5961 82.9217
3.675 98.3542 82.1755
3.68 103.355 81.4399
3.685 108.61 80.715
3.69 114.132 80.0009
3.695 119.936 79.2976
3.7 126.036 78.6052
3.705 132.446 77.9237
3.71 139.183 77.2532
3.715 146.262 76.5937
3.72 153.703 75.9454
3.725 161.522 75.3083
3.73 169.74 74.6825
3.735 178.376 74.0682
3.74 187.453 73.4654
3.745 196.992 72.8744
3.75 207.017 72.2951
3.755 217.552 71.7278
3.76 228.625 71.1727
3.765 240.261 70.6299
3.77 252.491 70.0996
3.775 265.344 69.5819
3.78 278.851 69.0773
3.785 293.048 68.5857
3.79 307.967 68.1076
3.795 323.647 67.6432
3.8 340.126 67.1927
3.805 357.445 66.7565
3.81 375.647 66.3349
3.815 394.776 65.9283
3.82 414.88 65.537
3.825 436.009 65.1615
3.83 458.215 64.8022
3.835 481.552 64.4595
3.84 506.079 64.134
3.845 531.857 63.8261
3.85 558.947 63.5366
3.855 587.419 63.2659
3.86 617.342 63.0147
3.865 648.789 62.7839
3.87 681.84 62.574
3.875 716.575 62.386
3.88 753.08 62.2207
3.885 791.445 62.079
3.89 831.765 61.9621
3.895 874.14 61.8709
3.9 918.674 61.8068
3.905 965.477 61.7708
3.91 1014.66 61.7646
3.915 1066.36 61.7895
3.92 1120.69 61.8472
3.925 1177.78 61.9394
3.93 1237.78 62.068
3.935 1300.84 62.2353
3.94 1367.11 62.4433
3.945 1436.75 62.6946
3.95 1509.94 62.9919
3.955 1586.86 63.3381
3.96 1667.69 63.7364
3.965 1752.63 64.1904
3.97 1841.9 64.704
3.975 1935.7 65.2814
3.98 2034.28 65.9273
3.985 2137.87 66.647
3.99 2246.73 67.446
3.995 2361.12 68.3309
4 2481.33 69.3087
4.005 2607.64 70.3871
4.01 2740.36 71.5749
4.015 2879.82 72.8818
4.02 3026.36 74.3188
4.025 3180.33 75.898
4.03 3342.1 77.6333
4.035 3512.08 79.54
4.04 3690.66 81.6357
4.045 3878.28 83.9401
4.05 4075.38 86.4757
4.055 4282.45 89.2681
4.06 4499.98 92.3465
4.065 4728.47 95.7443
4.07 4968.48 99.4998
4.075 5220.57 103.657
4.08 5485.33 108.268
4.085 5763.37 113.391
4.09 6055.35 119.095
4.095 6361.92 125.461
4.1 6683.79 132.583
4.105 7021.69 140.573
4.11 7376.35 149.561
4.115 7748.55 159.702
4.12 8139.1 171.183
4.125 8548.8 184.225
4.13 8978.51 199.094
4.135 9429.06 216.112
4.14 9901.32 235.67
4.145 10396.1 258.242
4.15 10914.4 284.414
4.155 11456.8 314.904
4.16 12024.2 350.602
4.165 12617.3 392.618
4.17 13236.6 442.342
4.175 13882.5 501.526
4.18 14555.2 572.391
4.185 15254.6 657.765
4.19 15980 761.279
4.195 16730.4 887.609
4.2 17503.8 1042.82
4.205 18297.1 1234.81
4.21 19105.8 1473.91
4.215 19923.5 1773.69
4.22 20741.2 2151.98
4.225 21546.5 2632.25
4.23 22322.2 3245.32
4.235 23045.5 4031.36
4.24 23686.2 5042.2
4.245 24205.2 6343.4
4.25 24553.2 8015.44
4.255 24671.3 10152.4
4.26 24492.8 12855.8
4.265 23950.3 16221.5
4.27 22987.4 20315.6
4.275 21576.3 25143.1
4.28 19735.9 30614.6
4.285 17543.9 36529.5
4.29 15133.3 42590.1
4.295 12668.8 48453.6
4.3 10311.2 53804.5
4.305 8185.27 58416.9
4.31 6362.9 62182.7
4.315 4864.4 65101.3
4.32 3672.18 67247.8
4.325 2747.24 68736.1
4.33 2042.87 69690.2
4.335 1513.52 70225.5
4.34 1119.28 70441.1
4.345 827.353 70417.1
4.35 611.927 70216.1
4.355 453.202 69885.7
4.36 336.286 69462
4.365 250.104 68971.2
4.37 186.489 68433
4.375 139.442 67861.8
4.38 104.568 67268
4.385 78.652 66659.3
4.39 59.3408 66041.3
4.395 44.9102 65418
4.4 34.0952 64792.5
4.405 25.9656 64166.9
4.41 19.8363 63542.9
4.415 15.2011 62921.6
4.42 11.6851 62303.9
4.425 9.01011 61690.3
4.43 6.96872 61081.3
4.435 5.40621 60477.3
4.44 4.20667 59878.4
4.445 3.28306 59284.8
4.45 2.56981 58696.6
4.455 2.01742 58113.9
4.46 1.58836 57536.7
4.465 1.25415 56965
4.47 0.993082 56398.8
4.475 0.788577 55838.1
4.48 0.627934 55282.9
4.485 0.5014 54733.1
4.49 0.401459 54188.8
4.495 0.322311 53649.8
4.5 0.259462 53116.1
4.505 0.209423 52587.7
4.51 0.16948 52064.6
4.515 0.137512 51546.6
4.52 0.111862 51033.7
4.525 0.0912289 50526
4.53 0.0745898 50023.3
4.535 0.0611382 49525.6
4.54 0.0502367 49032.8
4.545 0.0413804 48545
4.55 0.0341681 48062
4.555 0.0282808 47583.8
4.56 0.0234637 47110.3
4.565 0.0195129 46641.6
4.57 0.0162653 46177.5
4.575 0.0135895 45718
4.58 0.0113799 45263.1
4.585 0.00955116 44812.7
4.59 0.00803428 44366.8
4.595 0.00677331 43925.4
4.6 0.0057228 43488.3
4.605 0.00484575 43055.6
4.61 0.00411195 42627.2
4.615 0.00349672 42203.1
4.62 0.00297982 41783.1
4.625 0.00254464 41367.4
4.63 0.00217751 40955.8
4.635 0.00186717 40548.3
4.64 0.00160431 40144.8
4.645 0.00138123 39745.4
4.65 0.00119153 39349.9
4.655 0.00102991 38958.3
4.66 0.000891944 38570.7
4.665 0.000773953 38186.9
4.67 0.000672854 37806.9
4.675 0.000586069 37430.8
4.68 0.000511433 37058.3
4.685 0.000447129 36689.6
4.69 0.000391629 36324.5
4.695 0.000343641 35963.1
4.7 0.000302076 35605.2
4.705 0.000266012 35251
4.71 0.000234666 34900.2
4.715 0.000207376 34553
4.72 0.000183576 34209.1
4.725 0.000162786 33868.8
4.73 0.000144595 33531.8
4.735 0.000128652 33198.1
4.74 0.000114658 32867.8
4.745 0.000102353 32540.7
4.75 9.15182e-05 32217
4.755 8.1962e-05 31896.4
4.76 7.35208e-05 31579
4.765 6.60532e-05 31264.8
4.77 5.94369e-05 30953.7
4.775 5.35662e-05 30645.7
4.78 4.83494e-05 30340.8
4.785 4.37069e-05 30038.9
4.79 3.95695e-05 29740
4.795 3.58772e-05 29444.1
4.8 3.25772e-05 29151.1
4.805 2.9624e-05 28861.1
4.81 2.69774e-05 28573.9
4.815 2.46023e-05 28289.6
4.82 2.24681e-05 28008.1
4.825 2.05478e-05 27729.4
4.83 1.88177e-05 27453.5
4.835 1.7257e-05 27180.3
4.84 1.58472e-05 26909.9
4.845 1.45722e-05 26642.1
4.85 1.34176e-05 26377
4.855 1.23708e-05 26114.6
4.86 1.14206e-05 25854.7
4.865 1.0557e-05 25597.5
4.87 9.77119e-06 25342.8
4.875 9.05535e-06 25090.6
4.88 8.40249e-06 24840.9
4.885 7.80639e-06 24593.8
4.89 7.2615e-06 24349.1
4.895 6.76288e-06 24106.8
4.9 6.30608e-06 23866.9
4.905 5.88717e-06 23629.4
4.91 5.50258e-06 23394.3
4.915 5.14913e-06 23161.5
4.92 4.82397e-06 22931.1
4.925 4.52453e-06 22702.9
4.93 4.24849e-06 22477
4.935 3.99379e-06 22253.4
4.94 3.75853e-06 22031.9
4.945 3.54103e-06 21812.7
4.95 3.33975e-06 21595.7
4.955 3.15332e-06 21380.8
4.96 2.98048e-06 21168
4.965 2.8201e-06 20957.4
4.97 2.67115e-06 20748.9
4.975 2.53268e-06 20542.4
4.98 2.40387e-06 20338
4.985 2.28393e-06 20135.7
4.99 2.17215e-06 19935.3
4.995 2.06791e-06 19737
5 1.97062e-06 19540.6
