0 5000 100
0.005 5247.5 104.248
0.01 5507.14 108.946
0.015 5779.5 114.153
0.02 6065.17 119.935
0.025 6364.79 126.369
0.03 6679.01 133.546
0.035 7008.5 141.57
0.04 7353.97 150.565
0.045 7716.13 160.678
0.05 8095.74 172.079
0.055 8493.56 184.974
0.06 8910.38 199.606
0.065 9347.01 216.267
0.07 9804.25 235.308
0.075 10282.9 257.151
0.08 10783.9 282.31
0.085 11307.8 311.41
0.09 11855.6 345.216
0.095 12427.9 384.667
0.1 13025.4 430.925
0.105 13648.6 485.431
0.11 14297.9 549.983
0.115 14973.5 626.835
0.12 15675.3 718.825
0.125 16402.7 829.543
0.13 17154.8 963.554
0.135 17929.9 1126.68
0.14 18725.4 1326.39
0.145 19537.4 1572.27
0.15 20360.7 1876.67
0.155 21187.7 2255.53
0.16 22008.1 2729.37
0.165 22808.2 3324.6
0.17 23569.5 4074.94
0.175 24267.7 5023.09
0.18 24871.6 6222.19
0.185 25341.4 7736.75
0.19 25628.2 9642.18
0.195 25674 12021.3
0.2 25414.6 14956.2
0.205 24784.8 18513.5
0.21 23729.7 22721.6
0.215 22220.3 27543.2
0.22 20271.2 32851.1
0.225 17955.1 38421.1
0.23 15403.6 43955.1
0.235 12788.5 49136.8
0.24 10286 53699.6
0.245 8038.5 57479.2
0.25 6130.19 60428
0.255 4584.53 62594.1
0.26 3378.93 64083.2
0.265 2465.21 65022.1
0.27 1787.01 65533.8
0.275 1290.81 65724.4
0.28 931.162 65679.2
0.285 671.931 65463.7
0.29 485.592 65127
0.295 351.746 64704.8
0.3 255.535 64223.1
0.305 186.256 63700.4
0.31 136.246 63150.2
0.315 100.038 62581.9
0.32 73.7371 62002.2
0.325 54.5647 61416
0.33 40.5372 60826.8
0.335 30.2353 60236.9
0.34 22.6407 59648.2
0.345 17.0203 59061.8
0.35 12.8451 58478.8
0.355 9.73151 57899.7
0.36 7.40083 57325
0.365 5.64961 56755
0.37 4.32887 56189.9
0.375 3.32912 55629.9
0.38 2.56958 55075
0.385 1.99046 54525.3
0.39 1.54733 53980.9
0.395 1.20707 53441.8
0.4 0.944882 52907.9
0.405 0.742167 52379.2
0.41 0.584905 51855.7
0.415 0.462497 51337.4
0.42 0.366905 50824.2
0.425 0.292012 50316.1
0.43 0.233148 49813.1
0.435 0.186736 49315
0.44 0.150029 48821.9
0.445 0.120907 48333.8
0.45 0.0977326 47850.5
0.455 0.0792365 47372
0.46 0.0644303 46898.3
0.465 0.0525435 46429.4
0.47 0.0429729 45965.1
0.475 0.0352452 45505.5
0.48 0.0289882 45050.4
0.485 0.023908 44599.9
0.49 0.0197719 44153.9
0.495 0.0163955 43712.4
0.5 0.0136318 43275.3
0.505 0.0113638 42842.5
0.51 0.00949772 42414.1
0.515 0.00795842 41990
0.52 0.00668547 41570.1
0.525 0.00563017 41154.4
0.53 0.00475315 40742.8
0.535 0.00402252 40335.4
0.54 0.0034124 39932.1
0.545 0.0029017 39532.7
0.55 0.00247322 39137.4
0.555 0.0021129 38746
0.56 0.00180922 38358.6
0.565 0.00155268 37975
0.57 0.0013355 37595.3
0.575 0.00115123 37219.3
0.58 0.000994555 36847.1
0.585 0.00086105 36478.6
0.59 0.000747053 36113.8
0.595 0.000649511 35752.7
0.6 0.000565877 35395.2
0.605 0.000494025 35041.2
0.61 0.00043217 34690.8
0.615 0.000378817 34343.9
0.62 0.000332707 34000.5
0.625 0.000292782 33660.5
0.63 0.000258145 33323.9
0.635 0.00022804 32990.6
0.64 0.000201826 32660.7
0.645 0.000178959 32334.1
0.65 0.000158974 32010.8
0.655 0.000141478 31690.7
0.66 0.000126135 31373.8
0.665 0.000112655 31060
0.67 0.000100792 30749.4
0.675 9.03353e-05 30441.9
0.68 8.11022e-05 30137.5
0.685 7.29362e-05 29836.1
0.69 6.57023e-05 29537.8
0.695 5.9284e-05 29242.4
0.7 5.35801e-05 28950
0.705 4.85034e-05 28660.5
0.71 4.39779e-05 28373.9
0.715 3.99377e-05 28090.1
0.72 3.63253e-05 27809.2
0.725 3.30907e-05 27531.1
0.73 3.01901e-05 27255.8
0.735 2.75853e-05 26983.3
0.74 2.52429e-05 26713.4
0.745 2.31334e-05 26446.3
0.75 2.12311e-05 26181.8
0.755 1.95133e-05 25920
0.76 1.79601e-05 25660.8
0.765 1.65537e-05 25404.2
0.77 1.52787e-05 25150.2
0.775 1.41214e-05 24898.7
0.78 1.30694e-05 24649.7
0.785 1.21121e-05 24403.2
0.79 1.12398e-05 24159.1
0.795 1.04441e-05 23917.6
0.8 9.71732e-06 23678.4
0.805 9.05273e-06 23441.6
0.81 8.44432e-06 23207.2
0.815 7.88669e-06 22975.1
0.82 7.37504e-06 22745.4
0.825 6.90505e-06 22517.9
0.83 6.47287e-06 22292.7
0.835 6.07502e-06 22069.8
0.84 5.7084e-06 21849.1
0.845 5.3702e-06 21630.6
0.85 5.05791e-06 21414.3
0.855 4.76925e-06 21200.2
0.86 4.50216e-06 20988.2
0.865 4.25481e-06 20778.3
0.87 4.02551e-06 20570.5
0.875 3.81276e-06 20364.8
0.88 3.61516e-06 20161.1
0.885 3.43149e-06 19959.5
0.89 3.26061e-06 19759.9
0.895 3.1015e-06 19562.3
0.9 2.95321e-06 19366.7
0.905 2.8149e-06 19173
0.91 2.68579e-06 18981.3
0.915 2.56518e-06 18791.5
0.92 2.45242e-06 18603.6
0.925 2.34693e-06 18417.5
0.93 2.24815e-06 18233.4
0.935 2.1556e-06 18051
0.94 2.06883e-06 17870.5
0.945 1.98741e-06 17691.8
0.95 1.91098e-06 17514.9
0.955 1.83917e-06 17339.8
0.96 1.77168e-06 17166.4
0.965 1.7082e-06 16994.7
0.97 1.64845e-06 16824.7
0.975 1.5922e-06 16656.5
0.98 1.53921e-06 16489.9
0.985 1.48926e-06 16325
0.99 1.44217e-06 16161.8
0.995 1.39773e-06 16000.2
1 1.3558e-06 15840.2
1.005 1.31621e-06 15681.8
1.01 1.27882e-06 15524.9
1.015 1.24349e-06 15369.7
1.02 1.21011e-06 15216
1.025 1.17855e-06 15063.8
1.03 1.14871e-06 14913.2
1.035 1.12049e-06 14764.1
1.04 1.0938e-06 14616.4
1.045 1.06855e-06 14470.3
1.05 1.04467e-06 14325.6
1.055 1.02207e-06 14182.3
1.06 1.0007e-06 14040.5
1.065 9.80482e-07 13900.1
1.07 9.61362e-07 13761.1
1.075 9.43284e-07 13623.5
1.08 9.26194e-07 13487.2
1.085 9.10044e-07 13352.4
1.09 8.94791e-07 13218.8
1.095 8.8039e-07 13086.6
1.1 8.66802e-07 12955.8
1.105 8.53992e-07 12826.2
1.11 8.41924e-07 12698
1.115 8.30567e-07 12571
1.12 8.1989e-07 12445.3
1.125 8.09866e-07 12320.8
1.13 8.00468e-07 12197.6
1.135 7.91672e-07 12075.6
1.14 7.83456e-07 11954.9
1.145 7.75798e-07 11835.3
1.15 7.68679e-07 11717
1.155 7.6208e-07 11599.8
1.16 7.55984e-07 11483.8
1.165 7.50375e-07 11369
1.17 7.45239e-07 11255.3
1.175 7.40562e-07 11142.7
1.18 7.3633e-07 11031.3
1.185 7.32534e-07 10921
1.19 7.2916e-07 10811.8
1.195 7.26201e-07 10703.7
1.2 7.23646e-07 10596.6
1.205 7.21487e-07 10490.7
1.21 7.19717e-07 10385.8
1.215 7.18329e-07 10281.9
1.22 7.17316e-07 10179.1
1.225 7.16674e-07 10077.3
1.23 7.16397e-07 9976.51
1.235 7.16481e-07 9876.75
1.24 7.16923e-07 9777.98
1.245 7.17719e-07 9680.2
1.25 7.18866e-07 9583.4
1.255 7.20364e-07 9487.56
1.26 7.22209e-07 9392.69
1.265 7.24402e-07 9298.76
1.27 7.26942e-07 9205.77
1.275 7.29829e-07 9113.72
1.28 7.33063e-07 9022.58
1.285 7.36646e-07 8932.35
1.29 7.40578e-07 8843.03
1.295 7.44862e-07 8754.6
1.3 7.49501e-07 8667.05
1.305 7.54496e-07 8580.38
1.31 7.59851e-07 8494.58
1.315 7.65571e-07 8409.63
1.32 7.71659e-07 8325.54
1.325 7.78119e-07 8242.28
1.33 7.84958e-07 8159.86
1.335 7.9218e-07 8078.26
1.34 7.99792e-07 7997.48
1.345 8.078e-07 7917.5
1.35 8.16211e-07 7838.33
1.355 8.25033e-07 7759.94
1.36 8.34273e-07 7682.34
1.365 8.43941e-07 7605.52
1.37 8.54045e-07 7529.47
1.375 8.64595e-07 7454.17
1.38 8.756e-07 7379.63
1.385 8.87072e-07 7305.83
1.39 8.99022e-07 7232.77
1.395 9.11461e-07 7160.45
1.4 9.24402e-07 7088.84
1.405 9.37857e-07 7017.95
1.41 9.51841e-07 6947.77
1.415 9.66367e-07 6878.3
1.42 9.81451e-07 6809.51
1.425 9.97107e-07 6741.42
1.43 1.01335e-06 6674
1.435 1.0302e-06 6607.26
1.44 1.04768e-06 6541.19
1.445 1.0658e-06 6475.78
1.45 1.08458e-06 6411.02
1.455 1.10404e-06 6346.91
1.46 1.12421e-06 6283.44
1.465 1.1451e-06 6220.61
1.47 1.16674e-06 6158.4
1.475 1.18915e-06 6096.82
1.48 1.21236e-06 6035.85
1.485 1.23639e-06 5975.49
1.49 1.26127e-06 5915.74
1.495 1.28702e-06 5856.58
1.5 1.31369e-06 5798.01
1.505 1.34129e-06 5740.03
1.51 1.36986e-06 5682.63
1.515 1.39943e-06 5625.81
1.52 1.43003e-06 5569.55
1.525 1.46171e-06 5513.85
1.53 1.4945e-06 5458.71
1.535 1.52843e-06 5404.13
1.54 1.56356e-06 5350.09
1.545 1.59991e-06 5296.59
1.55 1.63753e-06 5243.62
1.555 1.67648e-06 5191.18
1.56 1.71679e-06 5139.27
1.565 1.75851e-06 5087.88
1.57 1.8017e-06 5037
1.575 1.84641e-06 4986.63
1.58 1.89269e-06 4936.76
1.585 1.94061e-06 4887.4
1.59 1.99022e-06 4838.52
1.595 2.04158e-06 4790.14
1.6 2.09476e-06 4742.24
1.605 2.14983e-06 4694.81
1.61 2.20686e-06 4647.86
1.615 2.26591e-06 4601.39
1.62 2.32708e-06 4555.37
1.625 2.39043e-06 4509.82
1.63 2.45605e-06 4464.72
1.635 2.52402e-06 4420.07
1.64 2.59444e-06 4375.87
1.645 2.6674e-06 4332.11
1.65 2.74299e-06 4288.79
1.655 2.82132e-06 4245.9
1.66 2.90249e-06 4203.45
1.665 2.98661e-06 4161.41
1.67 3.0738e-06 4119.8
1.675 3.16417e-06 4078.6
1.68 3.25785e-06 4037.81
1.685 3.35497e-06 3997.44
1.69 3.45567e-06 3957.46
1.695 3.56007e-06 3917.89
1.7 3.66833e-06 3878.71
1.705 3.78061e-06 3839.92
1.71 3.89705e-06 3801.52
1.715 4.01783e-06 3763.51
1.72 4.14312e-06 3725.87
1.725 4.27309e-06 3688.61
1.73 4.40794e-06 3651.73
1.735 4.54785e-06 3615.21
1.74 4.69304e-06 3579.06
1.745 4.8437e-06 3543.27
1.75 5.00008e-06 3507.83
1.755 5.16238e-06 3472.75
1.76 5.33086e-06 3438.03
1.765 5.50577e-06 3403.65
1.77 5.68736e-06 3369.61
1.775 5.87591e-06 3335.91
1.78 6.07169e-06 3302.56
1.785 6.27502e-06 3269.53
1.79 6.48619e-06 3236.83
1.795 6.70552e-06 3204.47
1.8 6.93336e-06 3172.42
1.805 7.17005e-06 3140.7
1.81 7.41596e-06 3109.29
1.815 7.67147e-06 3078.2
1.82 7.93697e-06 3047.42
1.825 8.21288e-06 3016.94
1.83 8.49963e-06 2986.77
1.835 8.79768e-06 2956.9
1.84 9.1075e-06 2927.34
1.845 9.42957e-06 2898.06
1.85 9.76441e-06 2869.08
1.855 1.01126e-05 2840.39
1.86 1.04746e-05 2811.99
1.865 1.0851e-05 2783.87
1.87 1.12425e-05 2756.03
1.875 1.16497e-05 2728.47
1.88 1.20733e-05 2701.18
1.885 1.25139e-05 2674.17
1.89 1.29723e-05 2647.43
1.895 1.34492e-05 2620.96
1.9 1.39454e-05 2594.75
1.905 1.44617e-05 2568.8
1.91 1.49991e-05 2543.11
1.915 1.55583e-05 2517.68
1.92 1.61404e-05 2492.5
1.925 1.67462e-05 2467.58
1.93 1.73769e-05 2442.9
1.935 1.80335e-05 2418.47
1.94 1.87171e-05 2394.29
1.945 1.94289e-05 2370.34
1.95 2.01701e-05 2346.64
1.955 2.09419e-05 2323.18
1.96 2.17458e-05 2299.94
1.965 2.2583e-05 2276.94
1.97 2.3455e-05 2254.17
1.975 2.43634e-05 2231.63
1.98 2.53098e-05 2209.32
1.985 2.62957e-05 2187.22
1.99 2.73229e-05 2165.35
1.995 2.83932e-05 2143.7
2 2.95085e-05 2122.26
2.005 3.06708e-05 2101.04
2.01 3.18822e-05 2080.03
2.015 3.31447e-05 2059.23
2.02 3.44607e-05 2038.63
2.025 3.58324e-05 2018.25
2.03 3.72625e-05 1998.07
2.035 3.87533e-05 1978.09
2.04 4.03077e-05 1958.3
2.045 4.19284e-05 1938.72
2.05 4.36184e-05 1919.33
2.055 4.53807e-05 1900.14
2.06 4.72186e-05 1881.14
2.065 4.91354e-05 1862.33
2.07 5.11347e-05 1843.7
2.075 5.322e-05 1825.27
2.08 5.53953e-05 1807.02
2.085 5.76646e-05 1788.95
2.09 6.0032e-05 1771.06
2.095 6.2502e-05 1753.35
2.1 6.50792e-05 1735.81
2.105 6.77683e-05 1718.45
2.11 7.05744e-05 1701.27
2.115 7.35028e-05 1684.26
2.12 7.6559e-05 1667.41
2.125 7.97487e-05 1650.74
2.13 8.30779e-05 1634.23
2.135 8.65529e-05 1617.89
2.14 9.01804e-05 1601.71
2.145 9.39672e-05 1585.69
2.15 9.79205e-05 1569.84
2.155 0.000102048 1554.14
2.16 0.000106357 1538.6
2.165 0.000110857 1523.21
2.17 0.000115556 1507.98
2.175 0.000120462 1492.9
2.18 0.000125586 1477.97
2.185 0.000130937 1463.19
2.19 0.000136526 1448.56
2.195 0.000142364 1434.07
2.2 0.000148461 1419.73
2.205 0.00015483 1405.54
2.21 0.000161484 1391.48
2.215 0.000168434 1377.56
2.22 0.000175696 1363.79
2.225 0.000183283 1350.15
2.23 0.000191209 1336.65
2.235 0.000199492 1323.28
2.24 0.000208147 1310.05
2.245 0.000217191 1296.95
2.25 0.000226642 1283.98
2.255 0.000236519 1271.14
2.26 0.000246842 1258.43
2.265 0.00025763 1245.85
2.27 0.000268907 1233.39
2.275 0.000280694 1221.05
2.28 0.000293015 1208.84
2.285 0.000305895 1196.75
2.29 0.000319359 1184.79
2.295 0.000333435 1172.94
2.3 0.000348152 1161.21
2.305 0.000363538 1149.6
2.31 0.000379625 1138.1
2.315 0.000396446 1126.72
2.32 0.000414035 1115.45
2.325 0.000432427 1104.3
2.33 0.000451661 1093.26
2.335 0.000471775 1082.32
2.34 0.000492811 1071.5
2.345 0.000514811 1060.78
2.35 0.000537821 1050.18
2.355 0.000561888 1039.67
2.36 0.000587062 1029.28
2.365 0.000613394 1018.99
2.37 0.000640938 1008.8
2.375 0.000669752 998.708
2.38 0.000699896 988.721
2.385 0.00073143 978.833
2.39 0.000764422 969.045
2.395 0.000798939 959.355
2.4 0.000835054 949.761
2.405 0.000872841 940.263
2.41 0.00091238 930.861
2.415 0.000953752 921.552
2.42 0.000997045 912.337
2.425 0.00104235 903.213
2.43 0.00108976 894.181
2.435 0.00113938 885.239
2.44 0.0011913 876.387
2.445 0.00124565 867.623
2.45 0.00130252 858.947
2.455 0.00136206 850.357
2.46 0.00142437 841.854
2.465 0.00148959 833.435
2.47 0.00155786 825.101
2.475 0.00162933 816.85
2.48 0.00170414 808.682
2.485 0.00178246 800.595
2.49 0.00186445 792.589
2.495 0.00195028 784.663
2.5 0.00204014 776.816
2.505 0.00213422 769.048
2.51 0.00223273 761.358
2.515 0.00233587 753.744
2.52 0.00244386 746.207
2.525 0.00255693 738.745
2.53 0.00267533 731.357
2.535 0.00279932 724.044
2.54 0.00292915 716.803
2.545 0.00306511 709.635
2.55 0.00320749 702.539
2.555 0.00335659 695.514
2.56 0.00351275 688.558
2.565 0.0036763 681.673
2.57 0.00384758 674.856
2.575 0.00402698 668.108
2.58 0.00421487 661.427
2.585 0.00441168 654.812
2.59 0.00461782 648.264
2.595 0.00483374 641.782
2.6 0.00505992 635.364
2.605 0.00529684 629.01
2.61 0.00554502 622.72
2.615 0.00580501 616.493
2.62 0.00607736 610.328
2.625 0.00636269 604.225
2.63 0.0066616 598.183
2.635 0.00697475 592.201
2.64 0.00730284 586.279
2.645 0.00764657 580.416
2.65 0.00800671 574.612
2.655 0.00838404 568.866
2.66 0.0087794 563.177
2.665 0.00919364 557.546
2.67 0.0096277 551.97
2.675 0.0100825 546.451
2.68 0.0105591 540.986
2.685 0.0110585 535.576
2.69 0.0115818 530.221
2.695 0.0121302 524.919
2.7 0.0127048 519.669
2.705 0.0133071 514.473
2.71 0.0139382 509.328
2.715 0.0145996 504.235
2.72 0.0152928 499.193
2.725 0.0160193 494.201
2.73 0.0167806 489.259
2.735 0.0175786 484.366
2.74 0.018415 479.523
2.745 0.0192916 474.728
2.75 0.0202104 469.981
2.755 0.0211734 465.281
2.76 0.0221828 460.628
2.765 0.0232409 456.022
2.77 0.0243499 451.462
2.775 0.0255124 446.947
2.78 0.026731 442.478
2.785 0.0280085 438.053
2.79 0.0293475 433.673
2.795 0.0307513 429.336
2.8 0.0322228 425.043
2.805 0.0337655 420.793
2.81 0.0353827 416.585
2.815 0.0370782 412.419
2.82 0.0388556 408.295
2.825 0.0407191 404.212
2.83 0.0426727 400.171
2.835 0.044721 396.169
2.84 0.0468684 392.208
2.845 0.0491199 388.286
2.85 0.0514806 384.403
2.855 0.0539557 380.559
2.86 0.0565508 376.754
2.865 0.0592718 372.986
2.87 0.0621248 369.257
2.875 0.0651164 365.564
2.88 0.0682532 361.909
2.885 0.0715423 358.29
2.89 0.0749913 354.708
2.895 0.0786078 351.161
2.9 0.0824002 347.65
2.905 0.086377 344.173
2.91 0.0905472 340.732
2.915 0.0949203 337.325
2.92 0.0995062 333.952
2.925 0.104315 330.613
2.93 0.109359 327.307
2.935 0.114648 324.034
2.94 0.120194 320.794
2.945 0.126011 317.587
2.95 0.132112 314.411
2.955 0.13851 311.268
2.96 0.14522 308.156
2.965 0.152257 305.074
2.97 0.159637 302.024
2.975 0.167378 299.004
2.98 0.175497 296.015
2.985 0.184012 293.055
2.99 0.192943 290.125
2.995 0.20231 287.225
3 0.212135 284.353
3.005 0.22244 281.51
3.01 0.233249 278.696
3.015 0.244587 275.909
3.02 0.256478 273.151
3.025 0.268952 270.42
3.03 0.282036 267.717
3.035 0.29576 265.04
3.04 0.310156 262.391
3.045 0.325257 259.768
3.05 0.341098 257.171
3.055 0.357714 254.6
3.06 0.375144 252.055
3.065 0.393429 249.536
3.07 0.412609 247.041
3.075 0.43273 244.572
3.08 0.453837 242.127
3.085 0.47598 239.707
3.09 0.499208 237.311
3.095 0.523577 234.939
3.1 0.54914 232.591
3.105 0.575959 230.267
3.11 0.604094 227.965
3.115 0.63361 225.687
3.12 0.664575 223.432
3.125 0.697061 221.199
3.13 0.731144 218.989
3.135 0.7669 216.801
3.14 0.804414 214.634
3.145 0.843771 212.49
3.15 0.885063 210.367
3.155 0.928386 208.265
3.16 0.973838 206.184
3.165 1.02153 204.125
3.17 1.07156 202.086
3.175 1.12406 200.067
3.18 1.17913 198.069
3.185 1.23692 196.09
3.19 1.29756 194.132
3.195 1.36117 192.193
3.2 1.42792 190.274
3.205 1.49796 188.374
3.21 1.57145 186.494
3.215 1.64856 184.632
3.22 1.72946 182.789
3.225 1.81436 180.964
3.23 1.90343 179.158
3.235 1.9969 177.37
3.24 2.09497 175.6
3.245 2.19788 173.848
3.25 2.30586 172.113
3.255 2.41917 170.396
3.26 2.53807 168.697
3.265 2.66283 167.014
3.27 2.79375 165.349
3.275 2.93113 163.7
3.28 3.07529 162.068
3.285 3.22656 160.453
3.29 3.3853 158.854
3.295 3.55187 157.271
3.3 3.72668 155.704
3.305 3.91011 154.153
3.31 4.1026 152.618
3.315 4.3046 151.098
3.32 4.51658 149.594
3.325 4.73903 148.105
3.33 4.97247 146.631
3.335 5.21745 145.173
3.34 5.47453 143.729
3.345 5.74432 142.3
3.35 6.02745 140.885
3.355 6.32458 139.486
3.36 6.6364 138.1
3.365 6.96364 136.729
3.37 7.30706 135.371
3.375 7.66746 134.028
3.38 8.0457 132.698
3.385 8.44265 131.383
3.39 8.85923 130.08
3.395 9.29643 128.792
3.4 9.75527 127.516
3.405 10.2368 126.254
3.41 10.7422 125.005
3.415 11.2726 123.769
3.42 11.8292 122.546
3.425 12.4135 121.336
3.43 13.0266 120.138
3.435 13.6701 118.953
3.44 14.3455 117.781
3.445 15.0543 116.621
3.45 15.7982 115.473
3.455 16.579 114.338
3.46 17.3985 113.214
3.465 18.2586 112.103
3.47 19.1613 111.003
3.475 20.1087 109.915
3.48 21.1031 108.839
3.485 22.1468 107.775
3.49 23.2422 106.722
3.495 24.3919 105.681
3.5 25.5986 104.651
3.505 26.8651 103.633
3.51 28.1944 102.626
3.515 29.5897 101.63
3.52 31.0541 100.645
3.525 32.5912 99.6717
3.53 34.2045 98.709
3.535 35.8979 97.7574
3.54 37.6752 96.8166
3.545 39.5407 95.8868
3.55 41.4988 94.9677
3.555 43.5541 94.0594
3.56 45.7113 93.1618
3.565 47.9756 92.2748
3.57 50.3522 91.3986
3.575 52.8468 90.5329
3.58 55.4652 89.6778
3.585 58.2136 88.8332
3.59 61.0984 87.9991
3.595 64.1265 87.1756
3.6 67.3048 86.3625
3.605 70.641 85.5599
3.61 74.1428 84.7677
3.615 77.8186 83.986
3.62 81.6768 83.2147
3.625 85.7267 82.4539
3.63 89.9777 81.7036
3.635 94.4398 80.9637
3.64 99.1235 80.2343
3.645 104.04 79.5155
3.65 109.201 78.8071
3.655 114.618 78.1094
3.66 120.304 77.4223
3.665 126.272 76.7458
3.67 132.537 76.0801
3.675 139.114 75.4251
3.68 146.017 74.781
3.685 153.263 74.1478
3.69 160.87 73.5256
3.695 168.854 72.9145
3.7 177.235 72.3146
3.705 186.033 71.7259
3.71 195.268 71.1487
3.715 204.962 70.5831
3.72 215.138 70.0291
3.725 225.819 69.487
3.73 237.032 68.9568
3.735 248.801 68.4388
3.74 261.156 67.9331
3.745 274.126 67.44
3.75 287.739 66.9597
3.755 302.03 66.4923
3.76 317.031 66.0382
3.765 332.778 65.5976
3.77 349.308 65.1707
3.775 366.659 64.758
3.78 384.874 64.3596
3.785 403.993 63.9761
3.79 424.064 63.6076
3.795 445.132 63.2547
3.8 467.248 62.9177
3.805 490.463 62.5971
3.81 514.833 62.2934
3.815 540.414 62.0071
3.82 567.267 61.7388
3.825 595.456 61.489
3.83 625.045 61.2584
3.835 656.106 61.0478
3.84 688.711 60.8577
3.845 722.937 60.6891
3.85 758.865 60.5428
3.855 796.578 60.4196
3.86 836.167 60.3206
3.865 877.723 60.2469
3.87 921.345 60.1995
3.875 967.134 60.1797
3.88 1015.2 60.1889
3.885 1065.65 60.2284
3.89 1118.62 60.2998
3.895 1174.21 60.4049
3.9 1232.57 60.5453
3.905 1293.82 60.7232
3.91 1358.12 60.9407
3.915 1425.61 61.2001
3.92 1496.46 61.5039
3.925 1570.82 61.855
3.93 1648.87 62.2563
3.935 1730.8 62.7113
3.94 1816.8 63.2235
3.945 1907.07 63.797
3.95 2001.81 64.4361
3.955 2101.26 65.1458
3.96 2205.64 65.9312
3.965 2315.19 66.7983
3.97 2430.18 67.7536
3.975 2550.86 68.8044
3.98 2677.53 69.9586
3.985 2810.47 71.2252
3.99 2949.99 72.6141
3.995 3096.42 74.1364
4 3250.09 75.8045
4.005 3411.37 77.6324
4.01 3580.61 79.6358
4.015 3758.21 81.8323
4.02 3944.59 84.242
4.025 4140.15 86.8873
4.03 4345.36 89.794
4.035 4560.68 92.9913
4.04 4786.59 96.5125
4.045 5023.61 100.396
4.05 5272.27 104.685
4.055 5533.13 109.43
4.06 5806.76 114.69
4.065 6093.76 120.533
4.07 6394.78 127.035
4.075 6710.46 134.289
4.08 7041.47 142.402
4.085 7388.53 151.5
4.09 7752.36 161.73
4.095 8133.71 173.267
4.1 8533.35 186.32
4.105 8952.07 201.136
4.11 9390.67 218.013
4.115 9849.97 237.307
4.12 10330.8 259.449
4.125 10833.9 284.963
4.13 11360.2 314.486
4.135 11910.3 348.797
4.14 12485.1 388.857
4.145 13085 435.851
4.15 13710.8 491.251
4.155 14362.6 556.895
4.16 15040.8 635.087
4.165 15745.1 728.731
4.17 16474.9 841.502
4.175 17229.4 978.073
4.18 18006.6 1144.41
4.185 18803.9 1348.16
4.19 19617.3 1599.15
4.195 20441.3 1910.05
4.2 21268.2 2297.18
4.205 22087.3 2781.59
4.21 22884.5 3390.33
4.215 23640.8 4157.92
4.22 24331.3 5128.02
4.225 24924 6354.85
4.23 25378.3 7904.06
4.235 25644.3 9851.95
4.24 25663.2 12281.8
4.245 25370.5 15274.9
4.25 24701.3 18895.2
4.255 23602.7 23166.1
4.26 22048.9 28042.3
4.265 20059.9 33387.1
4.27 17714.2 38967.5
4.275 15148.5 44480.8
4.28 12536.8 49612.4
4.285 10053.8 54104.2
4.29 7836.69 57803.2
4.295 5963.6 60672.3
4.3 4452.65 62767.1
4.305 3277.88 64196.8
4.31 2389.63 65088.9
4.315 1731.42 65565
4.32 1250.39 65729.2
4.325 901.972 65664.8
4.33 650.932 65435.5
4.335 470.508 65089.1
4.34 340.909 64660.1
4.345 247.738 64173.7
4.35 180.634 63647.8
4.355 132.181 63095.5
4.36 97.0897 62525.8
4.365 71.5912 61945.3
4.37 52.997 61358.7
4.375 39.3877 60769.3
4.38 29.3893 60179.4
4.385 22.0156 59590.9
4.39 16.5568 59004.8
4.395 12.4999 58422.2
4.4 9.47358 57843.5
4.405 7.20733 57269.2
4.41 5.50391 56699.7
4.415 4.21875 56135.1
4.42 3.24559 55575.5
4.425 2.50599 55021.2
4.43 1.94188 54472
4.435 1.51008 53928.1
4.44 1.17841 53389.5
4.445 0.922755 52856.1
4.45 0.725027 52327.9
4.455 0.571582 51804.9
4.46 0.452108 51287.1
4.465 0.358777 50774.4
4.47 0.285632 50266.8
4.475 0.228125 49764.3
4.48 0.182769 49266.7
4.485 0.146885 48774.1
4.49 0.118408 48286.4
4.495 0.0957411 47803.6
4.5 0.0776443 47325.6
4.505 0.0631537 46852.4
4.51 0.0515169 46383.9
4.515 0.0421449 45920.1
4.52 0.0345757 45460.9
4.525 0.0284453 45006.3
4.53 0.0234665 44556.2
4.535 0.0194119 44110.7
4.54 0.0161011 43669.6
4.545 0.0133905 43232.9
4.55 0.0111655 42800.6
4.555 0.00933433 42372.6
4.56 0.00782345 41948.9
4.565 0.0065737 41529.4
4.57 0.00553737 41114.1
4.575 0.00467592 40702.9
4.58 0.0039581 40295.9
4.585 0.00335853 39893
4.59 0.00285655 39494
4.595 0.00243529 39099.1
4.6 0.00208097 38708.1
4.605 0.00178226 38321
4.61 0.00152989 37937.8
4.615 0.00131618 37558.4
4.62 0.00113482 37182.8
4.625 0.000980581 36811
4.63 0.000849129 36442.9
4.635 0.000736862 36078.5
4.64 0.000640781 35717.7
4.645 0.000558384 35360.5
4.65 0.000487579 35006.9
4.655 0.000426615 34656.8
4.66 0.00037402 34310.3
4.665 0.000328558 33967.2
4.67 0.000289185 33627.5
4.675 0.000255021 33291.2
4.68 0.000225322 32958.3
4.685 0.000199457 32628.7
4.69 0.00017689 32302.4
4.695 0.000157165 31979.4
4.7 0.000139893 31659.6
4.705 0.000124742 31343
4.71 0.000111431 31029.6
4.715 9.97139e-05 30719.3
4.72 8.93839e-05 30412.1
4.725 8.02613e-05 30108
4.73 7.21918e-05 29806.9
4.735 6.50424e-05 29508.8
4.74 5.86979e-05 29213.7
4.745 5.30588e-05 28921.6
4.75 4.8039e-05 28632.4
4.755 4.35636e-05 28346.1
4.76 3.95675e-05 28062.6
4.765 3.59941e-05 27782
4.77 3.27938e-05 27504.2
4.775 2.99237e-05 27229.1
4.78 2.73459e-05 26956.8
4.785 2.50274e-05 26687.3
4.79 2.29392e-05 26420.4
4.795 2.10558e-05 26156.2
4.8 1.93549e-05 25894.6
4.805 1.78167e-05 25635.7
4.81 1.64239e-05 25379.3
4.815 1.51609e-05 25125.5
4.82 1.40143e-05 24874.3
4.825 1.29721e-05 24625.5
4.83 1.20234e-05 24379.3
4.835 1.1159e-05 24135.5
4.84 1.03703e-05 23894.1
4.845 9.64988e-06 23655.2
4.85 8.99103e-06 23418.6
4.855 8.38779e-06 23184.4
4.86 7.83485e-06 22952.6
4.865 7.32744e-06 22723.1
4.87 6.8613e-06 22495.8
4.875 6.43261e-06 22270.9
4.88 6.03795e-06 22048.2
4.885 5.67421e-06 21827.7
4.89 5.33865e-06 21609.4
4.895 5.02876e-06 21393.3
4.9 4.74229e-06 21179.4
4.905 4.47721e-06 20967.6
4.91 4.23168e-06 20757.9
4.915 4.00406e-06 20550.3
4.92 3.79284e-06 20344.8
4.925 3.59666e-06 20141.4
4.93 3.41429e-06 19940
4.935 3.2446e-06 19740.6
4.94 3.08657e-06 19543.2
4.945 2.9393e-06 19347.7
4.95 2.80192e-06 19154.3
4.955 2.67367e-06 18962.7
4.96 2.55385e-06 18773.1
4.965 2.44183e-06 18585.4
4.97 2.33701e-06 18399.5
4.975 2.23886e-06 18215.5
4.98 2.14689e-06 18033.4
4.985 2.06066e-06 17853
4.99 1.97975e-06 17674.5
4.995 1.90378e-06 17497.8
5 1.83241e-06 17322.8
