Genetic Algorithm for maximum of function
0.233501 -158.272
0.0155756 56.9916
0.0638565 15.1756
0.153314 5314.11
0.12008 568.404
0.1631 -15740.9
0.266381 -40.7971
0.00298288 41.8597
0.173424 -2732.71
0.0156712 49.8562
0.133808 1363.36
0.149644 3635.52
0.0611228 -52.1075
0.299845 0.169356
0.0365115 60.7791
0.209566 -396.313
0.118385 488.819
0.106363 17.9966
0.24383 -106.541
0.223627 -229.893
0.223694 -229.311
0.155934 7837.65
0.182709 -1394.52
0.0464429 44.3804
0.118196 480.136
0.0237691 -40.7959
0.255377 -66.8551
0.0340654 -45.6385
0.0423368 -62.108
0.0592041 -81.1096
0.154338 6087.55
0.275838 -24.6602
0.0747796 109.374
0.218194 -282.819
0.129152 1054.38
0.19486 -741.543
0.0812946 -32.3479
0.0955326 -197.853
0.197843 -647.811
0.254719 -68.7299
0.111204 185.945
0.0316507 20.8079
0.104363 -40.5616
0.172327 -3030.59
0.031496 29.859
0.140875 2000.12
0.0818929 -47.0216
0.149881 3711.81
0.247237 -93.1816
0.0257225 61.2255
0.0735076 125.122
0.170931 -3500.56
0.181656 -1486.97
0.256216 -64.5239
0.217374 -291.881
0.299852 0.173748
0.279985 -18.958
0.172751 -2908.95
0.0339171 -48.8404
0.0223221 48.4432
0.231955 -167.803
0.188255 -1024.14
0.29816 -1.03948
0.00673494 -21.258
0.106449 20.6678
0.127312 945.873
0.201595 -550.296
0.187743 -1051.89
0.222844 -236.823
0.099438 -151.012
0.142462 2193.18
0.0340481 -46.0606
0.131089 1176.06
0.246825 -94.7164
0.206375 -450.868
0.162585 -19772.6
0.0876997 -165.677
0.288268 -9.54642
0.0124653 -35.6546
0.0349372 -11.8315
0.01399 42.891
0.0859729 -136.803
0.205868 -460.31
0.195646 -715.223
0.0421891 -61.3354
0.123243 725.244
0.195498 -720.096
0.0221743 57.2656
0.295994 -2.68746
0.229415 -184.707
0.0444964 -24.7844
0.227949 -195.217
0.117669 456.158
0.0426561 -62.1131
0.234684 -151.331
0.224118 -225.651
0.169968 -3906.72
0.136279 1555.74
0.111862 211.255
0.0928122 -206.129
