0.000000	0.000000	0.000000	0.000000	
0.010000	0.053417	0.103430	1.166438	
0.020000	0.063714	0.163821	2.291537	
0.030000	0.030907	0.181267	3.377097	
0.040000	-0.045056	0.155798	4.424855	
0.050000	-0.164297	0.087373	5.436488	
0.060000	-0.327007	-0.024119	6.413615	
0.070000	-0.533446	-0.178855	7.357799	
0.080000	-0.783944	-0.377083	8.270552	
0.090000	-1.078903	-0.619120	9.153333	
0.100000	-1.418793	-0.905353	10.007556	
0.110000	-1.804160	-1.236241	10.834588	
0.120000	-2.235620	-1.612313	11.635751	
0.130000	-2.713863	-2.034171	12.412329	
0.140000	-3.239654	-2.502489	13.165563	
0.150000	-3.813835	-3.018018	13.896659	
0.160000	-4.437325	-3.581582	14.606786	
0.170000	-5.111122	-4.194084	15.297082	
0.180000	-5.836303	-4.856502	15.968651	
0.190000	-6.614029	-5.569898	16.622567	
0.200000	-7.445544	-6.335412	17.259878	
0.210000	-8.332180	-7.154270	17.881602	
0.220000	-9.275355	-8.027782	18.488734	
0.230000	-10.276579	-8.957347	19.082247	
0.240000	-11.337452	-9.944450	19.663089	
0.250000	-12.459674	-10.990673	20.232191	
0.260000	-13.645040	-12.097689	20.790463	
0.270000	-14.895447	-13.267269	21.338799	
0.280000	-16.212895	-14.501286	21.878075	
0.290000	-17.599493	-15.801713	22.409155	
0.300000	-19.057459	-17.170633	22.932889	
0.310000	-20.589128	-18.610235	23.450115	
0.320000	-22.196949	-20.122823	23.961660	
0.330000	-23.883496	-21.710817	24.468343	
0.340000	-25.651467	-23.376759	24.970975	
0.350000	-27.503692	-25.123315	25.470360	
0.360000	-29.443134	-26.953279	25.967297	
0.370000	-31.472898	-28.869580	26.462581	
0.380000	-33.596230	-30.875284	26.957006	
0.390000	-35.816530	-32.973601	27.451362	
0.400000	-38.137349	-35.167889	27.946440	
0.410000	-40.562402	-37.461658	28.443033	
0.420000	-43.095569	-39.858580	28.941935	
0.430000	-45.740904	-42.362490	29.443944	
0.440000	-48.502640	-44.977395	29.949864	
0.450000	-51.385196	-47.707479	30.460505	
0.460000	-54.393186	-50.557110	30.976683	
0.470000	-57.531421	-53.530850	31.499225	
0.480000	-60.804925	-56.633456	32.028966	
0.490000	-64.218936	-59.869893	32.566755	
0.500000	-67.778917	-63.245341	33.113451	
0.510000	-71.490564	-66.765201	33.669931	
0.520000	-75.359816	-70.435105	34.237084	
0.530000	-79.392867	-74.260926	34.815818	
0.540000	-83.596168	-78.248786	35.407059	
0.550000	-87.976448	-82.405066	36.011753	
0.560000	-92.540714	-86.736418	36.630867	
0.570000	-97.296270	-91.249773	37.265393	
0.580000	-102.250727	-95.952352	37.916346	
0.590000	-107.412013	-100.851681	38.584767	
0.600000	-112.788387	-105.955601	39.271727	
0.610000	-118.388452	-111.272277	39.978324	
0.620000	-124.221169	-116.810219	40.705688	
0.630000	-130.295873	-122.578288	41.454985	
0.640000	-136.622284	-128.585714	42.227413	
0.650000	-143.210525	-134.842110	43.024209	
0.660000	-150.071139	-141.357488	43.846646	
0.670000	-157.215105	-148.142274	44.696041	
0.680000	-164.653854	-155.207325	45.573754	
0.690000	-172.399291	-162.563947	46.481189	
0.700000	-180.463808	-170.223911	47.419798	
0.710000	-188.860313	-178.199476	48.391083	
0.720000	-197.602239	-186.503403	49.396598	
0.730000	-206.703577	-195.148982	50.437953	
0.740000	-216.178891	-204.150046	51.516813	
0.750000	-226.043343	-213.521000	52.634906	
0.760000	-236.312718	-223.276839	53.794019	
0.770000	-247.003450	-233.433173	54.996009	
0.780000	-258.132645	-244.006257	56.242799	
0.790000	-269.718114	-255.013008	57.536383	
0.800000	-281.778395	-266.471041	58.878832	
0.810000	-294.332787	-278.398689	60.272294	
0.820000	-307.401380	-290.815041	61.718998	
0.830000	-321.005087	-303.739964	63.221261	
0.840000	-335.165676	-317.194142	64.781485	
0.850000	-349.905807	-331.199104	66.402168	
0.860000	-365.249068	-345.777261	68.085902	
0.870000	-381.220011	-360.951941	69.835383	
0.880000	-397.844194	-376.747427	71.653409	
0.890000	-415.148217	-393.188995	73.542891	
0.900000	-433.159772	-410.302955	75.506851	
0.910000	-451.907681	-428.116693	77.548432	
0.920000	-471.421944	-446.658714	79.670902	
0.930000	-491.733789	-465.958691	81.877656	
0.940000	-512.875719	-486.047507	84.172226	
0.950000	-534.881564	-506.957308	86.558284	
0.960000	-557.786540	-528.721555	89.039648	
0.970000	-581.627299	-551.375074	91.620288	
0.980000	-606.441992	-574.954117	94.304335	
0.990000	-632.270327	-599.496416	97.096083	
1.000000	-659.153635	-625.041242	100.000000	
