         3.666   5.000   0.100
         4.631  12.000   0.100
         5.595  22.000   0.100
         6.560  22.000   0.100
         7.525  40.000   0.100
         8.489  43.000   0.100
         9.454  38.000   0.100
        10.419  40.000   0.100
        11.384  49.000   0.100
        12.348  41.000   0.100
        13.313  40.000   0.100
        14.278  38.000   0.100
        15.242  37.000   0.100
        16.207  35.000   0.100
        17.172  27.000   0.100
        18.136  44.000   0.100
        19.101  32.000   0.100
        20.066  20.000   0.100
        21.031  27.000   0.100
        21.995  29.000   0.100
        22.960  29.000   0.100
        23.925  26.000   0.100
        24.889  21.000   0.100
        25.854  23.000   0.100
        26.819  12.000   0.100
        27.783  12.000   0.100
        28.748  20.000   0.100
        29.713  19.000   0.100
        30.678  14.000   0.100
        31.642  13.000   0.100
        32.607  11.000   0.100
        33.572   7.000   0.100
        34.536   9.000   0.100
        35.501  12.000   0.100
        36.466   7.000   0.100
        37.430  11.000   0.100
        38.395   9.000   0.100
        39.360   8.000   0.100
        40.325   8.000   0.100
        41.289   8.000   0.100
        42.254   4.000   0.100
        43.219   9.000   0.100
        44.183   7.000   0.100
        45.148   8.000   0.100
        46.113   2.000   0.100
        47.077   6.000   0.100
        48.042   1.000   0.100
        49.007   3.000   0.100
        49.972   2.000   0.100
        50.936   0.000   0.100
        51.901   1.000   0.100
        52.866   2.000   0.100
        53.830   3.000   0.100
        54.795   4.000   0.100
        55.760   3.000   0.100
        56.724   1.000   0.100
        57.689   2.000   0.100
        58.654   0.000   0.100
        59.619   1.000   0.100
        60.583   4.000   0.100
        61.548   1.000   0.100
        62.513   0.000   0.100
        63.477   0.000   0.100
        64.442   2.000   0.100
        65.407   0.000   0.100
        66.371   2.000   0.100
        67.336   1.000   0.100
        68.301   1.000   0.100
        69.266   3.000   0.100
        70.230   0.000   0.100
        71.195   0.000   0.100
        72.160   1.000   0.100
        73.124   0.000   0.100
        74.089   0.000   0.100
        75.054   1.000   0.100
        76.018   0.000   0.100
        76.983   0.000   0.100
        77.948   0.000   0.100
        78.913   1.000   0.100
        79.877   0.000   0.100
        80.842   0.000   0.100
        81.807   1.000   0.100
        82.771   0.000   0.100
        83.736   2.000   0.100
        84.701   0.000   0.100
        85.665   0.000   0.100
        86.630   0.000   0.100
        87.595   0.000   0.100
        88.560   0.000   0.100
        89.524   0.000   0.100
        90.489   0.000   0.100
        91.454   0.000   0.100
        92.418   0.000   0.100
        93.383   0.000   0.100
        94.348   0.000   0.100
        95.312   0.000   0.100
        96.277   0.000   0.100
        97.242   0.000   0.100
        98.207   0.000   0.100
        99.171   1.000   0.100
