         7.460   3.000   0.100
         9.450   9.000   0.100
        11.441  24.000   0.100
        13.431  24.000   0.100
        15.421  40.000   0.100
        17.412  33.000   0.100
        19.402  36.000   0.100
        21.393  59.000   0.100
        23.383  51.000   0.100
        25.373  40.000   0.100
        27.364  50.000   0.100
        29.354  36.000   0.100
        31.345  51.000   0.100
        33.335  29.000   0.100
        35.326  35.000   0.100
        37.316  39.000   0.100
        39.306  32.000   0.100
        41.297  22.000   0.100
        43.287  27.000   0.100
        45.278  23.000   0.100
        47.268  18.000   0.100
        49.258  26.000   0.100
        51.249  23.000   0.100
        53.239  20.000   0.100
        55.230  15.000   0.100
        57.220  24.000   0.100
        59.210  22.000   0.100
        61.201  18.000   0.100
        63.191  17.000   0.100
        65.182  12.000   0.100
        67.172   9.000   0.100
        69.163   9.000   0.100
        71.153   9.000   0.100
        73.143   6.000   0.100
        75.134   5.000   0.100
        77.124  14.000   0.100
        79.115   7.000   0.100
        81.105   6.000   0.100
        83.095   7.000   0.100
        85.086   6.000   0.100
        87.076   2.000   0.100
        89.067   6.000   0.100
        91.057   6.000   0.100
        93.047   3.000   0.100
        95.038   2.000   0.100
        97.028   3.000   0.100
        99.019   3.000   0.100
       101.009   4.000   0.100
       103.000   0.000   0.100
       104.990   5.000   0.100
       106.980   2.000   0.100
       108.971   2.000   0.100
       110.961   0.000   0.100
       112.952   4.000   0.100
       114.942   1.000   0.100
       116.932   2.000   0.100
       118.923   2.000   0.100
       120.913   2.000   0.100
       122.904   1.000   0.100
       124.894   1.000   0.100
       126.884   0.000   0.100
       128.875   2.000   0.100
       130.865   2.000   0.100
       132.856   2.000   0.100
       134.846   1.000   0.100
       136.837   1.000   0.100
       138.827   0.000   0.100
       140.817   1.000   0.100
       142.808   0.000   0.100
       144.798   0.000   0.100
       146.789   0.000   0.100
       148.779   0.000   0.100
       150.769   0.000   0.100
       152.760   0.000   0.100
       154.750   1.000   0.100
       156.741   0.000   0.100
       158.731   0.000   0.100
       160.722   0.000   0.100
       162.712   1.000   0.100
       164.702   0.000   0.100
       166.693   0.000   0.100
       168.683   0.000   0.100
       170.674   0.000   0.100
       172.664   0.000   0.100
       174.654   0.000   0.100
       176.645   0.000   0.100
       178.635   0.000   0.100
       180.626   0.000   0.100
       182.616   0.000   0.100
       184.606   0.000   0.100
       186.597   1.000   0.100
       188.587   0.000   0.100
       190.578   0.000   0.100
       192.568   0.000   0.100
       194.559   0.000   0.100
       196.549   0.000   0.100
       198.539   0.000   0.100
       200.530   0.000   0.100
       202.520   0.000   0.100
       204.511   1.000   0.100
