        10.674   2.000   0.100
        15.915   9.000   0.100
        21.156  33.000   0.100
        26.397  44.000   0.100
        31.639  60.000   0.100
        36.880  44.000   0.100
        42.121  61.000   0.100
        47.362  62.000   0.100
        52.603  66.000   0.100
        57.845  69.000   0.100
        63.086  56.000   0.100
        68.327  58.000   0.100
        73.568  29.000   0.100
        78.810  33.000   0.100
        84.051  43.000   0.100
        89.292  37.000   0.100
        94.533  33.000   0.100
        99.774  29.000   0.100
       105.016  26.000   0.100
       110.257  19.000   0.100
       115.498  19.000   0.100
       120.739   9.000   0.100
       125.981  16.000   0.100
       131.222  15.000   0.100
       136.463  14.000   0.100
       141.704  10.000   0.100
       146.946  10.000   0.100
       152.187   8.000   0.100
       157.428   9.000   0.100
       162.669   7.000   0.100
       167.910   2.000   0.100
       173.152   7.000   0.100
       178.393   7.000   0.100
       183.634   7.000   0.100
       188.875   3.000   0.100
       194.117   3.000   0.100
       199.358   2.000   0.100
       204.599   5.000   0.100
       209.840   2.000   0.100
       215.081   3.000   0.100
       220.323   3.000   0.100
       225.564   3.000   0.100
       230.805   2.000   0.100
       236.046   0.000   0.100
       241.288   1.000   0.100
       246.529   3.000   0.100
       251.770   4.000   0.100
       257.011   2.000   0.100
       262.252   0.000   0.100
       267.494   0.000   0.100
       272.735   3.000   0.100
       277.976   0.000   0.100
       283.217   0.000   0.100
       288.459   0.000   0.100
       293.700   0.000   0.100
       298.941   1.000   0.100
       304.182   4.000   0.100
       309.423   0.000   0.100
       314.665   0.000   0.100
       319.906   0.000   0.100
       325.147   0.000   0.100
       330.388   0.000   0.100
       335.630   0.000   0.100
       340.871   1.000   0.100
       346.112   0.000   0.100
       351.353   0.000   0.100
       356.594   0.000   0.100
       361.836   0.000   0.100
       367.077   0.000   0.100
       372.318   0.000   0.100
       377.559   0.000   0.100
       382.801   0.000   0.100
       388.042   0.000   0.100
       393.283   0.000   0.100
       398.524   0.000   0.100
       403.765   0.000   0.100
       409.007   0.000   0.100
       414.248   0.000   0.100
       419.489   0.000   0.100
       424.730   0.000   0.100
       429.972   0.000   0.100
       435.213   0.000   0.100
       440.454   0.000   0.100
       445.695   0.000   0.100
       450.936   0.000   0.100
       456.178   0.000   0.100
       461.419   1.000   0.100
       466.660   0.000   0.100
       471.901   0.000   0.100
       477.143   0.000   0.100
       482.384   0.000   0.100
       487.625   0.000   0.100
       492.866   0.000   0.100
       498.107   0.000   0.100
       503.349   0.000   0.100
       508.590   0.000   0.100
       513.831   0.000   0.100
       519.072   0.000   0.100
       524.314   0.000   0.100
       529.555   1.000   0.100
