        38.961   8.000   0.100
        49.116  16.000   0.100
        59.272  34.000   0.100
        69.427  24.000   0.100
        79.583  32.000   0.100
        89.738  50.000   0.100
        99.894  59.000   0.100
       110.049  49.000   0.100
       120.205  50.000   0.100
       130.360  55.000   0.100
       140.516  36.000   0.100
       150.671  51.000   0.100
       160.827  38.000   0.100
       170.982  33.000   0.100
       181.138  29.000   0.100
       191.293  26.000   0.100
       201.449  34.000   0.100
       211.604  35.000   0.100
       221.760  20.000   0.100
       231.915  25.000   0.100
       242.071  22.000   0.100
       252.226  19.000   0.100
       262.382  23.000   0.100
       272.537  21.000   0.100
       282.693  22.000   0.100
       292.848  14.000   0.100
       303.004  13.000   0.100
       313.159   5.000   0.100
       323.315   9.000   0.100
       333.470  12.000   0.100
       343.626  13.000   0.100
       353.781   7.000   0.100
       363.937   9.000   0.100
       374.092   8.000   0.100
       384.247   6.000   0.100
       394.403   6.000   0.100
       404.559   5.000   0.100
       414.714   7.000   0.100
       424.870   3.000   0.100
       435.025   5.000   0.100
       445.180   4.000   0.100
       455.336   5.000   0.100
       465.491   7.000   0.100
       475.647   5.000   0.100
       485.802   4.000   0.100
       495.958   1.000   0.100
       506.113   3.000   0.100
       516.269   2.000   0.100
       526.424   2.000   0.100
       536.580   7.000   0.100
       546.735   1.000   0.100
       556.891   1.000   0.100
       567.046   0.000   0.100
       577.202   3.000   0.100
       587.357   1.000   0.100
       597.513   0.000   0.100
       607.668   1.000   0.100
       617.824   0.000   0.100
       627.979   1.000   0.100
       638.135   2.000   0.100
       648.290   0.000   0.100
       658.446   0.000   0.100
       668.601   1.000   0.100
       678.757   0.000   0.100
       688.912   0.000   0.100
       699.068   1.000   0.100
       709.223   2.000   0.100
       719.379   1.000   0.100
       729.534   0.000   0.100
       739.690   1.000   0.100
       749.845   1.000   0.100
       760.001   1.000   0.100
       770.156   0.000   0.100
       780.312   0.000   0.100
       790.467   0.000   0.100
       800.623   0.000   0.100
       810.778   1.000   0.100
       820.934   0.000   0.100
       831.089   1.000   0.100
       841.245   0.000   0.100
       851.400   0.000   0.100
       861.556   2.000   0.100
       871.711   0.000   0.100
       881.867   0.000   0.100
       892.022   0.000   0.100
       902.178   1.000   0.100
       912.333   0.000   0.100
       922.489   0.000   0.100
       932.644   0.000   0.100
       942.800   0.000   0.100
       952.955   1.000   0.100
       963.111   1.000   0.100
       973.266   0.000   0.100
       983.422   0.000   0.100
       993.577   0.000   0.100
      1003.733   1.000   0.100
      1013.888   0.000   0.100
      1024.043   0.000   0.100
      1034.199   1.000   0.100
      1044.354   0.000   0.100
