        71.077   8.000   0.100
        93.663  11.000   0.100
       116.248  31.000   0.100
       138.834  39.000   0.100
       161.419  42.000   0.100
       184.005  38.000   0.100
       206.591  59.000   0.100
       229.176  58.000   0.100
       251.762  43.000   0.100
       274.348  49.000   0.100
       296.933  48.000   0.100
       319.519  43.000   0.100
       342.104  54.000   0.100
       364.690  36.000   0.100
       387.276  35.000   0.100
       409.861  39.000   0.100
       432.447  29.000   0.100
       455.033  26.000   0.100
       477.618  25.000   0.100
       500.204  21.000   0.100
       522.789  23.000   0.100
       545.375  24.000   0.100
       567.961  14.000   0.100
       590.546  16.000   0.100
       613.132  11.000   0.100
       635.718  17.000   0.100
       658.303   8.000   0.100
       680.889  17.000   0.100
       703.475  11.000   0.100
       726.060  15.000   0.100
       748.646   6.000   0.100
       771.231  14.000   0.100
       793.817   7.000   0.100
       816.403   4.000   0.100
       838.988   4.000   0.100
       861.574   9.000   0.100
       884.160   1.000   0.100
       906.745   7.000   0.100
       929.331   6.000   0.100
       951.917   6.000   0.100
       974.502   3.000   0.100
       997.088   8.000   0.100
      1019.673   4.000   0.100
      1042.259   1.000   0.100
      1064.845   3.000   0.100
      1087.430   1.000   0.100
      1110.016   2.000   0.100
      1132.602   4.000   0.100
      1155.187   2.000   0.100
      1177.773   5.000   0.100
      1200.358   1.000   0.100
      1222.944   1.000   0.100
      1245.530   1.000   0.100
      1268.115   2.000   0.100
      1290.701   0.000   0.100
      1313.287   2.000   0.100
      1335.872   0.000   0.100
      1358.458   1.000   0.100
      1381.043   1.000   0.100
      1403.629   0.000   0.100
      1426.215   0.000   0.100
      1448.800   0.000   0.100
      1471.386   0.000   0.100
      1493.972   1.000   0.100
      1516.557   0.000   0.100
      1539.143   0.000   0.100
      1561.729   0.000   0.100
      1584.314   0.000   0.100
      1606.900   0.000   0.100
      1629.485   1.000   0.100
      1652.071   0.000   0.100
      1674.657   0.000   0.100
      1697.242   0.000   0.100
      1719.828   0.000   0.100
      1742.414   0.000   0.100
      1764.999   0.000   0.100
      1787.585   0.000   0.100
      1810.170   0.000   0.100
      1832.756   1.000   0.100
      1855.342   0.000   0.100
      1877.927   0.000   0.100
      1900.513   0.000   0.100
      1923.099   0.000   0.100
      1945.684   0.000   0.100
      1968.270   0.000   0.100
      1990.855   0.000   0.100
      2013.441   0.000   0.100
      2036.027   0.000   0.100
      2058.612   0.000   0.100
      2081.198   0.000   0.100
      2103.784   0.000   0.100
      2126.369   0.000   0.100
      2148.955   0.000   0.100
      2171.541   0.000   0.100
      2194.126   0.000   0.100
      2216.712   0.000   0.100
      2239.297   0.000   0.100
      2261.883   0.000   0.100
      2284.469   1.000   0.100
      2307.054   0.000   0.100
