       118.619   5.000   0.100
       166.321  12.000   0.100
       214.022  28.000   0.100
       261.724  34.000   0.100
       309.425  49.000   0.100
       357.127  50.000   0.100
       404.828  68.000   0.100
       452.530  47.000   0.100
       500.231  67.000   0.100
       547.933  49.000   0.100
       595.634  51.000   0.100
       643.336  39.000   0.100
       691.037  47.000   0.100
       738.739  39.000   0.100
       786.440  30.000   0.100
       834.142  50.000   0.100
       881.843  24.000   0.100
       929.545  27.000   0.100
       977.246  31.000   0.100
      1024.948  15.000   0.100
      1072.649  23.000   0.100
      1120.351  17.000   0.100
      1168.052  16.000   0.100
      1215.754  14.000   0.100
      1263.455  20.000   0.100
      1311.157  14.000   0.100
      1358.858   5.000   0.100
      1406.560  12.000   0.100
      1454.261   9.000   0.100
      1501.963   7.000   0.100
      1549.664   6.000   0.100
      1597.366   8.000   0.100
      1645.067  11.000   0.100
      1692.769  14.000   0.100
      1740.470   5.000   0.100
      1788.172   3.000   0.100
      1835.873   4.000   0.100
      1883.575   4.000   0.100
      1931.276   3.000   0.100
      1978.978   6.000   0.100
      2026.679   5.000   0.100
      2074.381   1.000   0.100
      2122.082   2.000   0.100
      2169.784   3.000   0.100
      2217.485   2.000   0.100
      2265.187   2.000   0.100
      2312.888   1.000   0.100
      2360.590   2.000   0.100
      2408.291   3.000   0.100
      2455.993   0.000   0.100
      2503.694   0.000   0.100
      2551.396   1.000   0.100
      2599.097   0.000   0.100
      2646.799   0.000   0.100
      2694.500   0.000   0.100
      2742.202   1.000   0.100
      2789.903   0.000   0.100
      2837.605   1.000   0.100
      2885.306   0.000   0.100
      2933.008   2.000   0.100
      2980.709   0.000   0.100
      3028.411   1.000   0.100
      3076.112   0.000   0.100
      3123.814   2.000   0.100
      3171.515   1.000   0.100
      3219.217   0.000   0.100
      3266.918   0.000   0.100
      3314.620   1.000   0.100
      3362.322   0.000   0.100
      3410.023   0.000   0.100
      3457.724   0.000   0.100
      3505.426   0.000   0.100
      3553.127   2.000   0.100
      3600.829   0.000   0.100
      3648.531   0.000   0.100
      3696.232   0.000   0.100
      3743.933   1.000   0.100
      3791.635   0.000   0.100
      3839.336   0.000   0.100
      3887.038   1.000   0.100
      3934.740   0.000   0.100
      3982.441   0.000   0.100
      4030.143   0.000   0.100
      4077.844   0.000   0.100
      4125.546   0.000   0.100
      4173.247   1.000   0.100
      4220.949   0.000   0.100
      4268.650   0.000   0.100
      4316.352   0.000   0.100
      4364.053   0.000   0.100
      4411.755   0.000   0.100
      4459.457   0.000   0.100
      4507.158   0.000   0.100
      4554.859   0.000   0.100
      4602.561   0.000   0.100
      4650.262   0.000   0.100
      4697.964   0.000   0.100
      4745.666   0.000   0.100
      4793.367   0.000   0.100
      4841.068   1.000   0.100
