       327.611   3.000   0.100
       414.325   5.000   0.100
       501.038  13.000   0.100
       587.752  23.000   0.100
       674.466  28.000   0.100
       761.179  34.000   0.100
       847.893  39.000   0.100
       934.607  36.000   0.100
      1021.321  43.000   0.100
      1108.034  36.000   0.100
      1194.748  36.000   0.100
      1281.462  47.000   0.100
      1368.175  39.000   0.100
      1454.889  39.000   0.100
      1541.603  28.000   0.100
      1628.316  32.000   0.100
      1715.030  37.000   0.100
      1801.744  27.000   0.100
      1888.457  30.000   0.100
      1975.171  26.000   0.100
      2061.885  21.000   0.100
      2148.599  18.000   0.100
      2235.312  23.000   0.100
      2322.026  21.000   0.100
      2408.740  18.000   0.100
      2495.453  23.000   0.100
      2582.167  16.000   0.100
      2668.881  17.000   0.100
      2755.594  12.000   0.100
      2842.308  12.000   0.100
      2929.022  13.000   0.100
      3015.736  12.000   0.100
      3102.449  10.000   0.100
      3189.163   5.000   0.100
      3275.877  17.000   0.100
      3362.590  15.000   0.100
      3449.304  11.000   0.100
      3536.018   6.000   0.100
      3622.731   4.000   0.100
      3709.445   7.000   0.100
      3796.159   4.000   0.100
      3882.873   4.000   0.100
      3969.586   8.000   0.100
      4056.300   4.000   0.100
      4143.013   6.000   0.100
      4229.727   6.000   0.100
      4316.441   3.000   0.100
      4403.154   1.000   0.100
      4489.868   3.000   0.100
      4576.582   5.000   0.100
      4663.295   4.000   0.100
      4750.009   6.000   0.100
      4836.723   4.000   0.100
      4923.437   6.000   0.100
      5010.150   1.000   0.100
      5096.864   2.000   0.100
      5183.578   4.000   0.100
      5270.292   3.000   0.100
      5357.005   2.000   0.100
      5443.719   1.000   0.100
      5530.432   1.000   0.100
      5617.146   2.000   0.100
      5703.860   7.000   0.100
      5790.573   2.000   0.100
      5877.287   1.000   0.100
      5964.001   0.000   0.100
      6050.714   2.000   0.100
      6137.428   4.000   0.100
      6224.142   5.000   0.100
      6310.855   3.000   0.100
      6397.569   0.000   0.100
      6484.283   0.000   0.100
      6570.997   1.000   0.100
      6657.710   1.000   0.100
      6744.424   1.000   0.100
      6831.138   1.000   0.100
      6917.852   0.000   0.100
      7004.565   3.000   0.100
      7091.279   1.000   0.100
      7177.993   1.000   0.100
      7264.706   1.000   0.100
      7351.420   0.000   0.100
      7438.134   0.000   0.100
      7524.847   0.000   0.100
      7611.561   0.000   0.100
      7698.274   1.000   0.100
      7784.988   0.000   0.100
      7871.702   0.000   0.100
      7958.416   0.000   0.100
      8045.129   0.000   0.100
      8131.843   0.000   0.100
      8218.557   2.000   0.100
      8305.271   0.000   0.100
      8391.984   0.000   0.100
      8478.698   0.000   0.100
      8565.412   0.000   0.100
      8652.126   0.000   0.100
      8738.840   0.000   0.100
      8825.553   1.000   0.100
      8912.267   0.000   0.100
