66.0782 28159
273.744 115651
244.444 103201
166.186 70230
164.804 69552
265.162 112393
122.191 51879
108.778 45781
119.766 50662
114.507 47975
65.6503 27811
158.74 67234
146.069 61759
192.969 81647
629.409 265938
261.631 110843
176.581 74950
72.422 30352
105.32 44370
333.851 140755
181.566 76154
64.9767 27458
128.63 54249
162.855 68709
352.771 148637
70.6584 29504
212.668 90403
172.579 72787
193.978 81463
375.027 158034
130.635 55116
106.224 44678
113.519 47695
142.536 60067
129.037 55031
166.277 70216
55.3073 23226
116.335 49232
130.07 54898
193.99 81097
390.939 166256
162.33 68261
409.374 172950
144.066 60706
122.316 51746
414.526 175010
181.279 76166
92.7717 39362
61.5588 25970
139.071 58776
101.913 43001
106.116 45042
261.369 110010
239.055 101022
78.1654 33131
219.08 93041
209.764 88932
108.823 45900
120.262 50648
83.453 35096
193.655 82119
364.434 153765
217.641 92125
76.9743 32599
136.302 57320
144.494 61596
325.231 137225
54.2358 22752
167.165 70957
69.1416 29200
219.836 92663
234.331 99218
66.8833 28213
161.958 68077
314.357 132813
69.093 29140
92.9162 39282
69.1955 29053
245.141 103647
1075.39 454610
419.587 176762
189.667 80241
150.125 63411
125.053 52671
127.751 53874
210.089 89417
58.9361 24707
295.439 124785
227.892 96288
169.226 71485
110.356 46764
134.502 56783
128.352 54370
258.122 109187
382.758 161437
247.165 104286
188.645 79690
334.612 141183
607.582 256610
144.958 61006
170.169 71719
641.716 270886
398.736 168469
74.413 31040
121.122 51427
125.089 52831
161.985 68238
95.5247 40507
137.665 58504
259.47 109891
473.197 200380
173.257 72735
130.579 55191
149.807 63081
154.989 65474
217.281 91931
232.141 97899
252.8 106473
240.861 101711
149.168 62414
239.239 101462
217.877 92295
200.356 84707
275.981 116576
90.4788 38074
334.261 141219
172.759 73035
240.961 101767
230.256 97339
79.5905 33502
165.769 70308
136.315 57884
312.966 132023
90.9039 38262
225.008 94944
128.639 54716
200.227 84911
232.814 97790
241.668 102540
151.119 63674
96.1856 40501
234.138 98870
196.609 83249
183.915 77607
217.252 91915
301.742 127078
591.548 248866
113.37 47742
104.248 44297
93.0448 39312
116.078 48749
330.98 139345
249.961 105812
357.626 150781
389.233 164219
491.633 207959
154.589 65376
266.539 112424
197.99 83804
49.1392 20907
161.743 68519
221.534 93849
173.259 72565
93.435 39558
312.53 131378
139.464 58622
410.31 173832
105.275 44484
132.94 56117
280.675 118063
175.218 73646
365.866 153867
177.522 74414
365.06 154016
192.439 80962
51.2217 21868
359.269 151856
248.287 104430
241.397 101871
244.241 103127
181.827 76626
141.116 60053
122.674 51917
172.75 72883
119.61 50587
129.896 55071
82.9412 35448
259.626 109692
242.102 102279
344.611 145835
104.656 44077
46.46 19631
143.226 60440
115.018 48516
261.288 109760
129.977 55220
112.803 47794
302.923 128098
133.588 55996
208.208 87703
66.2108 27969
130.253 54898
111.082 47056
459.261 193425
149.274 62610
101.934 43017
102.701 43591
432.657 181773
137.085 57766
238.808 100573
132.074 55713
125.544 53112
257.251 108884
151.775 63963
259.362 109574
635.036 267714
121.219 51367
212.271 89666
434.087 183538
156.333 65716
69.4658 29300
380.563 160950
107.86 45268
64.8395 27460
132.348 55593
171.006 71975
291.171 123457
139.906 59169
88.7534 37822
117.637 49923
130.093 55086
355.758 149905
97.7662 41427
81.4225 34559
66.1691 28226
286.279 121409
210.707 89422
69.3633 29208
143.74 60848
111.099 47004
235.234 99975
225.142 95287
56.8159 24132
141.961 59759
360.486 152192
99.2467 41908
151.734 64630
419.52 176811
179.16 75469
175.948 74312
298.782 125954
136.839 57963
375.376 158604
217.504 91899
343.085 144935
129.495 54935
92.6273 39091
433.249 183159
323.53 136819
212.387 89585
175.302 74533
913.128 384477
95.1089 40476
261.425 109866
144.326 60918
149.586 63194
155.226 65566
184.971 78077
133.596 56626
81.3816 34197
170.297 72186
106.128 44938
104.886 44696
218.742 92595
313.271 132878
106.286 44470
168.626 71313
148.148 62958
372.293 157517
237.338 99862
117.56 49595
307.371 129653
340.288 143512
100.651 42738
217.255 92186
63.0257 26471
114.395 48095
208.705 87732
371.962 156909
206.371 87186
354.322 149518
171.462 72415
251.631 106401
95.0161 40197
123.493 51433
196.438 83367
308.978 130637
83.4313 35015
325.46 137628
529.714 223257
163.108 68933
154.56 65332
344.755 145444
229.403 97131
135.899 57519
414.131 174650
275.962 116744
150.599 63575
319.035 134359
162.633 68443
69.2839 28857
53.8938 22902
84.6021 35479
96.4313 40746
255.764 107738
206.439 87242
203.363 85695
115.542 49134
45.8541 19231
394.828 166184
247.302 104758
157.23 66652
67.6363 28735
91.6464 38667
254.647 107592
251.936 105699
96.7016 40726
94.2803 39828
414.749 174842
199.14 84181
50.201 20997
108.278 45415
164.715 69506
433.393 182526
298.066 126199
143.779 60621
94.8932 39835
93.7751 39730
69.037 29323
156.779 66215
274.259 115799
112.405 47471
142.975 60544
143.544 60638
622.6 262545
340.051 143984
273.496 115476
382.666 161931
145.723 61565
141.5 59729
94.3274 39624
89.0731 37594
344.329 145040
218.776 91799
691.767 292017
217.878 92283
146.509 61901
406.601 171932
90.0511 38058
93.1607 39146
194.282 82215
36.4011 15435
330.645 139738
131.037 55245
223.961 93727
452.288 191815
192.914 81141
117.276 49826
172.946 72840
269.684 113990
247.901 104879
437.05 184047
89.3618 37909
206.135 86837
93.188 39489
236.149 100008
269.388 114119
83.8285 35645
123.125 52317
186.624 78514
274.077 115347
85.8648 36172
181.622 76267
184.272 77654
152.872 64955
101.792 42804
364.665 153674
245.861 103317
83.9646 35605
167.651 70672
375.588 159330
298.984 125955
121.897 51651
150.589 63492
246.223 104124
54.8973 23130
137.962 58379
281.492 118479
128.932 54790
125.112 52752
460.877 194917
335.796 141781
231.266 97205
155.576 65905
118.728 50122
244.025 102791
83.0954 35416
92.3313 38914
45.5928 19330
246.792 104425
73.7025 31161
98.9377 41391
497.511 209753
138.157 58170
154.975 65510
371.101 156781
184.341 78122
304.12 128057
193.078 81799
181.39 77032
398.273 168250
143.37 60540
387.034 163365
70.1492 29690
232.532 98584
95.3426 40072
191.314 80659
154.172 65662
118.418 50054
202.831 85597
129.316 54372
214.691 90968
216.445 91346
174.149 73529
310.762 131115
104.783 44396
348.596 146605
158.624 67062
198.646 83586
82.6227 34841
172.053 72722
252.386 106777
243.752 102422
191.396 80981
278.573 117850
311.158 131670
126.662 53591
391.108 164997
185.57 78336
335.097 141565
340.794 143100
212.349 89601
690.672 291645
211.103 89053
147.055 62432
160.986 67969
122.17 51408
211.985 89050
327.722 137980
188.255 79337
221.265 93243
81.6454 34227
336.773 142463
206.71 87022
176.82 74490
198.965 84299
110.981 46980
258.602 109289
263.264 111340
193.823 82275
100.723 42753
305.908 128895
116.73 49332
322.908 136441
63.3083 26517
202.454 86097
227.729 96135
161.413 68451
91.0531 38491
305.492 128844
471.222 199131
258.256 108988
371.775 157394
144.017 61082
219.615 92749
104.741 44002
208.331 87929
162.768 68467
481.78 203350
250.784 106347
144.587 60612
63.6197 26854
483.737 204604
557.935 236228
573.194 241771
275.619 117046
162.5 68508
163.12 68511
155.728 66058
132.792 56026
165.648 69741
283.928 119577
249.155 105365
69.5898 29404
102.341 43342
62.8776 26500
184.485 78138
103.504 43814
219.163 92452
74.6726 31557
601.908 253759
164.525 69445
111.503 46842
149.775 63123
255.821 108294
126.365 53672
239.331 101213
170.619 72405
218.737 92780
219.379 92573
382.187 161672
509.137 214378
176.193 73937
339.548 142789
198.545 84295
566.367 238766
170.558 72065
218.393 92381
416.78 176275
145.205 60992
262.369 111136
145.547 61703
265.328 112761
168.665 71189
135.228 57492
112.316 47524
180.465 76140
90.652 38101
467.375 197036
237.946 100761
112.097 47094
124.256 52305
118.829 50177
202.646 85628
409.47 172678
248.925 104695
142.913 60316
411.56 172987
129.684 54915
98.8119 41626
161.095 68080
96.8192 40943
193.051 81443
251.624 105516
418.723 176858
256.738 108111
53.5157 22498
164.835 69408
180.981 76251
187.717 79255
83.4529 35098
115.038 48746
439.778 185379
140.514 59191
128.232 54384
61.2386 25955
198.515 83853
319.885 135411
98.7577 41765
208.076 87842
143.747 61018
220.032 92907
292.669 123837
221.776 93050
232.788 98411
128.983 54808
99.8756 42156
500.785 211931
327.95 139146
99.5712 42163
67.0443 28443
79.0515 33122
211.732 89541
395.76 167178
348.581 147023
107.283 45163
67.319 28395
166.924 70445
112.635 47349
214.239 90652
296.065 124707
146.543 62080
267.796 113065
157.69 66275
176.555 74635
251.574 106143
57.5844 24567
237.967 99986
75.5584 32069
107.812 45770
224.022 95249
332.854 140491
128.622 54096
168.393 71391
631.71 266354
57.5357 24113
48.6519 20564
123.212 52198
319.344 134365
162.304 68288
167.983 70653
165.67 70003
204.532 86348
184.585 77915
131.714 55247
76.9625 32334
123.806 52647
386.372 163087
364.031 153402
96.1514 40804
215.965 90881
353.686 149213
639.688 270144
301.325 127220
88.2738 37473
126.59 53763
128.401 54376
232.269 97845
163.536 68971
256.084 107946
434.255 183330
113.155 47841
246.226 104543
93.3623 39346
209.82 88306
55.3069 23254
250.156 105626
1183.75 499795
395.71 166606
86.3853 36762
79.1162 33381
132.416 55818
411.306 173404
410.03 173444
471.351 198545
89.3974 37718
122.961 51997
108.257 46126
481.971 203269
166.831 70427
144.316 60792
164.581 69254
179.784 76015
121.547 51335
249.513 105551
258.354 108628
201.061 84846
182.934 76998
267.776 113178
478.174 202008
128.664 54489
268.059 112970
350.113 147717
302.189 127208
254.084 107346
406.989 171905
51.4299 21769
111.459 47351
126.422 53748
102.243 43074
299.176 126081
363.006 152791
305.595 129590
261.491 109955
152.147 64327
213.444 89828
164.62 69659
445.97 188932
226.214 95627
199.876 84467
231.675 97648
75.1648 31708
226.511 95761
191.11 80830
86.3426 36697
257.816 109175
170.668 71971
92.1287 38671
95.9858 40614
103.94 43916
401.407 169666
61.8261 25780
292.364 123540
206.78 87495
257.49 108826
251.791 105979
206.702 87280
235.352 99278
142.258 60334
144.088 60603
327.983 138482
160.246 67813
352.393 148119
145.004 60918
84.5293 35547
214.256 90306
328.601 138343
133.66 56581
248.85 105383
124.636 52795
145.542 61203
508.093 214310
213.884 90506
258.447 108810
574.515 242463
345.186 146221
206.272 87690
109.752 46376
261.918 110903
399.959 169199
646.223 272519
122.974 51751
99.6673 42057
106.37 45070
108.998 46301
89.5412 37947
140.15 59116
45.3591 19196
167.335 70349
79.2193 33636
373.068 157836
135.256 56895
417.988 176203
167.142 70926
116.156 48958
160.273 67514
195.07 82057
276.543 117254
200.048 84295
301.944 127149
251.213 105849
66.5509 27877
523.505 220855
76.6507 32156
419.97 176495
104.792 44097
79.7573 33665
158.378 66542
69.0213 29323
183.07 76912
263.661 110881
265.525 112165
78.4926 33062
91.4173 38599
65.2647 27340
178.772 75185
126.814 53445
130.468 55107
130.18 54517
129.722 54898
268.887 112845
240.711 101602
151.304 63866
157.713 66481
134.181 56932
421.949 177874
148.163 62373
221.759 93745
273.426 115512
142.772 60115
117.521 49139
254.711 107905
172.212 72434
215.289 90999
152.335 64125
58.4994 24781
140.951 59538
221.029 93693
321.611 135843
313.01 132987
121.974 51505
134.151 56686
111.812 47467
60.8154 25407
150.531 63779
120.193 50802
150.346 63964
367.006 155013
223.67 94294
247.173 104452
125.913 53525
150.459 63311
156.781 66259
113.254 48044
199.701 84093
132.986 56243
95.8287 40831
770.914 326013
166.943 70461
541.634 229059
223.71 94370
157.507 66777
133.206 56125
174.451 74078
157.923 66736
413.532 174573
206.813 87325
416.527 175746
149.362 63020
234.44 99434
182.472 76766
277.683 117465
153.55 64739
173.798 73349
326.426 137749
219.523 92848
378.328 160230
224.937 94434
235.672 99490
125.35 52339
241.457 101955
147.816 62738
127.249 53838
180.288 75988
203.524 86210
81.5226 34208
50.0443 21172
192.866 81501
94.9152 40154
276.609 116584
347.867 147275
81.3304 34303
124.667 53084
295.845 124839
135.211 57322
328.297 139245
135.676 57576
173.944 73526
328.601 138477
186.548 78439
127.288 53575
101.206 42495
189.005 79812
322.337 136344
264.188 111428
262.463 110713
171.029 72169
188.034 79688
146.834 62337
249.046 105439
254.622 107801
119.885 50482
192.825 81729
83.9551 35514
174.27 73588
134.345 56863
317.21 134308
130.567 55215
181.139 76635
129.206 54725
212.206 89747
97.9764 41362
229.808 96740
323.708 136890
200.085 84231
190.836 80838
272.048 115034
77.1207 32758
306.552 129175
156.307 65891
451.949 191066
75.7327 31936
223.885 94824
163.349 69066
84.5615 35693
231.268 98097
97.8066 41589
286.264 120546
120.059 50708
335.795 141289
232.655 98519
140.753 59281
124.874 52662
217.788 91950
225.422 95003
157.546 66504
363.839 153362
218.344 92269
232.599 98548
186.665 79086
149.409 63492
156.029 65986
139.012 58458
339.099 143242
222.285 93784
261.434 110346
171.777 72205
97.2966 41277
167.199 70589
83.8455 35467
233.215 98179
265.722 112380
209.767 88156
268.028 113935
85.7819 36134
182.228 77144
205.002 86678
164.538 69195
154.849 65506
468.353 197316
114.24 48275
302.753 127994
109.764 46525
71.4655 29812
113.68 47832
421.678 178474
187.41 79246
346.802 146126
474.202 199701
502.053 212149
153.367 64824
89.6445 37893
182.66 76839
129.847 54440
143.932 60568
185.159 77972
355.169 149082
238.993 100891
141.348 59439
208.917 88374
208.045 87880
131.475 55514
55.487 23402
85.5336 36016
56.2346 23871
202.456 85423
222.571 93532
131.965 55485
259.443 109418
558.857 235378
249.965 105433
196.663 83369
707.424 298469
73.5916 30980
103.481 43467
302.528 127955
300.992 126890
145.183 61148
164.096 69241
143.957 60792
570.336 241162
344.179 145088
43.859 18485
99.5002 42222
390.276 165250
126.544 53207
278.712 117547
107.31 44862
217.247 91876
183.837 77730
363.852 153716
264.898 111888
229.173 96579
179.56 76145
125.53 53154
232.311 97863
105.213 44401
95.1736 40546
350.935 148026
50.4511 21368
179.608 75577
77.853 32651
323.313 136212
159.32 67144
333.755 141102
151.194 63955
69.9946 29286
277.076 116928
260.623 110231
114.005 47865
216.077 91232
140.339 59183
106.403 44745
156.151 65983
124.122 52086
75.7388 31821
120.75 50838
82.9516 34830
48.3231 20448
102.372 43343
224.215 94798
166.316 69880
114.287 48460
206.392 87116
238.307 100379
147.985 62600
131.176 55099
146.536 61885
139.855 59165
430.064 181336
waktu run program = 42780000 clicks  = 42.78 detik 
