28.5179 1203
36.681 1578
6.21625 291
47.8283 2039
7.32122 322
16.0322 672
47.2544 1967
7.95974 341
11.1149 463
22.8202 993
8.40597 365
32.1193 1346
53.5487 2279
43.5092 1839
21.6562 908
48.9563 1964
8.43708 346
37.3386 1622
16.8683 674
34.1265 1476
11.0485 435
24.9213 1023
135.872 5729
21.7656 925
18.8763 785
30.3067 1277
31.8944 1323
10.2065 420
16.6543 723
6.03049 255
22.778 932
5.88309 238
23.2975 1020
28.4376 1253
14.0284 582
10.6023 444
42.025 1788
12.7524 571
18.9334 795
19.4098 828
44.8864 1834
15.4713 669
18.3418 753
9.96892 412
11.2119 473
5.08573 213
50.5396 2134
19.6916 803
79.5875 3399
25.5751 1152
11.888 470
5.32623 228
7.0106 272
18.1023 753
27.9747 1148
37.3909 1560
19.6482 765
6.81089 241
8.41438 347
5.24656 240
21.0623 873
29.78 1292
23.3281 983
43.1954 1903
51.747 2143
10.2177 419
15.5514 639
33.1216 1456
5.79489 243
11.2447 485
14.007 606
10.2691 418
13.8128 562
20.1306 889
6.97117 304
12.0765 470
11.5654 474
63.872 2656
22.0052 994
23.7638 970
9.4258 367
26.3219 1041
27.9846 1232
7.11132 289
14.276 603
14.2569 582
12.1661 509
6.45707 259
11.9041 527
7.05303 279
14.5608 614
10.0707 412
14.6136 605
11.1535 485
19.9026 835
17.23 728
21.9316 875
15.0882 665
33.6893 1464
26.8736 1177
21.915 915
14.1177 556
11.86 476
14.1243 632
33.6314 1428
15.1312 637
4.92931 196
7.91926 340
12.1154 518
34.0495 1387
49.646 2086
6.78142 308
19.6691 795
21.6157 948
9.00829 357
4.65022 176
19.4496 850
11.005 437
49.7203 2090
48.6909 2037
5.37729 216
20.4584 826
16.4357 708
12.8508 574
8.16527 376
41.4717 1759
99.526 4239
10.2797 450
7.7682 329
46.6152 1941
24.3337 1078
35.4016 1461
30.6375 1258
8.18999 334
10.3476 393
27.7653 1181
8.54128 318
5.40173 204
11.4714 490
20.5891 933
12.912 531
5.17456 206
26.5303 1118
8.12871 342
22.3207 913
40.5879 1651
15.3358 656
26.2853 1102
15.8018 697
24.4887 1026
12.5085 483
3.36094 132
13.215 581
7.4115 303
10.0169 434
31.0253 1314
9.63879 398
21.935 928
11.475 478
38.1591 1556
41.6482 1782
29.1123 1296
11.2802 505
18.733 794
5.33107 228
12.2684 524
15.34 621
24.9166 1017
108.386 4714
23.6079 1057
19.365 818
26.0939 1035
11.9836 505
20.936 853
6.48353 303
18.0141 736
20.5521 888
15.1108 636
21.3874 921
52.3868 2233
18.7668 802
16.511 721
16.8009 666
32.4772 1282
29.9054 1337
13.1248 528
25.223 1069
21.9148 933
11.6838 533
19.101 783
10.4896 433
49.6268 2098
44.7884 1852
28.3841 1143
17.7905 811
15.2543 622
10.5346 459
9.60922 408
15.4028 620
10.9324 458
12.814 584
33.7078 1503
11.7118 498
26.0287 1143
14.5647 611
15.9602 656
24.0239 1029
26.4794 1091
23.769 1007
17.7653 732
20.5263 926
29.3496 1205
18.287 776
20.5516 915
19.8617 890
14.1766 566
8.132 341
14.0312 593
49.9159 2123
29.6984 1325
21.6741 875
14.5746 584
10.026 431
8.23273 334
7.97253 326
22.4906 969
24.7307 1082
26.6556 1205
32.6351 1378
9.86951 392
7.66515 327
24.3756 1045
32.0323 1388
10.1146 413
17.9466 744
30.4523 1282
19.1943 812
16.8926 704
38.9212 1669
42.7461 1789
27.4255 1196
70.9967 3016
17.3758 748
15.1697 643
7.56032 311
6.19281 241
15.3226 624
27.4696 1220
32.1678 1322
41.5788 1709
19.5299 811
14.0125 615
12.7001 548
6.73505 281
16.8228 709
24.1659 987
24.6815 1060
12.8557 537
10.3601 445
14.8258 630
15.1959 635
22.5369 970
8.33623 368
27.0843 1136
7.99948 341
7.78792 315
58.9087 2446
7.90342 300
9.76256 431
7.26518 316
22.8762 962
10.2823 408
35.7592 1498
43.1937 1780
9.76715 400
25.3123 1040
24.7504 1061
26.0914 1163
37.8099 1574
24.8497 1056
9.36826 397
25.7472 1060
10.049 443
58.5386 2515
16.8513 719
48.4962 2082
33.1978 1443
16.0427 703
16.2544 665
10.986 466
9.12657 348
47.4831 1949
24.6931 1054
16.7839 680
39.951 1700
27.5638 1155
13.1047 538
12.5921 555
42.8633 1831
25.0979 1052
19.7593 873
26.2314 1104
31.8575 1357
4.23666 173
35.4785 1485
11.397 474
27.3629 1229
23.6277 1002
47.0681 2024
25.6878 1056
38.1378 1612
17.9671 704
17.4242 687
42.7914 1908
6.42208 277
14.3149 598
28.1774 1180
9.97296 450
29.2117 1246
44.4213 1835
32.4236 1396
40.8717 1694
16.9775 710
37.3257 1603
69.4981 2904
8.17319 374
16.2503 698
34.1323 1439
9.39948 364
43.1682 1811
14.8226 638
35.9308 1512
9.19109 435
10.5747 447
30.6219 1235
23.8918 1009
7.37289 278
14.0252 542
13.9323 583
18.2312 784
6.49669 282
15.8458 733
37.4815 1596
49.8919 2162
16.7213 664
29.2606 1267
18.7684 807
13.7723 555
16.0848 680
9.93985 415
21.7744 897
23.7281 1019
10.8078 468
14.7539 643
56.4825 2366
12.8694 496
17.084 684
14.1542 601
14.3071 601
10.6089 443
5.52388 254
19.4484 803
36.3479 1512
12.3669 565
19.9314 857
24.3694 1007
16.9816 753
23.2889 980
19.7121 852
60.2496 2554
10.5171 429
39.4809 1667
27.3106 1166
31.7602 1300
16.4049 669
8.806 382
10.3261 425
45.7939 1929
13.3165 583
9.49176 404
19.638 801
14.5781 612
31.2195 1302
11.2476 491
26.8193 1109
32.1866 1391
33.3447 1438
18.513 818
6.34082 251
22.1205 892
23.252 987
32.8883 1356
17.5777 724
14.9907 620
13.4911 551
9.80437 432
17.1189 752
59.7514 2556
8.08396 315
12.365 529
31.2929 1319
25.1502 1039
33.3592 1360
10.6851 434
28.5903 1156
31.3136 1319
12.6063 504
14.9803 665
10.8637 444
20.1427 833
24.7685 1033
23.2224 960
38.9735 1598
13.9625 621
12.6717 524
16.261 684
31.6381 1286
37.812 1585
13.8688 592
23.532 950
26.9126 1155
83.104 3424
13.8407 608
33.8507 1404
9.6463 416
12.4916 551
41.9828 1779
49.9954 2115
10.2378 422
10.8914 467
39.8614 1696
13.858 592
7.05178 293
22.2908 936
10.8078 428
9.47282 409
35.235 1494
36.1947 1506
18.6002 729
27.3515 1189
9.1903 382
12.3905 477
29.5877 1184
10.5674 463
8.67047 354
7.60986 331
18.364 758
8.07779 320
12.0564 506
14.1738 579
11.8285 481
20.9837 873
27.4949 1181
50.5311 2135
16.5648 640
15.5472 657
10.543 482
7.01071 303
17.4638 834
12.9967 536
24.0078 1004
31.5379 1312
38.0092 1554
13.1298 549
6.80445 257
19.6495 871
35.9837 1522
40.4729 1703
19.5509 801
33.2748 1413
56.9871 2443
24.5108 1025
13.5515 586
23.2138 956
9.65345 408
36.5389 1520
18.2668 805
19.9803 822
13.5741 548
13.6052 549
32.6999 1383
23.4101 1014
13.6038 558
22.1113 947
43.8555 1799
15.0752 592
8.09336 341
9.46395 402
9.3389 408
17.4698 730
26.4925 1076
13.3065 594
15.5827 615
13.9726 578
14.1841 569
23.7542 970
24.6206 1015
22.592 999
21.1338 837
10.8231 456
13.327 565
16.2546 660
16.9944 671
11.1425 490
8.83376 367
20.3426 900
23.7321 999
23.3921 989
9.31489 377
27.6956 1146
16.8716 702
59.8037 2555
26.3051 1119
10.5879 431
24.0741 1055
22.8092 971
27.4855 1138
34.984 1495
13.3057 572
11.2063 468
11.977 528
15.8848 698
6.96596 282
17.785 764
18.4092 755
28.5633 1189
10.9626 430
9.6971 443
16.2622 668
7.84923 347
14.9625 650
11.0852 414
29.8756 1265
14.2933 594
26.9967 1171
8.92914 346
23.6814 1006
75.4888 3310
17.8068 748
14.4561 651
11.3738 482
21.9882 949
13.3335 581
8.19458 332
32.568 1416
12.3981 511
6.46154 276
36.5 1514
8.60534 366
10.6258 456
23.981 1041
20.4812 867
9.41997 369
39.6652 1552
12.1465 517
19.1525 806
25.8497 1049
34.3873 1451
25.5036 1027
15.831 664
8.49171 321
10.687 438
12.4942 502
23.1819 1007
8.46196 351
18.5926 821
13.0306 560
19.9976 887
28.6741 1209
19.2166 835
8.80351 335
93.9301 3988
23.9513 995
18.7768 771
22.4321 927
45.9262 2034
13.5731 565
45.19 1882
9.52518 402
27.5624 1190
10.0878 386
23.1409 947
28.4332 1244
16.567 683
33.9006 1408
34.6389 1446
22.7844 1003
9.03558 410
24.9157 1066
7.17649 310
21.7349 957
66.6633 2919
11.5751 477
17.0949 701
18.9771 882
11.6848 524
18.3155 780
10.3721 453
5.79868 218
10.3713 432
15.2678 658
41.3613 1707
23.7112 997
29.2336 1248
19.9904 823
27.8123 1184
19.6282 815
19.299 777
30.6339 1245
15.1836 628
18.1052 786
29.7958 1265
51.0127 2171
9.57684 372
9.54138 418
24.7645 1067
8.76088 354
44.0218 1909
15.2008 647
9.80693 455
29.1658 1150
27.8669 1191
7.7252 353
20.3744 892
9.90356 442
79.9267 3339
15.2447 599
10.8633 478
15.3015 624
47.6959 2052
9.0797 389
32.4085 1420
12.4427 559
16.3327 656
42.5141 1835
8.36433 345
8.9823 374
16.3634 632
19.2398 808
17.092 752
13.9367 591
40.0936 1620
34.3524 1394
19.6892 832
15.5456 658
28.8495 1218
17.1323 710
9.1638 388
12.0573 480
47.6994 2121
22.5237 941
70.1896 2901
12.0231 508
25.5557 1035
65.8757 2662
14.7579 625
8.28414 342
8.97844 370
24.3114 982
37.8082 1657
15.6299 688
14.577 642
4.54978 195
10.7033 425
14.552 627
21.7481 942
10.2953 441
29.0388 1181
22.7767 956
91.3966 3831
9.95952 395
22.4033 1034
12.1366 483
5.81004 244
19.2726 804
12.5715 514
14.2351 609
13.8769 564
14.9009 620
24.8347 1057
42.9592 1777
9.00015 379
36.1458 1502
11.925 496
6.37756 301
9.94102 431
15.7487 666
7.72329 319
25.9908 1147
14.4473 589
32.5641 1331
11.6318 480
23.3671 936
9.19076 361
16.6146 706
38.3018 1661
36.8919 1531
10.4731 456
16.8973 686
16.745 687
19.8515 837
14.2657 608
9.00592 381
31.5634 1302
21.1069 832
24.1065 1066
12.8754 542
10.0524 414
25.1959 1054
16.2259 667
36.9748 1569
35.456 1557
20.8859 864
17.5293 742
13.1967 562
50.5938 2109
8.81605 392
22.5848 889
32.1772 1415
18.294 759
91.9246 3994
9.65426 392
8.43688 354
22.9564 981
13.4098 598
30.0858 1310
23.4084 1006
14.3405 601
36.8119 1552
14.355 600
12.4379 524
11.3641 463
26.2741 1129
17.6547 731
54.2617 2348
17.439 740
9.5114 400
11.8064 495
26.6784 1167
5.88343 253
13.6976 622
17.3461 771
8.02153 328
15.727 692
15.9548 632
9.62775 408
12.8997 582
20.5133 880
18.4695 806
26.3858 1120
46.9381 1927
18.1154 775
16.8079 668
40.0729 1704
21.0879 905
20.633 865
63.6374 2753
4.26859 168
28.2232 1153
16.8673 705
9.3969 401
6.1246 236
12.7387 533
18.0358 768
22.2596 952
3.46262 161
5.39368 227
11.1116 493
17.4818 720
18.8003 838
17.6182 704
7.20001 311
42.5367 1765
8.54572 354
31.9567 1377
15.332 631
15.7025 677
26.0344 1147
12.1369 562
15.951 690
53.6559 2234
8.36975 357
30.6312 1314
9.30626 411
8.90427 355
29.5676 1283
8.38489 325
21.7383 961
29.5537 1246
6.87418 291
13.0619 545
27.7611 1124
29.6596 1248
13.8248 592
8.27366 381
11.0988 470
12.9405 580
29.181 1243
15.0142 617
12.8887 532
25.0618 1099
16.8196 725
27.3604 1191
11.2885 429
18.5831 761
15.0761 648
11.6791 488
25.7312 1053
9.18533 379
9.43964 432
23.0958 966
7.67176 312
6.73284 285
14.1936 656
54.471 2307
32.8587 1476
15.9563 645
18.5788 790
9.24655 381
25.4135 1075
16.4007 672
16.9732 735
16.4456 719
30.1885 1245
22.5865 955
30.6981 1282
46.8139 1879
4.34631 149
10.2965 406
22.4292 956
7.21278 320
22.8887 947
17.0098 739
13.1617 556
34.1776 1511
9.39518 419
21.5908 904
12.8458 585
41.2996 1795
21.9583 899
9.78898 424
7.71853 321
8.48641 344
26.0025 1054
12.8638 565
18.7727 790
10.947 436
32.3684 1357
9.89816 395
13.6543 557
13.5793 596
26.2288 1075
33.2569 1356
18.0877 691
24.775 1035
17.0887 698
7.08676 301
30.7636 1225
14.1266 626
15.1854 610
25.6868 1092
25.1937 1090
4.06202 194
60.5632 2557
35.4719 1530
10.3564 416
18.5823 748
11.206 498
51.6251 2245
40.1794 1706
31.5428 1319
11.5809 519
50.6126 2085
31.3282 1356
12.3947 487
65.967 2735
30.8245 1298
19.0404 804
30.831 1276
6.36238 251
17.5792 702
13.9782 616
56.0075 2398
9.01832 340
29.4721 1167
11.9031 488
9.87803 421
45.2817 1907
24.3432 985
10.1681 459
25.8094 1097
29.8796 1254
20.9191 847
19.1472 843
15.2503 675
20.1293 782
39.1967 1633
7.30542 304
18.8884 808
29.4366 1234
11.3701 480
9.69164 384
37.9175 1624
26.6618 1088
32.9338 1325
23.9589 1087
27.2954 1162
7.23488 347
20.7797 891
12.2116 504
44.7397 1835
17.1082 729
43.3799 1788
17.201 737
45.8801 1957
46.2357 2014
10.6565 445
74.1066 3120
12.4259 486
30.4437 1264
17.0089 705
16.9851 727
22.5281 991
21.2094 873
9.69456 412
25.5073 1106
13.9955 572
38.305 1592
24.7972 1068
16.4452 704
23.3593 1007
52.9422 2218
22.0481 902
13.7551 570
27.9102 1176
20.8779 873
8.60733 346
16.4458 689
12.1559 485
23.7471 1043
30.5 1339
43.234 1911
63.2343 2664
16.7119 715
14.9966 646
9.99579 445
29.3318 1247
6.12898 266
11.6371 490
12.1867 490
8.5026 362
32.684 1394
10.118 420
31.3877 1325
57.921 2412
7.65362 299
39.8196 1645
22.3449 928
8.45874 352
19.9608 798
11.3009 442
28.5376 1232
10.2632 444
20.3049 876
10.9293 442
50.4317 2094
9.33515 416
9.93517 444
70.3627 3008
17.6188 763
50.0514 2170
33.1369 1371
13.8986 593
16.3459 685
12.1639 484
18.8388 799
18.105 742
16.5618 707
9.96049 402
17.778 779
18.3306 782
11.53 481
13.5939 594
34.699 1527
69.9057 2946
23.8609 1010
27.008 1141
25.1703 1060
8.28507 360
48.2851 2037
23.041 989
17.2518 664
12.5862 501
36.223 1518
24.5507 1030
22.3679 959
9.05874 350
26.725 1080
39.2136 1600
9.64211 406
waktu run program = 460000 clicks  = 0.46 detik 
