2077.24 8774358
2010.88 8493351
1198.51 5059582
3646.55 15405203
1520.26 6419490
1059.1 4470507
2588.74 10932022
1364.14 5759010
1243.19 5251319
2869.24 12114812
4289.74 18113895
1031.01 4353136
487.272 2058497
3246.55 13713047
1795.1 7582290
3384.51 14292266
1145.92 4840710
2629.81 11105265
2422.37 10231620
1488.38 6287788
722.335 3051199
1775.02 7495760
2018.24 8525058
1904.74 8047422
1146.04 4838926
1184.59 5005407
1415.61 5978231
1552.9 6558777
1341.8 5664098
1955.62 8255419
1545.34 6528612
1143.49 4830782
951.265 4014859
1557.94 6585248
2078.57 8777756
1068.53 4514243
3469.89 14653992
1326.88 5605009
552.41 2331969
1544.52 6524908
1006.21 4250881
1373.21 5798790
5931.72 25050418
746.849 3156137
3264.41 13782461
967.773 4082270
1227.55 5183032
1911.65 8070229
1858.43 7850532
2336.11 9865901
618.444 2610728
1685.9 7119511
2333.26 9849794
1970.29 8318739
1589.89 6714111
525.46 2219752
2835.5 11982572
2512.28 10612929
1328.53 5612979
4388.84 18530653
5991.82 25307220
1911.62 8076468
4107.4 17339097
2535.92 10708013
2586.86 10924435
3530.85 14906591
3281.53 13853180
2558.61 10806739
1071.15 4524342
1379.73 5834894
2252.56 9507252
1279.62 5400295
1158.87 4895248
1037.72 4382239
851.25 3593621
3078.17 12998622
1441.14 6085779
1209.75 5105146
1239.33 5232601
4653.26 19653382
655.026 2769166
1027.05 4339451
1476.61 6239344
inf 1406814
1201.93 5076574
4174.46 17623171
2149.07 9078333
510.595 2158765
566.641 2392917
2283.29 9646530
1020.92 4314018
915.189 3863909
2614.78 11046349
1821.07 7691200
2651.24 11198109
2017.44 8517022
3466.96 14637618
3611.54 15252310
3857.74 16291123
1629.96 6884693
871.93 3682523
1953.43 8252032
2924.59 12348600
3502.93 14787790
1200.94 5071375
2273.5 9594284
1476.09 6233326
2169.37 9162727
3952.04 16696723
1190.82 5031747
1879.45 7937515
925.333 3906703
inf 6997021
4278.43 18061321
1977.3 8348633
4232.72 17879264
4059.33 17142676
2088.81 8817929
1209.86 5107638
inf 1121781
1432.19 6047425
2045.13 8633161
1952.52 8245449
1347.37 5692133
1776.55 7509146
3371.65 14244540
1488.55 6287530
1198.54 5060869
2217.71 9370699
3054.4 12898931
4305.98 18181488
1286.55 5433951
2864.5 12087549
1744.33 7364165
1107.01 4676579
2355.55 9949084
719.431 3035065
811.743 3426307
2612.46 11031443
1395.43 5890486
2447.48 10336114
2796.61 11807435
3554.58 15010845
1932.29 8160731
603.67 2549171
981.65 4146635
1094.92 4622790
1717.53 7252271
2170.97 9168397
2437.99 10295586
1725.85 7285665
977.358 4125460
667.12 2817009
2161.08 9126635
1400.4 5912297
1142.23 4826708
1997.76 8435048
1591.92 6720899
2403.1 10143601
5651.9 23859176
1496.39 6318943
1472.01 6215072
1105.07 4666714
inf 10914383
1645.52 6946851
1634.28 6906229
2708.52 11437135
1523.91 6438031
2883.07 12175298
1032.02 4356907
805.963 3400264
4033.87 17035383
3107.38 13118118
1026.57 4337612
1004.03 4238889
2408.01 10169268
1625.05 6862849
1788.52 7546376
1674.8 7071989
3405.16 14375939
468.539 1979694
1345.24 5672870
2851.45 12040854
946.822 3999967
1326.31 5601790
1271.93 5372800
548.691 2318355
4631.78 19564115
1432.21 6048755
1862.95 7867621
1186.51 5007431
1236.86 5222378
1226.47 5180292
1440.1 6079297
2042.83 8623799
1442.72 6092069
1337.47 5649559
4348.4 18358027
2710.66 11445433
1275.79 5386967
863.127 3643106
1724.57 7284742
1995.58 8426099
1742.34 7360872
2432.69 10269273
1116.22 4714668
711.869 3008666
2275.94 9608776
1869.24 7891179
1978.06 8352583
1222.69 5159713
3216.18 13583142
2882.44 12174501
1127.91 4761170
1393.84 5886307
3949.91 16685483
2201.04 9298608
1449.63 6119819
5414.26 22864176
1854.17 7832507
2670.1 11276164
1321.24 5581296
1402.08 5918487
5463.46 23069273
980.87 4143513
1734.93 7327323
4101.12 17322331
970.877 4102026
3822.12 16142964
1599.39 6755419
4036.93 17059585
4209.88 17774699
1029.58 4347535
1523.16 6428180
1530.23 6459279
1076.79 4543349
3456.58 14593607
926.532 3908018
2342.14 9893793
1749.17 7380737
1162.97 4910964
966.58 4083166
1185.9 5010499
1006.58 4250161
3645.35 15394374
2400.83 10137596
1710.2 7219375
517.541 2182656
1676.41 7078101
3196.68 13510158
594.996 2511181
1488.45 6284274
1198.43 5057683
736.859 3111061
2436.31 10287869
756.919 3195998
1697.67 7169322
1562.3 6596729
1404.81 5933181
2158.62 9116074
1678.12 7082833
1275.77 5387581
1751.82 7398381
4646.53 19615364
1184.21 5001825
1655.32 6987435
1796.5 7586359
2275.8 9605946
2447.14 10330449
2381.05 10055186
1956.95 8261230
1650.59 6965965
4389.98 18538138
790.719 3339004
976.02 4120067
1544.31 6517046
5060.31 21366950
2255.06 9516819
2418.07 10218190
2130.07 8994217
4216.2 17804401
3599.47 15190925
907.882 3833918
3211.81 13562700
2278.1 9622609
1720.95 7268937
2840.86 12002618
731.952 3094150
2316.03 9779838
1602.97 6771355
3773.91 15933394
1489.83 6289551
2069.51 8739061
3411.28 14405703
3160.28 13343261
809.631 3420954
1273.7 5378461
1642.82 6937089
1455.87 6150439
1257.94 5307648
2254.77 9522550
1332.13 5621993
2314.01 9773871
2626.62 11094298
1203.23 5078567
1632.12 6892686
802.884 3391863
2215.79 9361114
904.493 3820547
1019.66 4302081
1881.74 7945122
1897.67 8008301
1095.26 4624906
1663.06 7021078
3008.2 12705504
2735.13 11546746
1936.97 8178197
2910.7 12289688
1673.23 7066769
2159.93 9122047
1478.56 6243092
1776.74 7504897
1587.71 6703802
2193.6 9269274
984.806 4160458
1353.2 5716165
1152.03 4862110
2287.88 9665887
5131.96 21670424
2562.03 10811720
1955.64 8256361
1441.89 6088156
1384.04 5844344
2483.09 10484351
1049.19 4429018
2666.73 11261799
1911.25 8070032
3127.58 13210978
1161.88 4907369
1200.37 5068336
737.406 3116654
1524.86 6441319
666.484 2812924
1498.51 6327814
2422.96 10232115
2164.1 9136363
2590.13 10934758
2253.29 9513398
1080.03 4561063
4371.71 18466308
1456.51 6147471
2125.06 8970825
867.1 3663651
2806.91 11860096
1926.17 8136584
1329.93 5617668
1794.92 7583242
1017.28 4293974
2756.66 11638381
3354.83 14165796
679.288 2867403
1617.92 6831180
1017.46 4296958
2550.71 10778577
4193.55 17704049
2993.33 12642818
1899.05 8016376
1915.17 8090564
1024.24 4325022
808.067 3413133
1518.84 6416146
860.77 3633616
1648.48 6960371
4084.33 17246645
1432.1 6046805
2563.09 10829126
1340.59 5660959
2668.46 11261719
3806.28 16074826
1630.04 6881683
3421.94 14456426
3152.52 13308899
1328.57 5610601
1654.61 6986308
1933.71 8163873
2964.8 12517929
596.944 2520683
928.129 3922151
1826.63 7718138
882.217 3724801
1655.65 6990305
2962.83 12511825
2925.4 12354546
2238.42 9456458
1217.6 5141385
2402.84 10146697
1684.01 7107069
612.925 2590516
844.604 3564000
2078.69 8774010
2593.17 10951312
3212.57 13558645
2790.31 11781226
2376.23 10030681
1253.01 5290069
2998.15 12660408
1865.84 7881330
2222.25 9387325
1342.98 5671449
880.941 3719625
1593.04 6726161
612.465 2586682
4919.1 20768570
1072.45 4528751
2211.6 9338317
3212.71 13569226
2324.41 9816198
857.445 3618959
2128.26 8990621
2166.74 9151408
1591.76 6724735
736.722 3110178
898.719 3797000
1429.82 6033216
2684.51 11334376
1640.95 6929640
1593.65 6729910
1085.04 4580453
1565.83 6610960
1197.02 5054816
inf 5860161
1156.16 4884964
995.994 4205391
3207.66 13544493
1218.94 5149807
1286.69 5434791
1834.86 7747668
4329.13 18272838
848.485 3582531
1292.91 5459256
3839.92 16216178
4189.85 17693592
2308.33 9748682
918.401 3878086
1760.87 7433578
4779.7 20180293
1068.24 4511906
2605.1 11000258
1441.84 6089330
885.977 3740698
1037.44 4381752
11852.3 50048846
4305.93 18182478
5325.73 22485085
2006.9 8474202
1291.88 5455529
2004.85 8466399
1109.22 4684739
1476.1 6236886
1470.25 6207694
4086.53 17255955
3166.03 13374941
585.384 2471341
7101.13 29978888
1265.45 5346116
6451.54 27253784
3232.1 13645526
2140.11 9039282
1244.91 5257062
1565.91 6613949
1488.91 6286920
2702.24 11417414
763.619 3226659
1980.31 8363755
885.99 3744359
1194.25 5041588
1526.57 6443796
1040.27 4389186
1906.11 8051159
565.141 2386042
822.001 3470897
3947.43 16662074
2097.76 8854195
1999.55 8444554
2172.33 9174443
1718.02 7257861
992.796 4198645
1026.88 4334938
1427.49 6028516
5410.79 22847896
633.439 2673915
3224.06 13614063
2853 12047536
3472.53 14662630
1488.4 6287526
2697.83 11392944
2776.93 11723172
1333 5632646
2503.39 10568886
2378.82 10043922
2252.89 9512279
1417.58 5985393
1681.96 7100060
3262.42 13777619
975.62 4117014
1581.4 6679020
1732.08 7314221
1113.5 4701768
1168.79 4935759
1470.39 6209082
5966.77 25191970
638.285 2697462
1267.37 5356889
895.673 3780837
2008.51 8481538
1267.6 5357188
1356.34 5726790
1177.92 4968417
2283.92 9644152
1919.32 8106220
1847.52 7802068
inf 2167817
2387.33 10077353
1933.69 8163505
2174.93 9186781
829.982 3505195
1598.67 6747575
540.007 2278416
4154.67 17543975
939.994 3968517
1767.43 7462937
691.41 2921240
565.21 2385120
3256.2 13750914
4265.6 18016951
767.076 3240568
1873.34 7911226
1110.5 4689045
3555.57 15015480
2650.76 11196128
1221.29 5158181
3213.99 13572918
1535.07 6478561
2190.4 9252674
3062.41 12933022
765.585 3232253
1858.49 7847677
1107.98 4682133
1056.15 4460090
1412.99 5967193
3464.59 14630801
2262.51 9555457
3681.7 15546859
3586.14 15135229
510.627 2157421
1016.35 4291263
1211.27 5112175
3961.31 16726477
1263.37 5334793
836.38 3532993
2564.51 10829144
5406.57 22832503
4479.67 18918816
599.973 2533829
1034.88 4367830
789.622 3332683
1143.03 4826979
3683.66 15559632
2846.82 12024464
1542.99 6514583
1946.6 8217467
1118.97 4724883
3358.26 14185960
2034.32 8589501
3720.58 15713092
1172.02 4949472
1346.36 5681634
5021.15 21200571
1714.24 7242139
2200.58 9287834
1019.65 4305497
2757.33 11642991
1602.92 6770859
3044.21 12855032
1035.73 4373872
6806.72 28745515
1450.25 6119155
1303.63 5503342
1978.11 8352978
3445.74 14556437
2013.6 8500451
1107.09 4671675
2226.06 9403978
954.632 4030995
669.2 2824266
2124.72 8973162
1873.72 7909533
1077.3 4551698
2148.87 9075035
2004.3 8460944
2631.01 11108878
5076.53 21432694
889.745 3755777
835.773 3529273
1181.52 4988843
inf 3951189
537.285 2270414
1869.98 7894335
838.792 3541912
1532.06 6472953
1612.07 6802980
959.685 4053768
1623.04 6850704
4668.29 19711322
2317.46 9784520
1103.74 4659982
793.747 3353181
2377.33 10043381
4667.67 19711644
1004.58 4244930
2949.69 12449886
680.768 2874288
755.487 3190116
3391.84 14320863
1160.99 4902312
1141.62 4817739
2162.09 9134418
4210.62 17788402
2544.21 10746246
1602.92 6771698
1771.91 7483033
4201.24 17742093
2946.8 12444150
3491.62 14747531
876.269 3702119
1388.38 5862308
1114.72 4709278
6916.4 29209418
1891.17 7986405
741.373 3128340
4851.44 20488576
2374.85 10031498
1362.2 5756525
1973.49 8338010
1176.28 4969724
1580.47 6671859
4272.91 18045489
1226.75 5178773
3029.91 12797677
593.326 2505092
2006.17 8473780
1851.7 7824980
3354.5 14170856
758.03 3199981
550.314 2326189
4449.73 18793091
905.552 3818094
2806.02 11849224
2943.21 12421911
5190.33 21915193
1252.6 5285195
888.99 3756020
530.126 2238639
836.45 3534143
1601.73 6763503
1372.33 5796694
1544.1 6519566
3350.51 14143089
3359.68 14194472
2498.58 10550885
1360.36 5740624
2689.4 11359511
2180.76 9201919
387.765 1637346
1556.86 6577331
1297.58 5478522
1721.77 7268848
2044.56 8633170
2636.67 11132912
2492.2 10523081
891.057 3763313
2172.52 9173360
874.242 3692646
3065.05 12943496
2827.51 11942657
1039.72 4391834
1275 5387009
3938.97 16630275
3362 14189559
2432.66 10270904
1266.92 5348726
4171.88 17619913
1963.69 8293576
1556.82 6578658
811.242 3425931
2650.06 11187932
2281.67 9635498
2096.85 8855574
1104.16 4659961
1690.28 7137619
1798.83 7592725
2387.53 10081668
1960.17 8278338
5254.28 22191483
845.407 3573874
1940.66 8194255
2662.31 11239300
2687.61 11349438
2298.12 9700230
3110.36 13133598
1832.45 7739714
993.222 4191278
1183.09 4998727
1896.42 8004851
3999.01 16888077
1492.82 6301633
inf 5153132
2166.94 9145725
925.968 3906811
1714.98 7246758
1342.86 5675748
701.291 2964195
1993.07 8410801
2788.27 11778341
2934.7 12390244
790.168 3337155
1426.91 6029196
3752.13 15844813
4335.08 18303904
3733.08 15764020
1296.47 5477698
1311.11 5531615
1420.43 5994227
3431.29 14488058
922.82 3897272
737.574 3114333
1200.46 5073842
570.489 2409627
1561.13 6594213
3100 13089539
1906.18 8049469
1050.24 4435211
753.578 3181446
2529.08 10685480
2478.37 10464144
1669.24 7046643
1918.72 8104116
2711.53 11447230
1884.43 7960292
1889.63 7977491
821.089 3464684
2031.51 8578191
1575.86 6652511
4169.34 17606521
1905.66 8051274
1036.92 4380787
792.913 3345866
3087.55 13038436
1284.6 5423124
3776.84 15952491
1583.38 6682240
3505.15 14798107
1228.99 5191585
2472.09 10434204
789.384 3330737
1024.16 4327978
2194.3 9264290
4906.17 20717724
1735.29 7327460
5560.85 23479075
1476.41 6234251
1344.2 5674146
2587.13 10923623
2066.21 8722931
2718.25 11477470
1848.51 7807231
3441.37 14531789
2898.41 12245733
3476.67 14679736
2645.19 11168215
2943.43 12428264
2227.72 9402634
3504.61 14803669
2119.29 8950092
765 3231594
2046.55 8640048
2110.99 8911846
3687.94 15574523
1674.97 7072356
2160.08 9123151
932.209 3940318
3460.07 14611206
1546.33 6532879
1249.5 5270249
1537.58 6494433
3688.43 15572671
2510.58 10601582
2117.7 8942126
1035.22 4370993
1360.53 5744930
3659.77 15449985
2176.44 9191211
4495.97 18976501
5048.22 21324339
inf 3637281
919.532 3879014
2159.52 9117844
1912.15 8072717
2545.32 10742243
882.324 3725828
1930.46 8153395
4206.25 17761576
3362.9 14204937
3432.92 14496048
831.856 3512469
1635.89 6908880
1658.99 7003966
971.56 4104782
1468.22 6199488
1682.72 7109773
4660.59 19683266
2046.33 8641340
3313.64 13989351
879.067 3712803
922.52 3896256
1318.03 5565872
3736.36 15779563
667.529 2818641
852.104 3600129
1053.76 4452635
2408.98 10172236
1409.09 5950948
1996.79 8429588
1562.26 6593846
2631.62 11110445
829.35 3502337
1348.22 5695633
1605.82 6779607
899.392 3798786
1624.07 6854089
2039.5 8616867
2064.46 8712170
4862.68 20535508
1874.23 7914810
3950.97 16685839
1791.9 7568202
4258.88 17993533
1088.76 4598504
1518.72 6409812
2916.93 12318974
1335.13 5635483
1104.24 4659701
1812.13 7649183
4671.08 19728274
1469.66 6205206
1030.88 4354125
498.428 2103569
484.76 2047536
1256.23 5300466
4145.01 17500824
2464.19 10404213
6030.48 25462342
1893.3 8000181
1021.74 4314780
3303.14 13946056
702.84 2969317
1947.79 8220219
3056.97 12911318
4825.66 20371148
2908.84 12286321
1547.48 6534714
3431.49 14495832
3931.92 16607980
1199 5064079
1735 7327200
1206.79 5094167
2014.39 8509104
1095.28 4622928
2309.39 9752184
1793.85 7573438
802.377 3387651
2903.09 12258805
3188.09 13468961
1527.83 6453120
4766.43 20118978
3051.9 12887863
2427.73 10256987
1035.98 4372421
918.044 3875866
1158.94 4896169
2186.49 9229549
857.249 3621063
6395.69 27018059
1572.99 6639503
4165.62 17591615
3480.76 14702783
1077.78 4552480
2191.33 9258753
4197.26 17726280
1136.9 4801305
3301.37 13943250
775.618 3276563
1677.38 7082076
1664.59 7029162
3267.14 13805375
5231.42 22081361
2204.99 9311585
870.68 3674449
811.022 3423032
1356.9 5729602
3457.01 14596326
1421.76 6005634
1564.54 6608511
3196.07 13494247
5033.15 21254298
645.719 2727301
2475.55 10455305
1728.3 7298754
1873.35 7910881
2758.27 11647593
781.153 3297977
2494.49 10537095
779.004 3291057
2018.93 8524385
1412.66 5963256
1760.9 7434488
1218.47 5145707
631.72 2665128
1971.92 8328000
4687.39 19792918
3990.37 16852153
1068.09 4507893
2817.86 11898595
4381.25 18504688
3303.74 13949772
1775.93 7500402
1596.45 6741644
1018.97 4298805
1657.05 6992967
1748.12 7383237
2275.09 9611037
1122.96 4739376
736.264 3108931
496.299 2096754
3589.6 15159175
2070.83 8742462
2447.67 10335133
1383.43 5840961
3361.02 14191643
2164.45 9132981
506.293 2137754
1829.26 7724363
3659.41 15452691
2188.81 9246595
769.295 3249329
3158.19 13340466
1540.92 6503788
614.83 2600154
985.842 4164370
1282.1 5411991
827.072 3493943
1561.36 6592242
1559.82 6589214
3993.24 16862068
1605.67 6784438
736.586 3109215
614.552 2596125
1532.55 6475967
3324.57 14037403
2334.05 9854525
1701.29 7183817
1233.19 5202491
2873.45 12128262
1241.33 5243270
4295.68 18149310
1603.67 6769854
1562.35 6593548
6889.01 29094344
743.32 3142349
2801.91 11829532
1364.15 5756411
2859.97 12075795
1242.2 5244904
1506.25 6361996
5209.33 21996292
2415.75 10201133
918 3878090
1643.61 6940842
1716.48 7247970
2469.05 10426518
2154.11 9097243
1332.7 5627604
1579.55 6667348
1086.13 4586000
3636.87 15351919
1032.79 4362543
5043.99 21304404
3790.41 16004738
2544.75 10746514
2783.71 11752518
waktu run program = -22597296 clicks  = -22.5973 detik 
