0 0 0
-0.000750104 0.00131587 -0.000234555
0.000696503 0.00158468 -3.93978e-05
-0.000154211 0.00150033 0.000231043
-0.000630422 0.00226684 0.000448533
-0.000621546 0.00226347 0.000450589
7.93472e-06 0.0020674 -7.057e-05
0.00356388 0.0011396 -0.00123469
0.00246451 0.00069111 -0.00143831
0.000270819 0.000607762 -0.00251486
0.000274582 0.00055834 -0.0024987
-0.000265989 0.00099609 -0.00276284
-0.000283872 0.000965543 -0.00277892
0.000795165 0.000623876 -0.00202366
0.00042729 0.000825706 -0.0020752
0.00242896 -0.00113285 -0.00209272
0.00250966 -0.00122036 -0.00208198
0.00207078 -0.000691931 -0.00196269
0.00149737 -0.000269015 -0.00418346
0.00150904 -0.000447596 -0.00417707
0.00273429 -0.00149803 -0.00321631
0.00281393 -0.0016166 -0.00325665
0.00240052 -0.00121634 -0.00300791
0.00227932 -0.00103865 -0.00288558
0.00170389 -0.00197322 -0.00329016
0.00160258 -0.0018537 -0.00330581
0.000358992 -0.00149942 -0.00309146
0.000174748 -0.00127619 -0.00328563
0.000429154 -0.00142709 -0.00303584
0.00128805 -0.00112222 -0.00468769
0.00190835 -0.00149475 -0.00530655
0.00394276 0.000382495 -0.00630148
0.00441962 0.00038488 -0.0052768
0.00398016 0.000107042 -0.00516173
0.00347092 0.000471516 -0.00392761
0.00349673 0.000297937 -0.00389771
0.00289693 -0.000516475 -0.00502292
0.00573211 -0.000883277 -0.00320469
0.00553863 -0.00208175 -0.00199082
0.00396737 -0.00152303 -0.000744954
0.00396619 -0.00152463 -0.000742545
0.00430034 -0.0012934 -0.000486271
0.00444519 -0.000986954 -0.000273398
0.00257855 -0.00179074 -0.0020007
0.00311264 -5.43233e-05 -0.000803918
0.00306088 -5.86406e-05 -0.00145654
0.00242236 0.000590758 -0.0017375
0.00216676 0.000228037 -0.00185395
0.00211208 1.78806e-05 -0.00178638
0.00537584 -0.00117857 -0.00435402
0.00709363 0.000363947 -0.00410291
0.00796982 0.0011249 -0.00420139
0.00806968 0.000606576 -0.00446296
0.00717117 0.00064352 -0.00403884
0.00676594 0.000354587 -0.00402811
0.00676839 0.000304925 -0.00352994
0.0060846 0.00149354 -0.00317929
0.00609003 0.00146529 -0.00309765
0.00481154 0.00180229 -0.00381294
0.00421121 0.00455063 -0.00491229
0.00398439 0.00512123 -0.0053691
0.00225158 0.0056736 -0.0080193
0.00236939 0.00544179 -0.0081278
0.000191261 0.00641937 -0.00620134
0.000558939 0.00600066 -0.0065871
-0.00010511 0.00591061 -0.00664415
-8.46194e-05 0.00595187 -0.00669655
-0.000117216 0.00595615 -0.00670732
-0.000335088 0.00609687 -0.00639369
-0.000737905 0.00508557 -0.00616896
-0.000539561 0.00330799 -0.00699258
-0.00105253 0.00522396 -0.00515326
-0.00109428 0.00527583 -0.00541757
-0.00108023 0.0052942 -0.00541371
-0.00102856 0.00557508 -0.00527566
-0.00078508 0.00449292 -0.00612442
-0.00111741 0.0049392 -0.00805735
-0.00117492 0.00513881 -0.00804056
-0.00117873 0.00517691 -0.0080823
3.33506e-05 0.0049847 -0.0082259
-0.00203117 0.00729459 -0.00707438
-0.00366176 0.00670013 -0.00749374
-0.00398053 0.00621515 -0.00927083
-0.00432878 0.0063239 -0.00884788
-0.00442945 0.00636957 -0.00881118
-0.00434134 0.0066253 -0.00850938
-0.00477904 0.00661266 -0.00849144
-0.00549699 0.00487939 -0.00972165
-0.007317 0.00457813 -0.00539287
-0.00747399 0.00459857 -0.0047611
-0.00741625 0.00449599 -0.00473227
-0.00712148 0.00426117 -0.00540827
-0.00650648 0.00479852 -0.0055649
-0.00660921 0.00501508 -0.00504545
-0.00656298 0.00499824 -0.0050433
-0.00496113 0.00281427 -0.00605797
-0.00544086 0.00262128 -0.00562728
-0.00544909 0.00348587 -0.00656453
-0.00636075 0.004132 -0.0063212
-0.00700287 0.00448152 -0.00714022
-0.00672995 0.00447736 -0.00726265
-0.00641233 0.00424746 -0.00734065
-0.00752188 0.00485363 -0.00793204
-0.00714587 0.00463397 -0.00678084
-0.00721019 0.00462058 -0.0069887
-0.00781672 0.0046513 -0.00751504
-0.0081975 0.00444547 -0.00741587
-0.00778805 0.00497555 -0.00761101
-0.00781305 0.00497776 -0.00755349
-0.00765767 0.00480507 -0.00753597
-0.00771606 0.00556105 -0.00747507
-0.0054099 0.00613782 -0.00678305
-0.00540717 0.00596162 -0.00690258
-0.0052636 0.00601855 -0.0069686
-0.00540771 0.00610535 -0.00686022
-0.00539594 0.00652736 -0.00706842
-0.00534198 0.00348019 -0.00573849
-0.00573212 0.00363443 -0.00569236
-0.00555338 0.00362864 -0.0059973
-0.00413817 0.00310122 -0.0071178
-0.00411704 0.00287178 -0.00669171
-0.00477988 0.00541236 -0.00317108
-0.00493641 0.00550602 -0.00335154
-0.00493518 0.0059694 -0.00402408
-0.00467766 0.0062032 -0.00389451
-0.00377375 0.00598208 -0.00402802
-0.00398435 0.00574686 -0.00390916
-0.00454587 0.00421489 -0.00492312
-0.00618104 0.00549572 -0.00617934
-0.0061269 0.00555801 -0.00621578
-0.00613533 0.00557122 -0.00621473
-0.00364544 0.00564412 -0.00770902
-0.00358895 0.00565458 -0.00765893
-0.00349251 0.0054899 -0.00762838
-0.00455168 0.00725527 -0.0077865
-0.00423472 0.00739696 -0.00778657
-0.00636755 0.00714183 -0.00547715
-0.00638897 0.00730308 -0.00561851
-0.00689439 0.00740466 -0.00527404
-0.00803239 0.00660858 -0.00486378
-0.00832593 0.00656438 -0.00499238
-0.00903553 0.00651703 -0.00530911
-0.00935557 0.00629475 -0.00551385
-0.0118807 0.00574244 -0.00586278
-0.0121065 0.00594497 -0.00627558
-0.0128268 0.00566756 -0.00839447
-0.0133277 0.00707638 -0.00836081
-0.0148925 0.00865999 -0.00971446
-0.0146051 0.00971445 -0.00900661
-0.0145025 0.00939878 -0.00929104
-0.0136211 0.00999244 -0.00895469
-0.0124241 0.00845444 -0.0109736
-0.0125818 0.00861542 -0.0109539
-0.0123851 0.00869751 -0.0120391
-0.011739 0.00993473 -0.0116766
-0.0113947 0.00922824 -0.0130352
-0.0111154 0.00917691 -0.0128597
-0.011134 0.00994463 -0.0130349
-0.0113131 0.0101489 -0.0132599
-0.0115239 0.00953283 -0.0134193
-0.0115951 0.00959263 -0.0134631
-0.0115416 0.00930092 -0.0135041
-0.01098 0.00872062 -0.0150287
-0.0110577 0.00848907 -0.0132717
-0.0106663 0.00874229 -0.0128796
-0.0106878 0.00876069 -0.0121298
-0.0107475 0.00867525 -0.0124248
-0.011549 0.00920341 -0.0117936
-0.00988723 0.00830897 -0.0121383
-0.00999913 0.00812309 -0.0120364
-0.00991731 0.00882198 -0.0123014
-0.00828596 0.011017 -0.012055
-0.00510526 0.0093923 -0.0107424
-0.00446544 0.0103697 -0.00726051
-0.00530515 0.0111455 -0.00590137
-0.00354634 0.0109135 -0.00591768
-0.00495413 0.0108271 -0.00459134
-0.00512939 0.0118299 -0.00472426
-0.00814784 0.00729496 -0.00457327
-0.00752264 0.00648255 -0.00356792
-0.00753726 0.00645551 -0.00356041
-0.00723404 0.00740943 -0.00361984
-0.0073346 0.00772308 -0.00358973
-0.0074858 0.00796271 -0.003655
-0.00750083 0.00797604 -0.00377863
-0.0077736 0.00775697 -0.00479248
-0.00744033 0.00716132 -0.00476845
-0.00537658 0.00750289 -0.00604151
-0.00591644 0.00769233 -0.00594458
-0.00619115 0.0077697 -0.00579743
-0.00616609 0.00669642 -0.00782696
-0.00621258 0.00637203 -0.00749275
-0.00486717 0.0083816 -0.00721214
-0.00461643 0.0082277 -0.00741302
-0.00470954 0.00797088 -0.00716848
-0.00499513 0.00777874 -0.00739421
-0.00306541 0.00776018 -0.00781031
-0.00312133 0.00773798 -0.00782671
-0.00336926 0.00714914 -0.00681946
-0.00353169 0.00765839 -0.00685598
-0.00298748 0.00788027 -0.00658053
-0.00296134 0.0079712 -0.00620495
-0.00179072 0.00685674 -0.00479452
-0.00175389 0.00685833 -0.00473908
-0.00179417 0.00470364 -0.00618276
-0.0019317 0.00472038 -0.00614624
-0.00161867 0.00547041 -0.00592922
-0.002512 0.00635452 -0.0080696
-0.00334607 0.00800373 -0.00851737
-0.00342061 0.00781653 -0.00882161
-0.00401723 0.00897436 -0.0131171
-0.00154369 0.0072645 -0.010664
-0.00218091 0.00662937 -0.00904327
-0.00200516 0.0059095 -0.00779102
-0.00225707 0.00349781 -0.00977601
-0.00176102 0.00277054 -0.00938593
-0.0017895 0.0025293 -0.0093784
-0.00174839 0.00276674 -0.00962892
-0.00227454 0.00353445 -0.00887336
-0.00323049 0.00324819 -0.0100018
-0.00347913 0.00450529 -0.00904214
-0.00367402 0.00506136 -0.00827786
-0.00406415 0.00566453 -0.00864747
-0.00468621 0.00546092 -0.00866956
-0.00415629 0.00465922 -0.00811563
-0.00393429 0.00452575 -0.00775931
-0.00491274 0.00575056 -0.00911364
-0.004093 0.00728043 -0.00551265
-0.00256699 0.00640757 -0.00513585
-0.0028188 0.00769948 -0.00761246
-0.00393805 0.00724951 -0.00680803
-0.00347705 0.00626219 -0.00686531
-0.00360345 0.0079156 -0.00866407
-0.00354662 0.00740391 -0.00857845
-0.00361086 0.00750136 -0.00851491
-0.00361178 0.00749183 -0.00850671
-0.00382477 0.00760213 -0.00852212
-0.003952 0.00751236 -0.00859161
-0.0049941 0.00637482 -0.00897664
-0.00432679 0.00546849 -0.0104953
-0.0033776 0.00512414 -0.0104195
-0.00337377 0.00517703 -0.0103938
-0.00352787 0.00499911 -0.0104147
-0.00339842 0.00342532 -0.00977325
-0.00405214 0.00386007 -0.0100285
-0.00419475 0.00429495 -0.00992448
-0.00455741 0.00571297 -0.0111004
-0.00446963 0.00578207 -0.0110802
-0.00416931 0.0057287 -0.0103923
-0.00410433 0.00633839 -0.0111767
-0.00419419 0.0063768 -0.0112666
-0.00349008 0.00553557 -0.00952635
-0.00335585 0.00521076 -0.00969224
-0.006115 0.00221849 -0.00950064
-0.00592113 0.00200808 -0.00984174
-0.00750106 0.00376724 -0.00790858
-0.00736612 0.00380117 -0.00790116
-0.00731318 0.00520786 -0.00812788
-0.00658877 0.00623971 -0.00825848
-0.00716813 0.00496249 -0.00922949
-0.00524916 0.00662406 -0.00751667
-0.0040331 0.00668128 -0.00565069
-0.00399037 0.00677746 -0.00578505
-0.00294772 0.00605596 -0.00584868
-0.00136264 0.00537805 -0.00547305
-0.00201307 0.00474947 -0.00602377
-0.00205115 0.00463687 -0.00611256
-0.00236905 0.00444322 -0.0052767
0.000712533 0.00179471 -0.00216215
0.000734629 0.0019683 -0.00236431
-0.000110931 0.0021483 -0.00702893
-0.000268288 0.00210586 -0.0097571
-0.000270478 0.00209987 -0.00975186
-0.000676874 0.00193892 -0.00910755
-0.00065067 0.00192045 -0.00900284
-0.000336878 0.00224466 -0.00913873
-0.00116094 0.00205254 -0.00885747
-0.00151301 0.00224992 -0.00953385
-0.00128353 0.00203552 -0.00979046
-0.0010763 0.00187196 -0.00921989
-0.00130816 0.00126958 -0.00923647
-0.00138194 0.000984344 -0.00865989
-0.00128027 0.00072349 -0.00882068
-0.00122197 0.000552165 -0.00874589
-0.00127977 0.00067439 -0.00865027
-0.00119535 0.0014163 -0.00839611
-0.00109531 0.00134707 -0.00853436
-0.00127916 0.00153194 -0.00841648
-0.000929777 0.00123811 -0.00802483
-0.00114045 0.00108767 -0.00758094
-0.000424307 0.00279309 -0.00870465
-0.000237917 0.000988945 -0.00859316
-0.000259496 0.00102063 -0.00857422
0.000396198 0.00153917 -0.00728705
0.00120161 0.00130003 -0.00711731
0.00130028 0.00110193 -0.00717835
0.00108005 0.00146275 -0.00720938
0.00108168 0.00146712 -0.00721611
0.00275894 0.00123918 -0.00848474
0.0012913 0.000429951 -0.00813752
0.00129206 0.000435474 -0.00813848
0.000628037 0.000992789 -0.00786919
0.000371826 0.00079563 -0.00800763
0.000206117 0.000719029 -0.00814694
0.00103801 -0.000547881 -0.00905697
0.000954218 -0.000389199 -0.0090864
0.00130612 0.000102036 -0.0100081
0.00182612 -0.000612251 -0.00891633
0.00266916 -0.00188239 -0.00672949
0.00343075 -0.00183063 -0.00700551
0.00346965 -9.91762e-05 -0.00928524
0.00351563 0.000777198 -0.00887204
0.00311862 -0.000629208 -0.0107104
0.00305037 -0.000606672 -0.0107046
0.00299424 -0.000220013 -0.0105369
0.00153598 -0.000198253 -0.01093
0.00056025 0.00105546 -0.0120104
0.000555908 -0.000287338 -0.0123759
0.00157975 8.031e-05 -0.0123205
0.00327733 0.00275969 -0.0122278
0.00325904 0.00272923 -0.0122463
0.00326899 0.00220733 -0.0137841
0.00400645 0.00420861 -0.0146054
0.00381151 0.00455587 -0.0141645
0.00379588 0.00466655 -0.0141421
0.00422938 0.00458567 -0.014728
0.00423027 0.005763 -0.0140653
0.00422294 0.00576552 -0.014006
0.00424085 0.00528857 -0.0131136
0.00429255 0.00536414 -0.0130515
0.00434919 0.00569577 -0.0134527
0.00455308 0.00620861 -0.013609
0.00353695 0.00658536 -0.014561
0.00290343 0.0061911 -0.0138742
0.00298047 0.00640102 -0.0138443
0.00327845 0.00662396 -0.0137718
0.00326454 0.00660703 -0.0137789
0.00327503 0.00660434 -0.0137646
0.00546449 0.00523109 -0.0164078
0.00528695 0.00552603 -0.0148656
0.00532307 0.00745497 -0.0136603
0.00554371 0.00727153 -0.0136167
0.00515159 0.00725756 -0.0140442
0.00524751 0.00697098 -0.014018
0.00551338 0.00872478 -0.0145799
0.00598742 0.00888731 -0.0148742
0.00626065 0.00738136 -0.0145413
0.0063268 0.00625108 -0.0141951
0.00627079 0.00469568 -0.0133646
0.00666858 0.00307619 -0.013708
0.00727297 0.00327936 -0.0143257
0.00730917 0.00338625 -0.0143866
0.00757837 0.00335334 -0.0142242
0.00696676 0.0029475 -0.0126041
0.00687126 0.00305279 -0.0125308
0.00641029 0.00281799 -0.0123352
0.00748094 0.0053843 -0.00867219
0.00671027 0.00561626 -0.0095123
0.00693502 0.00514908 -0.00962402
0.00851618 0.00562746 -0.00926446
0.00790606 0.00842608 -0.00894905
0.00791516 0.00820832 -0.00901425
0.00616934 0.00567385 -0.00980178
0.00430506 0.00670336 -0.00834113
0.00360497 0.00583123 -0.00853274
0.00330559 0.00580109 -0.00825279
0.00345504 0.00598833 -0.00817552
0.00365185 0.0063134 -0.0084605
0.00220984 0.0059653 -0.00883162
0.0024095 0.0063675 -0.00899192
0.0014599 0.00691718 -0.0113195
0.00116069 0.00690929 -0.0114572
0.000635122 0.00787399 -0.011144
0.000233372 0.00817464 -0.0114878
-0.00175215 0.00804125 -0.0111858
-0.00128078 0.00767191 -0.0123057
-0.00147787 0.0075269 -0.011938
-0.00209411 0.00792105 -0.011509
-0.000204643 0.00894402 -0.0129978
-0.000274121 0.00903494 -0.013272
8.31557e-05 0.0090855 -0.0131812
0.000495134 0.00955979 -0.0139256
0.000662159 0.00942732 -0.013775
0.000567704 0.01004 -0.0139138
0.00304868 0.00748311 -0.00974605
0.00306199 0.00748793 -0.00968785
-4.17182e-05 0.0098211 -0.0106064
0.000356587 0.0100602 -0.00917907
-0.00139029 0.00917511 -0.00663043
-0.00308113 0.00529538 -0.00626823
-0.00411947 0.00554365 -0.00622493
-0.00361628 0.00688744 -0.00656688
-0.00417084 0.0062801 -0.006582
-0.00615565 0.00714804 -0.00807341
-0.00450676 0.00734766 -0.00861939
-0.00301195 0.00762233 -0.0093286
-0.00289965 0.00760786 -0.00918639
-0.00278257 0.00761818 -0.00909584
-0.0027866 0.00763192 -0.00910501
-0.00340616 0.0083648 -0.00901653
-0.0034465 0.00839844 -0.00909577
-0.00331891 0.00795883 -0.00852414
-0.000586304 0.00952116 -0.0102646
-0.0007313 0.00943921 -0.0101231
-0.000978233 0.00881151 -0.00960523
0.000413254 0.00803234 -0.00855184
0.00100769 0.00898651 -0.00772619
0.00167527 0.00906659 -0.00726702
0.00292795 0.00817111 -0.00730854
0.00311768 0.00800796 -0.00759258
0.00289535 0.00841193 -0.00734643
0.00289243 0.00857095 -0.00705025
0.00304306 0.00800887 -0.00645395
0.00326842 0.00765185 -0.00666555
0.00318896 0.00750493 -0.00663652
0.0046406 0.00975182 -0.00568952
0.0037352 0.0108782 -0.00567352
0.0033359 0.0101967 -0.0056948
0.00541243 0.0138861 -0.00496174
0.00530771 0.013927 -0.00491315
0.00632824 0.0157042 -0.00547288
0.0067436 0.0146578 -0.00682857
0.00572129 0.0142309 -0.0072461
0.00836196 0.0152328 -0.00733623
0.00827853 0.0146099 -0.00683184
0.0081158 0.0144987 -0.00676792
0.00765446 0.0134059 -0.00729649
0.0078424 0.0133839 -0.00724519
0.0062623 0.0134381 -0.0073643
0.00606601 0.0134119 -0.00801338
0.00486101 0.0140468 -0.00664227
0.00381569 0.0133919 -0.00936419
0.00394652 0.0130887 -0.00937633
0.00457061 0.0144766 -0.00961065
0.00443962 0.0153143 -0.00925135
0.00446938 0.0151635 -0.00945672
0.00389647 0.0146223 -0.00959554
0.00404303 0.0145791 -0.00961658
0.00420434 0.0141011 -0.00870701
0.00520602 0.0145262 -0.00889212
0.00512319 0.0144406 -0.00816998
0.00548625 0.0137068 -0.00832971
0.00965906 0.0108042 -0.00740577
0.00932813 0.0102845 -0.00752282
0.00941013 0.0102473 -0.00762073
0.00920759 0.0104114 -0.00770212
0.00954016 0.0113699 -0.00717507
0.00952591 0.0113202 -0.00714083
0.00808367 0.0104863 -0.00214726
0.00843413 0.0104838 -0.0016436
0.00801201 0.0108219 -0.00190444
0.00974892 0.0100241 -0.00205917
0.00922692 0.0102866 -0.00199285
0.00815832 0.0107209 -0.000490024
0.00930741 0.0109207 0.00243624
0.00964745 0.0107369 0.00249315
0.00964456 0.0107238 0.00248973
0.0110655 0.0117016 0.00311509
0.0119855 0.0119683 0.00171131
0.0126877 0.0122293 0.000622948
0.0107373 0.00946515 0.00206098
0.0107223 0.0100036 0.00239612
0.006924 0.0111739 0.00103772
0.00825903 0.0117122 0.00295332
0.00814477 0.0131187 0.00452767
0.00801301 0.0133487 0.00508265
0.00946066 0.0138368 0.00413298
0.0099387 0.0139601 0.00362108
0.00993014 0.0144975 0.00287976
0.00948158 0.0145241 0.00180317
0.00966795 0.0141161 0.0016985
0.00971517 0.0140612 0.00161974
0.00913626 0.0142565 0.00185474
0.00868983 0.0143213 0.00196479
0.00849769 0.014164 0.00188988
0.0085072 0.0141083 0.00170897
0.00837395 0.0142471 0.00224933
0.00799825 0.0140065 0.00300684
0.00868382 0.0148257 0.00341458
0.00788353 0.0142399 0.0026215
0.00793453 0.0142315 0.00260752
0.00780159 0.0140445 0.0026105
0.00681694 0.0136167 0.000585752
0.00729361 0.0141969 0.000709378
0.00757268 0.0135644 0.00268843
0.00625853 0.0123396 0.00130653
0.00471701 0.0126189 0.00263506
0.00591497 0.0133532 0.00174646
0.00555453 0.0132014 0.00120098
0.00663164 0.0128073 0.00118514
0.00539906 0.0181114 0.00139438
0.00542632 0.0186615 0.00199157
0.00623172 0.0190158 0.00161287
0.00626317 0.0191393 0.00149585
0.00625199 0.0190111 0.0014541
0.00656923 0.0187995 0.00164758
0.00670086 0.0188459 0.00156905
0.00674942 0.0192362 0.00121834
0.00605887 0.0193416 0.00136661
0.00921398 0.0202194 0.0024699
0.00857996 0.0205538 0.00228211
0.00828493 0.0206864 0.00192872
0.00882778 0.0204568 0.000890734
0.00784956 0.0213571 0.00223039
0.00785278 0.0214749 0.00209154
0.00912842 0.0229722 0.000707992
0.00918623 0.0228738 0.000601303
0.00913154 0.0226709 0.000949787
0.00758783 0.0248282 0.000695427
0.00833472 0.024256 0.000521458
0.00902079 0.0240329 0.00354512
0.00894983 0.0240397 0.0035528
0.00903781 0.024164 0.00358955
0.00518324 0.0237529 0.00117529
0.00517871 0.0237291 0.00129447
0.00490322 0.0235833 0.001604
0.00485251 0.0233925 0.000882317
0.00437659 0.0231107 0.000654583
0.00413827 0.023946 0.00271648
0.00399782 0.0240486 0.00240901
0.004117 0.0238739 0.00215352
0.00570588 0.02297 0.0026461
0.00610701 0.0224783 0.00261826
0.00606157 0.0219991 0.00376734
0.00610122 0.0209626 0.00313966
0.00568769 0.0203246 0.00340304
0.005484 0.0206105 0.0041736
0.00691623 0.019267 0.00364447
0.00596931 0.0193656 0.00211713
0.00459397 0.0178132 0.00289769
0.00253686 0.0198282 0.00543906
0.00293861 0.0202688 0.00631398
0.00291916 0.0203019 0.00623834
0.00294887 0.0202854 0.00622517
0.00290583 0.0206549 0.00627258
0.00158343 0.0192883 0.00889451
0.00330837 0.0212316 0.0091886
0.00307028 0.0209977 0.00931423
0.00319531 0.0206367 0.0090165
0.0032092 0.0206386 0.00901814
0.00396936 0.0221457 0.00762262
0.00412817 0.0228493 0.00611682
0.00286076 0.021604 0.00696126
0.00273599 0.0215595 0.00705822
0.00135706 0.0213489 0.00713332
0.00134623 0.0219973 0.00799357
0.00127726 0.02215 0.00809817
-3.36355e-05 0.0227934 0.00659374
-2.10063e-05 0.0228155 0.00658504
0.000448213 0.0219818 0.00620734
0.000949566 0.0209116 0.00498648
0.00197095 0.020763 0.00666727
0.00211729 0.0215608 0.00631849
0.00178003 0.0217719 0.00654581
0.00141422 0.023594 0.00531493
0.000952839 0.0233058 0.00684896
0.00175971 0.0232624 0.00711003
0.00230961 0.0223689 0.00642397
0.00495144 0.0225021 0.00147452
0.00531491 0.022469 0.00123721
0.00474215 0.0228579 0.0011072
0.00439996 0.0224272 0.0010302
0.00493775 0.0214801 0.000253064
0.00475474 0.0219728 0.000644344
0.0059883 0.0218615 0.000686624
0.00637157 0.0223124 0.00166811
0.00622884 0.0224293 0.00199909
0.00658404 0.0220912 0.00134035
0.0066684 0.0226425 0.000546698
0.00677709 0.0237604 -0.000897175
0.00698731 0.0236565 -0.000794648
0.00645302 0.0237291 -0.00182358
0.00786573 0.0248113 -0.00299597
0.00728225 0.025099 -0.00200226
0.00737893 0.0251003 -0.00183537
0.0073317 0.0251626 -0.00177829
0.0073298 0.0251449 -0.00178178
0.00719112 0.0251812 -0.0017746
0.00743179 0.0251178 -0.00188374
0.00725692 0.0252453 -0.00226697
0.00725024 0.0252395 -0.00227623
0.00718145 0.0252781 -0.00224974
0.00729162 0.0248856 -0.00220451
0.00747303 0.0248377 -0.00241337
0.00741725 0.0249461 -0.00255083
0.00866927 0.0274143 -0.000749272
0.00882842 0.0275251 -0.00120629
0.0108873 0.0286827 -0.000820851
0.0110924 0.0286401 -0.000768356
0.0111123 0.028382 -0.000941679
0.0106043 0.0285407 -0.000823069
0.0105795 0.0285503 -0.000844076
0.00987045 0.0292755 -0.00105854
0.011148 0.0299823 -0.00124194
0.0120726 0.0289891 -0.00291056
0.0119895 0.0284526 -0.00193619
0.0121996 0.0275661 -0.00109117
0.0119502 0.0276567 -0.000930863
0.0103227 0.026801 0.000386179
0.010297 0.0268173 0.000300693
0.0108762 0.0280281 0.0005102
0.0114916 0.0264724 -0.00126593
0.0115541 0.0261628 -0.00107073
0.0119854 0.0274451 -0.000540622
0.010413 0.0275743 0.00072655
0.00985634 0.0268127 -0.000650173
0.0108097 0.0270536 -0.00107805
0.0105303 0.0272862 -0.000709402
0.0106205 0.0274266 -0.000791665
0.0105666 0.0275701 -0.000624481
0.0107255 0.0290869 5.05307e-07
0.00912756 0.0285581 0.00196442
0.00880524 0.0278926 0.000964027
0.00856307 0.0280484 0.00134678
0.00850863 0.0278729 0.00131416
0.00870729 0.0276936 0.00147969
0.00927009 0.0282738 0.00188396
0.00872917 0.0281648 0.00168993
0.00916705 0.0290574 0.000839713
0.00977263 0.0291808 0.00151115
0.00995644 0.028952 0.00159312
0.0100144 0.0289977 0.001482
0.0100662 0.0292586 0.00143075
0.0100521 0.0292521 0.00155991
0.0101219 0.0300336 0.00120571
0.0104447 0.0302384 0.00113664
0.0104469 0.0302356 0.00113492
0.010261 0.0306134 0.00138065
0.0110287 0.0302694 0.0015076
0.0109783 0.0308319 0.00155589
0.010976 0.0308156 0.00156247
0.0108546 0.0308156 0.00158179
0.01023 0.0313104 0.00134904
0.0104802 0.0319294 0.00182765
0.0120844 0.0328759 0.00203557
0.011837 0.0327629 0.00201674
0.0116511 0.0335171 0.00218995
0.0115864 0.0338056 0.00204995
0.0133995 0.033186 0.00146095
0.0131248 0.0333048 0.00102854
0.0131725 0.0333218 0.00101399
0.0139427 0.033518 0.00184837
0.0183672 0.0318034 0.00155014
0.016911 0.0324097 0.000776186
0.0172559 0.0322652 0.00048824
0.0183902 0.0336764 0.000962727
0.0189228 0.033452 0.000765184
0.018336 0.0336545 -0.000470772
0.0183446 0.0336846 -0.000510974
0.0182244 0.0337844 -0.000454262
0.0189919 0.033936 -0.000267771
0.0195034 0.0338958 -0.000188595
0.018192 0.0353767 0.000366503
0.0181154 0.0354456 0.000288426
0.0178317 0.0352105 8.79447e-05
0.0174425 0.0371572 -0.00225117
0.0171639 0.0371796 -0.00248115
0.0175072 0.0373803 -0.00226922
0.0169946 0.0377771 -0.00223096
0.0169464 0.0378408 -0.00231395
0.0171053 0.038736 -0.00345654
0.0170713 0.038479 -0.0037573
0.0152654 0.0403063 -0.00222685
0.015129 0.0402616 -0.00226472
0.0146753 0.0404184 -0.00196881
0.0151594 0.0410736 -0.00199985
0.0151944 0.0412836 -0.000667783
0.0155475 0.0411936 -0.000147669
0.0134284 0.0385049 -4.93685e-05
0.0134421 0.0385805 -0.000120046
0.0135257 0.0386684 0.000103147
0.0132063 0.0388432 -0.00015583
0.0132484 0.0388912 -9.78542e-05
0.0133834 0.039502 -0.000394566
0.013547 0.039617 -0.00021045
0.0132983 0.0383726 0.000310727
0.0135428 0.0396956 0.000219822
0.0125238 0.0394274 0.000232429
0.0125866 0.039491 0.000326325
0.012733 0.0398087 0.000428825
0.0129548 0.0399635 0.000435134
0.0132554 0.0397559 -8.28092e-05
0.0131369 0.0396813 0.000228769
0.0123449 0.039585 0.000666761
0.0128178 0.0398316 0.000826076
0.0128468 0.0398012 0.000893637
0.0131709 0.0405539 0.00125898
0.0131377 0.0405527 0.00122864
0.0140229 0.0400378 -0.00129152
0.0142701 0.0394403 -0.000637698
0.0142187 0.0394244 -0.000605179
0.0141475 0.0395319 -0.000475448
0.0142458 0.0394846 -0.000533484
0.0134213 0.0377867 0.000533048
0.0138835 0.0383577 0.00079771
0.0139354 0.037863 0.00116705
0.0138948 0.0377336 0.00119847
0.0140072 0.0379391 0.000901214
0.0142392 0.0381959 0.000629438
0.0142606 0.0384032 0.000577352
0.0134649 0.0362555 0.0026034
0.0123411 0.0348653 0.00256088
0.0122878 0.0348658 0.00256727
0.011322 0.0355715 0.00397812
0.0107268 0.0353366 0.00432766
0.010828 0.0353898 0.00466178
0.00978514 0.0335049 0.00355447
0.00724283 0.0325243 -5.21882e-05
0.00722598 0.0325997 0.000153242
0.00804577 0.0324677 0.000593903
0.00812636 0.0322592 7.55096e-05
0.00987642 0.0307023 -0.000407327
0.010188 0.0309445 0.000120239
0.0105927 0.0311071 0.000120941
0.0105892 0.0311342 0.000172127
0.0105956 0.0311183 0.000190324
0.0102892 0.0310128 -5.98182e-05
0.0100536 0.0304943 0.000101011
0.00990939 0.0300085 -5.7298e-05
0.00979672 0.0299834 -8.6767e-05
0.00996841 0.0299693 -6.3255e-05
0.00930969 0.0294401 0.00026976
0.00926929 0.0287715 0.000375776
0.00799722 0.0317816 0.000489303
0.0101423 0.0318557 -0.00077074
0.0116766 0.0314377 -0.000975425
0.0136068 0.030628 0.00152448
0.0131106 0.0299926 0.00092382
0.0130891 0.0330297 0.000906694
0.0132127 0.0329272 0.00129625
0.0134151 0.0322147 0.00356739
0.0129141 0.031452 0.00331686
0.0130276 0.0315612 0.00335831
0.0125803 0.030512 0.00290009
0.0125657 0.028071 0.00188557
0.0128768 0.0277449 0.0017443
0.013068 0.0279471 0.00169551
0.0132543 0.0284459 0.00203569
0.0111817 0.0264768 0.002139
0.0104214 0.0242407 0.00276589
0.00908705 0.0252304 0.00425886
0.00887148 0.0251873 0.00407254
0.00986366 0.0250687 0.00211896
0.00998077 0.0249128 0.00206602
0.0101742 0.0256052 0.00224368
0.00949583 0.0272028 0.00323876
0.00979366 0.0271746 0.00331224
0.0108515 0.0198083 0.0022009
0.0104201 0.0203354 0.00272588
0.0103116 0.0203719 0.00258068
0.00662304 0.0184812 0.00448742
0.006601 0.0183298 0.00435837
0.00637931 0.0183145 0.00418863
0.0058977 0.0174678 0.00386866
0.00571697 0.0174555 0.00367777
0.00827653 0.0182137 0.00594179
0.00836616 0.0189382 0.00661304
0.0113124 0.0189628 0.00144926
0.0130401 0.0189961 0.00223319
0.0105981 0.0191999 0.000878927
0.0100225 0.0200803 0.001292
0.00952195 0.0206599 0.00298947
0.0109114 0.0257853 0.00239961
0.0113104 0.0257791 0.00266534
0.0107313 0.0261062 0.00231365
0.0107977 0.0264411 0.00208346
0.0107933 0.0264741 0.00224792
0.0107775 0.0264213 0.00250306
0.010614 0.0257807 0.00520311
0.0107924 0.0256699 0.00520265
0.0123983 0.0257263 0.00368552
0.0112015 0.0267087 0.00480746
0.0109328 0.0265184 0.0048646
0.0109118 0.0265012 0.00486945
0.0108623 0.0268008 0.00460245
0.0109874 0.0264584 0.0053637
0.0102244 0.0264006 0.00565912
0.0100491 0.0265655 0.00641555
0.0103276 0.0271779 0.00605973
0.00961998 0.0312111 0.00481546
0.00973766 0.0313149 0.00476576
0.00958748 0.0325187 0.00755185
0.0087951 0.0326767 0.00731681
0.00881282 0.0327793 0.00737733
0.0089266 0.0331278 0.00735915
0.0091577 0.0329821 0.00745758
0.0075624 0.0341299 0.00560917
0.0092202 0.0329404 0.00697078
0.00907047 0.0330322 0.00700495
0.00976763 0.0327474 0.00671033
0.011494 0.0323637 0.00540286
0.0119847 0.0315387 0.00706537
0.0121633 0.0314288 0.00705037
0.0101197 0.032846 0.00554891
0.010038 0.0330649 0.00501392
0.0100849 0.033077 0.00496108
0.0101979 0.0328475 0.00509408
0.0142215 0.0308041 0.009051
0.015207 0.0311325 0.00887659
0.0175884 0.0296404 0.00875816
0.0174694 0.0297097 0.00876194
0.0174259 0.0296885 0.00878042
0.0175136 0.0289848 0.00922637
0.0162833 0.0280055 0.00877721
0.0159854 0.0272093 0.00713323
0.0157376 0.0279147 0.00420923
0.0157684 0.0289015 0.00344044
0.0164468 0.0290258 0.00307833
0.0186309 0.0295162 0.00153675
0.0181422 0.0296888 0.00131786
0.0165389 0.0292886 0.00337028
0.0156986 0.0296896 0.00300494
0.0153332 0.0300063 0.00305123
0.0158208 0.0295438 0.00430469
0.0168018 0.030595 0.0034641
0.016372 0.0312725 0.00501183
0.013243 0.0330405 0.00656972
0.0132718 0.0327494 0.00667547
0.0131299 0.0334106 0.00686488
0.0121614 0.0342714 0.00583504
0.0133219 0.0343162 0.00620019
0.0156993 0.03639 0.00407693
0.0150997 0.0362206 0.00463773
0.0151768 0.0365011 0.00527839
0.0141073 0.0364463 0.00619333
0.0141308 0.0352389 0.0061566
0.0143733 0.0352121 0.00573265
0.0143825 0.0352132 0.00572866
0.0144578 0.0349041 0.00455035
0.013359 0.0366197 0.00511213
0.0127171 0.0362247 0.00530969
0.0140704 0.0357417 0.00534595
0.0143866 0.0357133 0.00620191
0.0137079 0.0358062 0.00662218
0.0140942 0.0358807 0.00639902
0.0131204 0.0375348 0.00639988
0.0123076 0.0352715 0.00648528
0.0121706 0.0354442 0.00648469
0.0120417 0.0356257 0.00658806
0.0114947 0.0337424 0.00605979
0.0118983 0.0333276 0.00645548
0.00972831 0.0351071 0.0090122
0.00888059 0.0330532 0.0112025
0.00966669 0.0341385 0.0108495
0.00789833 0.0314469 0.00977907
0.00783374 0.0315488 0.00909609
0.0043704 0.0307142 0.00765492
0.0042238 0.0304528 0.00831946
0.00400786 0.0304545 0.008367
0.00380191 0.0309601 0.00910776
0.00364573 0.0309685 0.00867416
0.00383526 0.031023 0.00873123
0.00383976 0.0310257 0.00874219
0.00409194 0.0314059 0.00908625
0.00304248 0.0316264 0.00799613
0.00181507 0.0314403 0.00894484
0.00185743 0.0314638 0.00891918
0.0018583 0.0314646 0.00891942
0.00150306 0.0309061 0.00802785
0.000810901 0.0309518 0.00851408
0.00160909 0.030688 0.00813737
0.00146688 0.0305426 0.00802057
0.00134582 0.0305677 0.00790952
0.000763656 0.0307276 0.00478447
0.000846374 0.0307695 0.00479229
0.000456578 0.0313106 0.00238072
0.000389737 0.0312505 0.00254314
-0.000727491 0.0307132 0.00356417
-0.00216324 0.0300342 0.00207517
-0.00109264 0.029772 0.00246978
-0.00369783 0.0306049 0.00380491
-0.00358668 0.0305344 0.00361996
-0.00364527 0.0300611 0.00374319
-0.00395377 0.0298386 0.00340498
-0.0047118 0.0285104 0.00126626
-0.00679259 0.0271546 0.00265428
-0.00713618 0.025713 0.000997625
-0.00830799 0.0251826 0.0011426
-0.00808634 0.0247491 0.00313349
-0.00784293 0.024725 0.0023712
-0.00801461 0.0249426 0.00241221
-0.00838369 0.0251085 0.00255182
-0.00846554 0.0266712 0.00525434
-0.00836727 0.0266156 0.00521439
-0.00858052 0.0265176 0.00529687
-0.00932237 0.0250121 0.00256263
-0.0093145 0.0249412 0.00254201
-0.0085071 0.0245013 0.00320856
-0.00852089 0.0248841 0.00423141
-0.00878798 0.025004 0.00535974
-0.00855026 0.0249124 0.00542704
-0.00877595 0.0230641 0.00399282
-0.00959766 0.023468 0.00563277
-0.00964165 0.0234683 0.00547589
-0.0111668 0.0245386 0.00528858
-0.0107048 0.0264956 0.00659806
-0.0107131 0.0265395 0.00629287
-0.0107101 0.0265544 0.0062702
-0.0140772 0.0240392 0.00994149
-0.00980494 0.0240295 0.00903388
-0.0105661 0.0248075 0.00893482
-0.00978643 0.0263079 0.00978221
-0.0103232 0.0276367 0.0091445
-0.0116454 0.0275051 0.0101301
-0.0118445 0.0276758 0.010074
-0.0146755 0.0258064 0.00728074
-0.0151157 0.0230642 0.0110497
-0.0151902 0.0230664 0.0110792
-0.0166255 0.0233164 0.00885103
-0.0168469 0.0233422 0.00851117
-0.0183169 0.0232819 0.00918665
-0.0177012 0.0228569 0.00923897
-0.0165758 0.0237444 0.00828907
-0.017196 0.0243874 0.00869777
-0.0197813 0.0219774 0.00734062
-0.0199204 0.0220576 0.00742284
-0.019926 0.0220598 0.0073701
-0.0214175 0.0224393 0.00739436
-0.021989 0.0228835 0.00557278
-0.0245966 0.0228767 0.00585504
-0.0244819 0.0233221 0.0048741
-0.0245987 0.0233484 0.00475226
-0.0244002 0.0233427 0.00426628
-0.0243904 0.0234186 0.00429303
-0.0245126 0.02321 0.00376658
-0.0245502 0.0230757 0.0038038
-0.0246567 0.0230295 0.00371093
-0.0256842 0.0228908 0.00424037
-0.0253555 0.0217288 0.00381113
-0.0251422 0.0217085 0.00400156
-0.0248521 0.021903 0.00408964
-0.0253009 0.0219184 0.0036676
-0.0256268 0.0223115 0.00319949
-0.025559 0.0223124 0.00331652
-0.0253983 0.0222439 0.00322452
-0.0271069 0.0217011 0.00344292
-0.0276293 0.0219304 0.00756257
-0.0282001 0.0232241 0.00748874
-0.0282125 0.0231927 0.00750178
-0.0260875 0.0235844 0.00841792
-0.0257869 0.0228774 0.00857664
-0.0264985 0.0226379 0.00761958
-0.0254765 0.023971 0.00857119
-0.0258779 0.022652 0.00934386
-0.0258808 0.02265 0.00934662
-0.0266856 0.02296 0.00887376
-0.0270843 0.0223402 0.00950563
-0.0270994 0.0223029 0.00950638
-0.0259615 0.0222405 0.0104509
-0.0254699 0.0221181 0.0108117
-0.025467 0.0221202 0.0108229
-0.025576 0.0220247 0.0108007
-0.0234984 0.0216606 0.00975861
-0.0229605 0.0226134 0.00992584
-0.0231204 0.0226869 0.0105376
-0.024314 0.0232704 0.0106417
-0.0239643 0.0228657 0.0112672
-0.0239675 0.0228747 0.0112596
-0.024182 0.0245354 0.0100031
-0.0250954 0.0241938 0.00940543
-0.0246521 0.0247903 0.00863344
-0.0246368 0.0248085 0.00863465
-0.0242234 0.0248661 0.0086791
-0.0229336 0.026874 0.00811381
-0.0238457 0.0265662 0.0101831
-0.0234572 0.027012 0.0102136
-0.0238041 0.0271001 0.0103364
-0.0231173 0.0269212 0.0101269
-0.0224215 0.0266912 0.00906102
-0.0204069 0.0285795 0.0092328
-0.0204576 0.0285793 0.00922056
-0.0197504 0.0280986 0.00871168
-0.0196547 0.0280143 0.00862654
-0.0200025 0.0278038 0.00789661
-0.0201718 0.0270953 0.00791319
-0.0171326 0.0233339 0.00666965
-0.0178041 0.0234856 0.00769476
-0.017803 0.0234884 0.00770126
-0.0178058 0.0234699 0.00758588
-0.017124 0.0237486 0.0084839
-0.017119 0.0237562 0.00848179
-0.0168616 0.023984 0.00846882
-0.017577 0.0237673 0.00861517
-0.0177345 0.0238471 0.00771913
-0.017687 0.0238207 0.00769496
-0.0183154 0.0239837 0.00761466
-0.0184697 0.0240088 0.00808025
-0.0183113 0.0237063 0.00831458
-0.0182269 0.023529 0.00793763
-0.0182321 0.0234939 0.00818189
-0.0176316 0.0239401 0.00886215
-0.0175812 0.0239738 0.00889201
-0.0170649 0.02318 0.00807886
-0.0178117 0.0240022 0.00871643
-0.0164589 0.0215324 0.0111872
-0.016348 0.0209659 0.011032
-0.0165553 0.0212287 0.0114655
-0.016456 0.0212392 0.0112958
-0.0164987 0.0210021 0.0111554
-0.016736 0.0211325 0.011167
-0.0167305 0.0211811 0.0111591
-0.0176048 0.0198491 0.0105671
-0.0202153 0.0178991 0.0104634
-0.0193785 0.0176306 0.00941438
-0.0195694 0.0183818 0.00904942
-0.0208299 0.0206119 0.0090813
-0.0196503 0.020106 0.00782263
-0.0210501 0.0194986 0.00617492
-0.0211525 0.0195619 0.00615326
-0.0210902 0.0197627 0.00727845
-0.0210495 0.0197621 0.00730321
-0.0207356 0.0196743 0.0068748
-0.0199705 0.0217813 0.00687471
-0.020178 0.0257651 0.00727077
-0.0204497 0.0256308 0.00710474
-0.0196348 0.0259424 0.00854815
-0.0194053 0.0263794 0.0113465
-0.0194449 0.0264112 0.011339
-0.0196148 0.0263651 0.0106447
-0.0201256 0.0265526 0.011082
-0.0200307 0.0263644 0.0112535
-0.019965 0.0260694 0.0115656
-0.0215749 0.0269604 0.012207
-0.0220386 0.0267417 0.0121091
-0.0227101 0.0262276 0.0128649
-0.0231701 0.0268537 0.0133767
-0.0239184 0.0263689 0.0135626
-0.025241 0.0234531 0.0112818
-0.0279983 0.0201279 0.0128197
-0.02739 0.0215553 0.0117909
-0.0274551 0.0204707 0.0115676
-0.028163 0.0203105 0.0117384
-0.028145 0.0204419 0.0116362
-0.0289242 0.020863 0.0118646
-0.02878 0.020925 0.0113379
-0.0289471 0.0209813 0.0114016
-0.0282229 0.0204833 0.0100239
-0.0307011 0.0232062 0.00924295
-0.0315233 0.0237752 0.0098403
-0.0334996 0.0247905 0.010157
-0.0336717 0.0246025 0.0103809
-0.031545 0.024924 0.00941228
-0.0315783 0.0249116 0.00935032
-0.0327382 0.0255052 0.00974594
-0.0316613 0.0245745 0.00997854
-0.0320356 0.0245386 0.00957046
-0.0324423 0.0249783 0.00918255
-0.0335697 0.023915 0.0107966
-0.0341459 0.0229818 0.010702
-0.0340666 0.023 0.0104878
-0.0340639 0.0230064 0.0104864
-0.0336853 0.0228483 0.0103819
-0.0333127 0.0230335 0.0107286
-0.0332984 0.0230348 0.0107255
-0.0338197 0.0239625 0.0107441
-0.0339906 0.0237867 0.0122542
-0.0340595 0.0273036 0.0131604
-0.0339772 0.0270528 0.0111854
-0.0336381 0.0269463 0.0110674
-0.0338628 0.0272714 0.0109016
-0.0334125 0.028095 0.00980649
-0.0333729 0.0281613 0.00974328
-0.0322509 0.0268681 0.00760808
-0.0324948 0.0268732 0.00727125
-0.0341314 0.0270349 0.00829147
-0.0331216 0.0262138 0.00691178
-0.0329109 0.0265755 0.00741113
-0.0328261 0.0269294 0.00685974
-0.0337698 0.0276294 0.00557571
-0.0337157 0.027685 0.00562946
-0.033603 0.0274587 0.00568895
-0.0331905 0.0278429 0.00563244
-0.0324276 0.0280312 0.00577029
-0.032041 0.0284844 0.00491519
-0.0317713 0.0280675 0.00502229
-0.0310794 0.0282288 0.00535883
-0.0310386 0.0287687 0.00541108
-0.0307733 0.0281528 0.00517739
-0.0311542 0.0284798 0.00608051
-0.0314694 0.0281946 0.006416
-0.0325362 0.0279174 0.0110138
-0.0327881 0.0282958 0.0115048
-0.0327723 0.0282921 0.011519
-0.0328953 0.0283131 0.0115705
-0.0320899 0.0276271 0.0126039
-0.0325894 0.0275027 0.013017
-0.0284999 0.0289376 0.013674
-0.0286486 0.0285919 0.0139033
-0.0286165 0.0289164 0.0138177
-0.0286513 0.0288671 0.0138537
-0.0286609 0.0289097 0.0138235
-0.0292922 0.030713 0.015952
-0.0286575 0.0300531 0.017253
-0.028257 0.0295288 0.0171677
-0.0282667 0.029143 0.017205
-0.0282451 0.0291475 0.0170927
-0.0286681 0.0288175 0.0182794
-0.029069 0.0283899 0.0179761
-0.0293685 0.0290332 0.0162051
-0.0285254 0.02944 0.0159812
-0.027486 0.0295314 0.0145756
-0.0265155 0.0293473 0.0152971
-0.0260423 0.0295328 0.0161037
-0.0271996 0.0319768 0.011514
-0.0265406 0.0314353 0.0111916
-0.027191 0.0308883 0.0107993
-0.0279523 0.0307963 0.0111047
-0.0274751 0.030157 0.00954533
-0.0290101 0.0309421 0.010466
-0.0291792 0.0307744 0.0105487
-0.0288266 0.0309347 0.0106705
-0.0288546 0.0310291 0.0107084
-0.0288601 0.0310213 0.0107108
-0.0287889 0.0310722 0.0106726
-0.0283294 0.0314521 0.0105629
-0.029331 0.0309584 0.0113925
-0.0288368 0.0310415 0.0111457
-0.0294895 0.0309401 0.0110482
-0.0294892 0.0309197 0.0108335
-0.0275751 0.0302198 0.0103203
-0.0275642 0.0295026 0.0100255
-0.0276115 0.0295141 0.00982435
-0.0288473 0.030721 0.00932918
-0.0289069 0.0307856 0.00928198
-0.0290538 0.0313416 0.00872896
-0.0287467 0.0310889 0.00879389
-0.0284375 0.032026 0.00890119
-0.0275108 0.0301528 0.00309375
-0.0322573 0.0339748 6.09879e-05
-0.0321771 0.0344927 -0.000124674
-0.0332431 0.0353189 9.55708e-05
-0.0324543 0.0348493 -0.000988286
-0.0324526 0.0347842 -0.000952337
-0.0320099 0.0347095 -0.00107026
-0.0316806 0.0344461 -0.0017135
-0.0317264 0.0344783 -0.0017574
-0.0315769 0.0346082 -0.00065292
-0.03245 0.0343466 -0.00145779
-0.0347992 0.0335541 0.000191422
-0.0351212 0.0334383 0.000226755
-0.0344688 0.0348307 -0.00122871
-0.0375295 0.0349152 -0.00307566
