### Program Gauss-Seidel + Successive Over-Relaxation untuk menyelesaikan SPL Ax=b ###
Matriks A : 
4	-1	0	-1	0	0	
-1	4	-1	0	-1	0	
0	-1	4	0	0	-1	
-1	0	0	4	-1	0	
0	-1	0	-1	4	-1	
0	0	-1	0	-1	4	
Vektor b : 
0	5	0	6	-2	6	
Tebakan awal x(k=0): 
0 0 0 0 0 0 
epsilon   : 1e-05
omega SOR : 1.1
Nilai barisan solusi x(k) dan epsilon : 
 0.0000  1.3750  0.3781  1.6500  0.2819  1.8315 	1
 0.8319  1.6478  0.9190  1.7913  0.8712  1.9592 	0.424609
 0.8626  1.9397  0.9803  1.9477  0.9707  1.9906 	0.146671
 0.9828  1.9878  0.9960  1.9924  0.9949  1.9985 	0.0601595
 0.9963  1.9977  0.9993  1.9983  0.9990  1.9997 	0.00675739
 0.9993  1.9996  0.9999  1.9997  0.9998  1.9999 	0.00149757
 0.9999  1.9999  1.0000  1.9999  1.0000  2.0000 	0.000293119
 1.0000  2.0000  1.0000  2.0000  1.0000  2.0000 	5.2646e-05
 1.0000  2.0000  1.0000  2.0000  1.0000  2.0000 	9.94652e-06
Jumlah iterasi : 9
