        21.216   8.000   0.100
        26.820  11.000   0.100
        32.424  31.000   0.100
        38.027  35.000   0.100
        43.631  57.000   0.100
        49.235  48.000   0.100
        54.839  54.000   0.100
        60.442  35.000   0.100
        66.046  60.000   0.100
        71.650  38.000   0.100
        77.254  41.000   0.100
        82.857  44.000   0.100
        88.461  43.000   0.100
        94.065  39.000   0.100
        99.669  31.000   0.100
       105.272  34.000   0.100
       110.876  41.000   0.100
       116.480  22.000   0.100
       122.084  27.000   0.100
       127.687  38.000   0.100
       133.291  16.000   0.100
       138.895  15.000   0.100
       144.499  19.000   0.100
       150.102  20.000   0.100
       155.706  15.000   0.100
       161.310  19.000   0.100
       166.913  11.000   0.100
       172.517   5.000   0.100
       178.121  13.000   0.100
       183.725   9.000   0.100
       189.328  12.000   0.100
       194.932   9.000   0.100
       200.536   4.000   0.100
       206.140   4.000   0.100
       211.743   7.000   0.100
       217.347   5.000   0.100
       222.951   4.000   0.100
       228.555   4.000   0.100
       234.158   6.000   0.100
       239.762   6.000   0.100
       245.366   2.000   0.100
       250.970   5.000   0.100
       256.573   9.000   0.100
       262.177   3.000   0.100
       267.781   2.000   0.100
       273.385   2.000   0.100
       278.988   3.000   0.100
       284.592   2.000   0.100
       290.196   2.000   0.100
       295.800   0.000   0.100
       301.403   3.000   0.100
       307.007   0.000   0.100
       312.611   0.000   0.100
       318.215   3.000   0.100
       323.818   1.000   0.100
       329.422   3.000   0.100
       335.026   2.000   0.100
       340.630   1.000   0.100
       346.233   3.000   0.100
       351.837   2.000   0.100
       357.441   1.000   0.100
       363.044   3.000   0.100
       368.648   0.000   0.100
       374.252   0.000   0.100
       379.856   0.000   0.100
       385.459   0.000   0.100
       391.063   0.000   0.100
       396.667   0.000   0.100
       402.271   1.000   0.100
       407.874   1.000   0.100
       413.478   0.000   0.100
       419.082   0.000   0.100
       424.686   0.000   0.100
       430.289   0.000   0.100
       435.893   1.000   0.100
       441.497   0.000   0.100
       447.101   0.000   0.100
       452.704   0.000   0.100
       458.308   0.000   0.100
       463.912   0.000   0.100
       469.516   0.000   0.100
       475.119   0.000   0.100
       480.723   0.000   0.100
       486.327   0.000   0.100
       491.931   0.000   0.100
       497.534   0.000   0.100
       503.138   0.000   0.100
       508.742   0.000   0.100
       514.346   0.000   0.100
       519.949   1.000   0.100
       525.553   0.000   0.100
       531.157   0.000   0.100
       536.760   0.000   0.100
       542.364   0.000   0.100
       547.968   0.000   0.100
       553.572   0.000   0.100
       559.175   0.000   0.100
       564.779   1.000   0.100
       570.383   0.000   0.100
       575.987   0.000   0.100
