        42.196   7.000   0.100
        52.526  19.000   0.100
        62.856  24.000   0.100
        73.186  42.000   0.100
        83.516  39.000   0.100
        93.846  53.000   0.100
       104.176  39.000   0.100
       114.506  38.000   0.100
       124.836  60.000   0.100
       135.166  51.000   0.100
       145.496  31.000   0.100
       155.826  39.000   0.100
       166.156  48.000   0.100
       176.486  27.000   0.100
       186.816  36.000   0.100
       197.146  38.000   0.100
       207.476  28.000   0.100
       217.806  27.000   0.100
       228.136  23.000   0.100
       238.466  15.000   0.100
       248.796  23.000   0.100
       259.126  21.000   0.100
       269.456  24.000   0.100
       279.786  14.000   0.100
       290.116  11.000   0.100
       300.446  16.000   0.100
       310.776   7.000   0.100
       321.106  13.000   0.100
       331.436  10.000   0.100
       341.766   9.000   0.100
       352.096  15.000   0.100
       362.426  14.000   0.100
       372.756   7.000   0.100
       383.086  11.000   0.100
       393.416   8.000   0.100
       403.746   6.000   0.100
       414.076   6.000   0.100
       424.406   7.000   0.100
       434.736   9.000   0.100
       445.066   9.000   0.100
       455.396   6.000   0.100
       465.726   4.000   0.100
       476.056   7.000   0.100
       486.386   8.000   0.100
       496.716   3.000   0.100
       507.046   5.000   0.100
       517.375   3.000   0.100
       527.705   4.000   0.100
       538.035   4.000   0.100
       548.365   1.000   0.100
       558.695   1.000   0.100
       569.025   2.000   0.100
       579.355   2.000   0.100
       589.685   1.000   0.100
       600.015   3.000   0.100
       610.345   2.000   0.100
       620.675   3.000   0.100
       631.005   3.000   0.100
       641.335   1.000   0.100
       651.665   0.000   0.100
       661.995   1.000   0.100
       672.325   1.000   0.100
       682.655   1.000   0.100
       692.985   0.000   0.100
       703.315   0.000   0.100
       713.645   1.000   0.100
       723.975   0.000   0.100
       734.305   1.000   0.100
       744.635   0.000   0.100
       754.965   0.000   0.100
       765.295   0.000   0.100
       775.625   1.000   0.100
       785.955   1.000   0.100
       796.285   0.000   0.100
       806.615   0.000   0.100
       816.945   0.000   0.100
       827.275   0.000   0.100
       837.605   1.000   0.100
       847.935   0.000   0.100
       858.265   0.000   0.100
       868.595   0.000   0.100
       878.925   0.000   0.100
       889.255   1.000   0.100
       899.585   0.000   0.100
       909.915   1.000   0.100
       920.245   0.000   0.100
       930.575   1.000   0.100
       940.905   0.000   0.100
       951.235   0.000   0.100
       961.565   0.000   0.100
       971.895   0.000   0.100
       982.225   0.000   0.100
       992.555   0.000   0.100
      1002.885   0.000   0.100
      1013.215   0.000   0.100
      1023.545   0.000   0.100
      1033.875   1.000   0.100
      1044.205   0.000   0.100
      1054.535   1.000   0.100
      1064.865   0.000   0.100
