        61.817   2.000   0.100
        83.313   8.000   0.100
       104.808  11.000   0.100
       126.304  19.000   0.100
       147.799  24.000   0.100
       169.295  51.000   0.100
       190.790  52.000   0.100
       212.286  47.000   0.100
       233.781  41.000   0.100
       255.277  61.000   0.100
       276.772  56.000   0.100
       298.268  34.000   0.100
       319.763  48.000   0.100
       341.259  44.000   0.100
       362.754  29.000   0.100
       384.250  36.000   0.100
       405.745  34.000   0.100
       427.241  16.000   0.100
       448.736  42.000   0.100
       470.232  32.000   0.100
       491.727  31.000   0.100
       513.223  25.000   0.100
       534.718  24.000   0.100
       556.214  25.000   0.100
       577.709  19.000   0.100
       599.205  14.000   0.100
       620.700  12.000   0.100
       642.196   9.000   0.100
       663.691  11.000   0.100
       685.187   3.000   0.100
       706.682  15.000   0.100
       728.178  15.000   0.100
       749.673   6.000   0.100
       771.169   7.000   0.100
       792.664  10.000   0.100
       814.160   6.000   0.100
       835.655   5.000   0.100
       857.151   6.000   0.100
       878.646   9.000   0.100
       900.142   5.000   0.100
       921.637   8.000   0.100
       943.133   3.000   0.100
       964.628   9.000   0.100
       986.124   1.000   0.100
      1007.620   6.000   0.100
      1029.115   0.000   0.100
      1050.611   5.000   0.100
      1072.106   2.000   0.100
      1093.602   0.000   0.100
      1115.097   0.000   0.100
      1136.593   3.000   0.100
      1158.088   0.000   0.100
      1179.584   0.000   0.100
      1201.079   0.000   0.100
      1222.575   2.000   0.100
      1244.070   2.000   0.100
      1265.566   2.000   0.100
      1287.061   0.000   0.100
      1308.557   0.000   0.100
      1330.052   5.000   0.100
      1351.548   0.000   0.100
      1373.043   4.000   0.100
      1394.539   0.000   0.100
      1416.034   0.000   0.100
      1437.530   0.000   0.100
      1459.025   0.000   0.100
      1480.521   0.000   0.100
      1502.016   0.000   0.100
      1523.512   0.000   0.100
      1545.007   0.000   0.100
      1566.503   0.000   0.100
      1587.998   0.000   0.100
      1609.494   0.000   0.100
      1630.989   0.000   0.100
      1652.485   0.000   0.100
      1673.980   0.000   0.100
      1695.476   2.000   0.100
      1716.971   0.000   0.100
      1738.467   0.000   0.100
      1759.962   0.000   0.100
      1781.458   0.000   0.100
      1802.953   0.000   0.100
      1824.449   0.000   0.100
      1845.944   0.000   0.100
      1867.440   0.000   0.100
      1888.935   0.000   0.100
      1910.431   0.000   0.100
      1931.927   0.000   0.100
      1953.422   0.000   0.100
      1974.917   0.000   0.100
      1996.413   0.000   0.100
      2017.908   0.000   0.100
      2039.404   0.000   0.100
      2060.899   0.000   0.100
      2082.395   0.000   0.100
      2103.890   0.000   0.100
      2125.386   0.000   0.100
      2146.881   0.000   0.100
      2168.377   0.000   0.100
      2189.873   2.000   0.100
