       213.609   4.000   0.100
       257.940  15.000   0.100
       302.270  29.000   0.100
       346.600  30.000   0.100
       390.931  27.000   0.100
       435.261  43.000   0.100
       479.591  40.000   0.100
       523.922  39.000   0.100
       568.252  41.000   0.100
       612.582  41.000   0.100
       656.913  37.000   0.100
       701.243  28.000   0.100
       745.573  37.000   0.100
       789.904  36.000   0.100
       834.234  25.000   0.100
       878.565  17.000   0.100
       922.895  40.000   0.100
       967.225  41.000   0.100
      1011.556  27.000   0.100
      1055.886  29.000   0.100
      1100.216  21.000   0.100
      1144.547  26.000   0.100
      1188.877  20.000   0.100
      1233.207  11.000   0.100
      1277.538  26.000   0.100
      1321.868  10.000   0.100
      1366.198  15.000   0.100
      1410.529  15.000   0.100
      1454.859  13.000   0.100
      1499.190  10.000   0.100
      1543.520  10.000   0.100
      1587.850  15.000   0.100
      1632.181  16.000   0.100
      1676.511   6.000   0.100
      1720.841  13.000   0.100
      1765.172   6.000   0.100
      1809.502   9.000   0.100
      1853.833   6.000   0.100
      1898.163   6.000   0.100
      1942.493  10.000   0.100
      1986.823   6.000   0.100
      2031.154   7.000   0.100
      2075.484   6.000   0.100
      2119.815   3.000   0.100
      2164.145   9.000   0.100
      2208.476   7.000   0.100
      2252.806   4.000   0.100
      2297.136   6.000   0.100
      2341.467   8.000   0.100
      2385.797   2.000   0.100
      2430.127   0.000   0.100
      2474.458   1.000   0.100
      2518.788   4.000   0.100
      2563.118   2.000   0.100
      2607.449   1.000   0.100
      2651.779   5.000   0.100
      2696.110   1.000   0.100
      2740.440   0.000   0.100
      2784.770   1.000   0.100
      2829.101   2.000   0.100
      2873.431   1.000   0.100
      2917.761   7.000   0.100
      2962.092   1.000   0.100
      3006.422   1.000   0.100
      3050.752   4.000   0.100
      3095.083   0.000   0.100
      3139.413   0.000   0.100
      3183.743   2.000   0.100
      3228.074   1.000   0.100
      3272.404   4.000   0.100
      3316.735   1.000   0.100
      3361.065   1.000   0.100
      3405.395   3.000   0.100
      3449.726   0.000   0.100
      3494.056   0.000   0.100
      3538.386   0.000   0.100
      3582.717   1.000   0.100
      3627.047   1.000   0.100
      3671.377   0.000   0.100
      3715.708   0.000   0.100
      3760.038   0.000   0.100
      3804.369   0.000   0.100
      3848.699   1.000   0.100
      3893.029   0.000   0.100
      3937.360   0.000   0.100
      3981.690   3.000   0.100
      4026.020   0.000   0.100
      4070.351   0.000   0.100
      4114.681   0.000   0.100
      4159.011   1.000   0.100
      4203.341   0.000   0.100
      4247.672   0.000   0.100
      4292.002   0.000   0.100
      4336.333   0.000   0.100
      4380.663   0.000   0.100
      4424.993   1.000   0.100
      4469.324   0.000   0.100
      4513.654   0.000   0.100
      4557.984   0.000   0.100
      4602.314   1.000   0.100
