       386.742   5.000   0.100
       485.799   9.000   0.100
       584.856  12.000   0.100
       683.913  33.000   0.100
       782.970  22.000   0.100
       882.027  37.000   0.100
       981.084  46.000   0.100
      1080.141  52.000   0.100
      1179.197  36.000   0.100
      1278.254  56.000   0.100
      1377.311  39.000   0.100
      1476.368  40.000   0.100
      1575.425  33.000   0.100
      1674.482  31.000   0.100
      1773.538  33.000   0.100
      1872.595  42.000   0.100
      1971.652  51.000   0.100
      2070.709  28.000   0.100
      2169.766  23.000   0.100
      2268.823  25.000   0.100
      2367.879  23.000   0.100
      2466.937  33.000   0.100
      2565.993  12.000   0.100
      2665.050  20.000   0.100
      2764.107  11.000   0.100
      2863.164  21.000   0.100
      2962.221  20.000   0.100
      3061.277  16.000   0.100
      3160.334  12.000   0.100
      3259.391  17.000   0.100
      3358.448  10.000   0.100
      3457.505  11.000   0.100
      3556.562  11.000   0.100
      3655.619  17.000   0.100
      3754.676  10.000   0.100
      3853.732   6.000   0.100
      3952.790   5.000   0.100
      4051.846   9.000   0.100
      4150.903   7.000   0.100
      4249.960   3.000   0.100
      4349.017   5.000   0.100
      4448.074   4.000   0.100
      4547.130   6.000   0.100
      4646.187   5.000   0.100
      4745.244   1.000   0.100
      4844.301   3.000   0.100
      4943.358   2.000   0.100
      5042.415   5.000   0.100
      5141.472   1.000   0.100
      5240.528   0.000   0.100
      5339.585   4.000   0.100
      5438.642   2.000   0.100
      5537.699   0.000   0.100
      5636.756   6.000   0.100
      5735.813   3.000   0.100
      5834.870   0.000   0.100
      5933.926   1.000   0.100
      6032.983   4.000   0.100
      6132.040   0.000   0.100
      6231.097   4.000   0.100
      6330.154   2.000   0.100
      6429.211   1.000   0.100
      6528.268   0.000   0.100
      6627.325   0.000   0.100
      6726.381   1.000   0.100
      6825.438   0.000   0.100
      6924.495   5.000   0.100
      7023.552   0.000   0.100
      7122.609   1.000   0.100
      7221.666   1.000   0.100
      7320.723   0.000   0.100
      7419.779   0.000   0.100
      7518.836   0.000   0.100
      7617.893   0.000   0.100
      7716.950   2.000   0.100
      7816.007   0.000   0.100
      7915.063   0.000   0.100
      8014.121   0.000   0.100
      8113.177   0.000   0.100
      8212.234   0.000   0.100
      8311.291   0.000   0.100
      8410.349   0.000   0.100
      8509.405   1.000   0.100
      8608.462   0.000   0.100
      8707.519   0.000   0.100
      8806.575   0.000   0.100
      8905.632   0.000   0.100
      9004.689   0.000   0.100
      9103.746   0.000   0.100
      9202.803   0.000   0.100
      9301.859   0.000   0.100
      9400.917   0.000   0.100
      9499.974   0.000   0.100
      9599.030   1.000   0.100
      9698.087   0.000   0.100
      9797.145   0.000   0.100
      9896.201   0.000   0.100
      9995.258   0.000   0.100
     10094.314   2.000   0.100
     10193.371   0.000   0.100
