       724.020   5.000   0.100
       931.391  14.000   0.100
      1138.762  28.000   0.100
      1346.132  29.000   0.100
      1553.503  30.000   0.100
      1760.874  50.000   0.100
      1968.244  46.000   0.100
      2175.615  46.000   0.100
      2382.986  45.000   0.100
      2590.356  51.000   0.100
      2797.727  46.000   0.100
      3005.097  41.000   0.100
      3212.468  38.000   0.100
      3419.839  38.000   0.100
      3627.209  31.000   0.100
      3834.580  28.000   0.100
      4041.951  39.000   0.100
      4249.322  30.000   0.100
      4456.692  38.000   0.100
      4664.063  20.000   0.100
      4871.434  17.000   0.100
      5078.804  19.000   0.100
      5286.175  19.000   0.100
      5493.545  14.000   0.100
      5700.916   8.000   0.100
      5908.287   9.000   0.100
      6115.657  13.000   0.100
      6323.028  15.000   0.100
      6530.399  12.000   0.100
      6737.770  11.000   0.100
      6945.140  12.000   0.100
      7152.511   5.000   0.100
      7359.881   8.000   0.100
      7567.252   8.000   0.100
      7774.623   9.000   0.100
      7981.993   9.000   0.100
      8189.364   9.000   0.100
      8396.734   7.000   0.100
      8604.105   7.000   0.100
      8811.477  11.000   0.100
      9018.847   7.000   0.100
      9226.217   4.000   0.100
      9433.588  10.000   0.100
      9640.959   8.000   0.100
      9848.329   8.000   0.100
     10055.700   2.000   0.100
     10263.070   8.000   0.100
     10470.441   1.000   0.100
     10677.812   4.000   0.100
     10885.183   2.000   0.100
     11092.553   5.000   0.100
     11299.924   0.000   0.100
     11507.294   2.000   0.100
     11714.665   2.000   0.100
     11922.036   4.000   0.100
     12129.406   2.000   0.100
     12336.777   2.000   0.100
     12544.147   2.000   0.100
     12751.519   2.000   0.100
     12958.889   2.000   0.100
     13166.260   1.000   0.100
     13373.630   0.000   0.100
     13581.001   0.000   0.100
     13788.371   0.000   0.100
     13995.742   2.000   0.100
     14203.113   0.000   0.100
     14410.483   0.000   0.100
     14617.854   0.000   0.100
     14825.225   2.000   0.100
     15032.596   0.000   0.100
     15239.966   0.000   0.100
     15447.337   0.000   0.100
     15654.707   0.000   0.100
     15862.078   0.000   0.100
     16069.448   1.000   0.100
     16276.819   0.000   0.100
     16484.189   0.000   0.100
     16691.561   0.000   0.100
     16898.932   1.000   0.100
     17106.303   0.000   0.100
     17313.674   0.000   0.100
     17521.045   0.000   0.100
     17728.414   0.000   0.100
     17935.785   0.000   0.100
     18143.156   0.000   0.100
     18350.527   0.000   0.100
     18557.898   0.000   0.100
     18765.268   0.000   0.100
     18972.639   0.000   0.100
     19180.010   0.000   0.100
     19387.381   0.000   0.100
     19594.750   0.000   0.100
     19802.121   0.000   0.100
     20009.492   0.000   0.100
     20216.863   0.000   0.100
     20424.232   0.000   0.100
     20631.604   0.000   0.100
     20838.975   0.000   0.100
     21046.346   0.000   0.100
     21253.717   1.000   0.100
