      1961.201   6.000   0.100
      2421.882  12.000   0.100
      2882.563  29.000   0.100
      3343.245  33.000   0.100
      3803.926  25.000   0.100
      4264.608  40.000   0.100
      4725.289  55.000   0.100
      5185.971  53.000   0.100
      5646.652  57.000   0.100
      6107.333  28.000   0.100
      6568.015  32.000   0.100
      7028.696  41.000   0.100
      7489.377  33.000   0.100
      7950.059  40.000   0.100
      8410.740  38.000   0.100
      8871.422  39.000   0.100
      9332.104  27.000   0.100
      9792.785  22.000   0.100
     10253.467  20.000   0.100
     10714.147  27.000   0.100
     11174.829  28.000   0.100
     11635.511  15.000   0.100
     12096.191  21.000   0.100
     12556.873  18.000   0.100
     13017.555  23.000   0.100
     13478.236  20.000   0.100
     13938.918  17.000   0.100
     14399.599   5.000   0.100
     14860.280  11.000   0.100
     15320.962  12.000   0.100
     15781.643  14.000   0.100
     16242.324  11.000   0.100
     16703.004  13.000   0.100
     17163.686  13.000   0.100
     17624.367  11.000   0.100
     18085.049   6.000   0.100
     18545.730  11.000   0.100
     19006.410   8.000   0.100
     19467.092   3.000   0.100
     19927.773   5.000   0.100
     20388.455   3.000   0.100
     20849.137   4.000   0.100
     21309.818   6.000   0.100
     21770.500   3.000   0.100
     22231.180   7.000   0.100
     22691.861   4.000   0.100
     23152.543   0.000   0.100
     23613.225   4.000   0.100
     24073.906   3.000   0.100
     24534.588   3.000   0.100
     24995.270   4.000   0.100
     25455.951   1.000   0.100
     25916.633   3.000   0.100
     26377.313   1.000   0.100
     26837.994   1.000   0.100
     27298.676   3.000   0.100
     27759.357   3.000   0.100
     28220.039   2.000   0.100
     28680.721   0.000   0.100
     29141.402   1.000   0.100
     29602.082   2.000   0.100
     30062.764   1.000   0.100
     30523.445   3.000   0.100
     30984.127   1.000   0.100
     31444.809   1.000   0.100
     31905.490   1.000   0.100
     32366.172   1.000   0.100
     32826.855   2.000   0.100
     33287.535   2.000   0.100
     33748.215   0.000   0.100
     34208.898   2.000   0.100
     34669.578   0.000   0.100
     35130.262   0.000   0.100
     35590.941   1.000   0.100
     36051.621   0.000   0.100
     36512.305   0.000   0.100
     36972.984   1.000   0.100
     37433.668   1.000   0.100
     37894.348   0.000   0.100
     38355.031   0.000   0.100
     38815.711   0.000   0.100
     39276.391   1.000   0.100
     39737.074   0.000   0.100
     40197.754   0.000   0.100
     40658.438   0.000   0.100
     41119.117   0.000   0.100
     41579.801   1.000   0.100
     42040.480   0.000   0.100
     42501.160   0.000   0.100
     42961.844   0.000   0.100
     43422.523   0.000   0.100
     43883.207   0.000   0.100
     44343.887   0.000   0.100
     44804.570   0.000   0.100
     45265.250   0.000   0.100
     45725.934   0.000   0.100
     46186.613   0.000   0.100
     46647.293   0.000   0.100
     47107.977   0.000   0.100
     47568.656   1.000   0.100
