585.571
868.921
229.301
1077.89
432.961
440.42
610.811
985.636
265.498
1165.66
753.591
532.395
287.208
298.491
302.091
294.136
212.373
145.475
781.827
481.106
225.092
241.732
208.709
653.916
466.35
53.2142
399.533
465.446
497.763
191.839
196.246
190.123
287.514
611.025
423.484
670.84
205.305
441.502
208.512
182.912
104.583
403.526
208.245
462.239
268.479
426.05
658.992
559.491
353.533
186.885
433.653
476.463
706.974
379.095
194.253
399.734
442.142
168.286
759.079
261.098
823.33
278.6
648.567
1226.29
386.985
1285.41
264.17
226.934
343.814
468.394
289.654
246.51
286.894
526.268
268.472
485.088
209.899
828.569
305.523
383.074
625.874
447.672
1454.71
523.298
387.191
247.143
432.731
586.453
131.797
1013.12
929.312
264.364
1221.08
587.363
768.544
312.27
329.895
263.384
920.311
696.731
392.835
194.153
624.698
171.676
85.1519
112.828
111.212
435.879
310.007
289.405
156.595
517.157
196.976
223.387
318.027
324.938
224.088
380.431
85.6039
351.214
439.88
456.898
119.612
507.333
297.995
634.465
549.761
488.748
716.556
389.18
443.003
474.354
161.114
798.942
267.82
329.151
142.871
446.537
468.198
440.469
325.974
623.34
260.267
229.82
338.674
499.314
242.78
403.183
453.544
310.556
245.673
212.741
493.663
324.848
198.307
388.911
535.941
1066.19
312.416
1033.4
3004.56
419.838
183.479
229.538
1017.62
200.492
915.362
498.637
252.04
507.178
427.313
626.135
349.742
262.736
383.05
518.718
319.927
612.261
217.473
299.279
859.947
429.069
425.007
224.1
336.33
405.7
533.53
175.454
947.501
394.422
298.716
221.694
170.094
332.004
351.503
725.749
634.608
170.25
441.839
413.425
162.062
357.14
749.09
611.076
249.734
203.179
443.678
621.275
303.425
587.967
651.293
688.431
269.002
408.966
147.512
129.489
246.59
124.376
151.341
216.898
129.942
107.652
734.9
532.05
139.41
231.7
477.787
464.04
346.377
396.057
283.013
237.678
402.2
342.759
229.468
140.759
502.352
103.64
261.127
369.845
672.282
583.532
140.552
118.373
181.732
369.585
221.014
355.737
795.261
730.444
running time = 34.91 seconds.
429.135
369.5
623.008
370.944
268.115
880.631
296.937
321.171
497.666
794.912
440.989
768.819
261.936
506.109
409.311
438.566
483.994
567.83
767.15
1262.27
857.592
991.203
359.233
344.507
354.697
319.67
183.145
222.175
375.245
455.088
150.826
360.451
472.238
179.9
613.787
280.001
714.727
291.39
154.756
203.576
765.316
269.407
302.621
231.215
158.824
354.377
305.719
488.885
171.219
138.221
563.358
154.367
185.139
1076.89
415.435
591.048
209.839
295.467
559.653
374.941
273.308
408.93
199.595
380.983
356.527
483.386
1127.44
235.665
333.104
217.868
155.602
350.735
322.062
1140.36
444.093
594.409
184.379
170.64
451.36
380.392
673.657
626.987
824.05
165.561
203.284
561.285
400.589
552.975
341.312
515.493
473.574
298.526
433.413
331.482
846.087
283.529
306.598
410.396
181.576
185.386
426.347
248.89
311.266
288.484
299.376
1062.16
372.978
876.08
458.989
248.513
309.792
714.505
191.362
284.725
1176.6
931.566
989.095
60.4358
219.812
532.543
160.03
314.803
423.15
1334.63
194.048
441.36
303.488
345.917
466.595
124.522
731.666
411.95
217.816
434.464
258.617
149.584
217.759
154.445
405.686
238.764
155.022
661.523
249.908
508.482
168.448
148.418
202.25
879.749
174.145
402.982
299.333
415.079
390.399
342.376
284.315
141.113
270.702
168.346
191.36
329.221
489.333
150.523
931.37
668.798
832.819
248.123
914.902
347.094
142.531
939.855
553.61
212.55
225.36
681.005
755.222
1295.45
533.268
255.591
296.464
256.161
331.918
261.883
173.014
237.772
107.787
361.484
670.712
580.882
1527.01
118.621
595.784
242.007
660.997
547.876
785.994
463.498
90.5997
1437.93
1123.16
121.502
222.065
174.391
221.836
817.22
626.27
220.035
427.143
322.426
242.592
228.422
345.827
201.469
264.327
181.579
727.522
165.045
382.096
454.075
336.54
462.271
265.509
305.421
554.133
742.514
306.497
152.092
220.417
190.385
963.72
237.686
156.836
627.642
224.808
177.939
238.532
617.03
238.705
545.702
322.876
140.715
1135.12
181.581
632.35
264.43
98.3331
312.599
834.225
567.786
244.534
254.33
running time = 34.56 seconds.
556.57
200.886
287.758
441.145
623.59
310.31
571.488
370.326
536.999
379.3
396.941
480.063
1280.59
494.536
191.552
310.872
254.059
202.319
154.094
143.709
225.943
365.929
163.815
212.963
189.413
496.012
671.205
206.199
404.148
185.853
315.165
603.754
222.424
423.913
1474.67
341.545
585.594
644.866
662.649
405.929
342.47
91.3184
398.244
200.229
558.508
185.342
134.068
632.016
530.213
287.552
554.554
372.408
410.907
550.478
590.254
173.1
604.036
687.099
453.436
348.048
120.05
323.568
437.702
943.285
203.919
254.212
151.936
1073.38
312.268
575.639
323.068
235.201
271.135
333.449
344.673
491.153
223.039
326.863
151.622
212.833
433.921
356.928
270.137
309.104
606.686
120.45
425.749
305.425
607.832
169.967
282.397
140.323
120.049
444.924
187.437
286.528
640.024
431.047
248.586
401.769
305.606
234.208
531.469
1545.61
1520.93
440.059
321.511
263.059
291.047
497.064
569.616
271.403
199.488
299.003
286.942
231.18
287.144
672.384
269.138
667.029
282.1
916.808
240.829
231.556
373.551
443.429
738.173
361.274
278.118
668.044
335.875
295.304
115.735
379.502
173.485
631.591
1432.42
315.51
196.592
369.289
554.241
338.675
363.607
421.073
212.368
232.677
420.22
1095.9
257.753
303.025
578.494
483.965
203.759
127.161
201.511
697.839
1993.33
803.637
139.168
695.153
570.307
359.282
164.247
296.872
431.238
142.278
738.928
168.457
175.745
189.358
178.33
388.921
369.201
214.021
269.202
292.038
656.638
146.741
138.03
303.491
505.29
377.738
291.134
317.864
202.827
238.696
606.87
420.642
460.752
524.202
116.274
236.831
210.856
715.256
621.317
400.573
966.69
473.042
1314.73
389.564
665.579
1447.07
481.096
1758.52
251.458
129.979
162.239
523.122
267.858
470.281
276.873
546.999
280.76
312.761
174.324
408.759
590.777
346.913
568.084
525.489
165.473
1092.01
331.488
169.881
798.663
493.678
422.906
273.336
398.567
148.022
215.55
459.247
641.024
113.042
1014.4
1271.21
184.647
182.229
560.235
173.842
387.511
319.851
391.935
256.941
636.184
265.669
437.992
442.833
350.584
466.787
running time = 34.43 seconds.
273.266
410.305
1079.98
560.596
385.096
575.178
170.428
447.98
935.645
205.439
582.426
656.331
162.767
462.234
298.296
530.471
557.5
294.417
549.226
359.211
463.239
1205.85
583.479
499.945
99.5676
238.928
221.786
377.176
217.977
824.66
372.023
505.164
1138.97
125.87
199.6
243.443
447.868
350.897
958.921
466.844
450.056
830.619
201.007
170.509
472.664
451.055
252.874
233.457
545.293
448.089
580.59
283.299
152.727
279.266
217.191
956.832
439.708
189.755
161.817
160.619
492.654
208.41
469.708
182.604
672.041
311.907
314.057
654.915
573.195
543.175
259.457
187.939
318.48
170.697
148.822
1701.72
1249.34
470.213
220.366
532.261
129.545
277.014
167.088
220.828
176.04
274.534
177.559
336.895
216.415
213.796
274.473
269.656
411.413
353.45
257.841
583.171
106.074
475.891
391.454
399.615
545.845
513.931
559.322
224.346
86.4487
598.435
1611.31
207.587
322.036
181.807
363.398
255.168
323.807
81.9696
450.448
780.78
1765.51
322.09
713.572
274.904
1124.5
314.53
433.746
565.691
580.062
261.875
856.259
151.665
670.429
219.547
404.948
226.002
846.958
343.359
255.829
632.829
259.705
309.528
344.851
154.466
193.623
624.76
453.383
421.172
368.885
942.556
431.573
401.705
323.072
568.12
269.735
274.383
649.175
289.143
609.386
322.9
352.693
474.425
540.17
628.206
276.665
1625.56
108.396
348.037
611.203
309.083
493.044
463.108
451.53
500.828
425.746
214.827
303.89
415.667
155.486
188.371
1149.02
201.864
430.438
575.899
492.317
710.49
568.137
243.856
558.758
370.852
598.312
517.208
339.169
298.083
339.508
499.385
167.516
206.623
325.516
393.261
325.734
623.164
287.457
409.874
697.566
51.9989
341.164
527.465
304.985
221.701
581.703
118.285
1628.18
353.165
95.0459
302.996
233.694
167.63
348.515
681.791
814.713
294.59
929.09
164.933
246.149
548.578
1421.62
191.829
246.297
1251.76
82.7053
352.111
289.474
713.024
115.976
1400.84
321.168
544.709
181.022
562.537
245.942
179.814
426.972
299.697
240.43
152.744
386.385
462.184
555.087
381.709
321.194
228.178
192.74
273.889
running time = 35.78 seconds.
