773.501
1344.77
1061.01
557.304
811.267
3645.06
496.147
294.513
2872.43
1210.09
816.557
3681.35
2259.1
576.678
1764.52
629.972
1218.67
705.842
753.131
1561.09
1371.66
746.056
421.451
643.095
1014.45
755.775
1510.09
621.739
501.037
1389.02
1418.58
1162.96
1545.67
664.929
159.219
1157.82
522.384
2118.01
1033.45
1912.42
645.411
2196.7
739.187
1283.45
224.137
514.469
745.018
1451.25
624.749
487.513
774.591
1129.84
811.861
1201.69
640.777
1455.79
490.469
1234.42
714.237
1291.19
694.398
2133.11
540.25
1110.41
1245.52
944.098
512.32
291.811
733.483
1611.23
331.85
826.724
899.454
1039.19
502.055
1598.13
862.114
4391.22
747.305
721.884
2533.9
1950.26
2078.59
310.97
1108.22
1436.43
1058.29
1901.28
348.752
2121.05
2040.85
622.97
709.392
1694.12
555.299
886.911
1439.05
298.922
1194.13
776.73
581.475
1186.2
818.418
532.363
498.288
1476.07
959.153
1785.26
1131.55
702.974
985.832
1691.68
695.019
460.462
894.238
393.639
1050.54
700.664
1960.87
680.666
405.955
1189.7
1332.75
637.018
522.464
1371.48
991.793
568.757
440.161
1437.77
393.032
369.641
1138.84
1568
263.838
1068.88
1123.79
1675.45
1389.93
293.438
641.332
1492.92
2123.4
1987.97
843.38
709.446
2109.96
428.582
488.855
1879.98
469.328
1184.54
1699.69
950.426
1262.59
962.089
2592.95
1084.3
641.554
2135.28
1254.82
619.597
2492.58
536.56
1207.94
1833.47
503.236
1300.29
721.684
562.519
1262.53
3689.08
516.731
1461.04
1056.97
438.315
2306.85
543.603
1809.02
980.938
496.344
508.336
1115.64
1754.78
453.62
401.332
550.285
972.271
2722.22
1171.69
726.975
2288.82
584.331
914.582
659.328
1361.87
445.105
2748.6
904.024
219.292
1704.91
588.207
643.548
806.96
554.598
1104.76
2546.6
1608.26
242.914
526.659
1650.69
888.582
1199.38
623.113
167.645
755.071
295.074
531.575
1403.51
265.044
921.843
930.896
417.26
875.25
1243.23
422.901
1929.44
598.917
1923.43
846.225
1160.85
591.028
392.126
2558.49
1179.37
781.456
762.001
1547.78
356.281
377.572
999.416
2422.25
500.803
601.346
1000.81
1023.39
1243
1614.91
230.204
1384.45
running time = 213.3 seconds.
