18717.8
14349.1
9050.92
7885.85
6006.54
8347.26
3516.84
12628.4
6868.94
19050
6568.93
26136.8
3539.93
6328.2
6289.79
17769.5
7593.9
10379
8096.73
4587.62
3570.87
21536.8
12468.9
10151.4
6755.67
14258.6
11371.8
4746.13
11459.4
3495.78
4055.47
14027
22412.2
5774.34
3381.64
2842.46
16164.1
7885.66
3624.35
10419.1
8282.98
14679
13655.2
4984.46
10281.6
43042.3
5142.24
20394.2
4071.64
8082.39
12187.6
19854
6809.78
9468.62
13858.8
15943.5
6804.78
25981.7
12292.9
5959.59
6631.36
5654.66
15800.4
6945.21
9326.57
12884.9
5774.13
3593.55
9849.28
4857.14
5365.64
9543.47
5401.95
7759.85
10931.1
4203.53
17382.9
11099.2
3689.17
5639.81
12177.2
14957.5
5950.74
36736.9
6814.33
12359.7
23598.6
8643.16
19498.6
1884.49
6606.88
3436.52
10425.1
5430.19
4863.21
15087
11604.8
8940.63
16130
5165.56
5068.23
6547.61
6891.42
7101.31
4179.28
5273.78
8005.11
3691.24
12952.4
14919.9
14313.3
4279.29
13016.5
8287.15
3961.84
6473.05
11308.1
9782.6
6985.81
7821.08
8175.3
12914.3
14527.4
12499.7
23631.1
15075.6
4496.82
8981.08
3157.74
4050.68
16134.6
5647.15
20560.1
3933.55
7321.23
8365.96
7149.03
6727.77
3609.89
9679.24
5207.55
5894.03
9194.15
11878.1
10539.1
11245.3
12078.5
2902.3
7794.24
7348.29
6838.24
16424
12647.1
2973.15
5057.07
3742.47
3487.93
11623.9
11883.4
8792.99
15051
4904.71
18169
2071.91
26423.3
16420.3
9216.02
12137.5
9705.16
6917.54
10314.3
4924.96
17576.2
8611.01
15955.4
22844.7
23773.9
17587.8
7567.28
5658.91
11155.6
6630.22
21469
3945.05
9143.49
6226.24
8392.1
12156.3
5257.32
6207.99
32234.2
41069.3
5679.47
12272.8
6825.24
8568.17
14405
4349.5
20833.1
5887.06
5963.81
12743.7
4653.45
7671.86
18388.5
8339.17
16986.7
5318.53
14467.9
6250.39
15649.5
8061.73
2806.93
7047.78
14243.6
9282.3
12665.1
8180.16
12259.7
8198.79
7775.73
6061.74
14509.9
25526.1
6720.91
7592.17
4253.07
6517.77
7850.11
9564.66
9242.41
10600.3
25920.6
11622.2
2275.77
12200.7
6210.94
8181.09
5279.97
4446.02
6164.5
22818.3
4978.44
7397.82
17128.4
3712.4
18325.2
13295.5
3398.19
3995.81
running time = 21017 seconds.
5367.41
12228.3
14731.4
5465.97
4471.7
6555.87
9664.95
22076.4
17966.7
7930.16
9300.65
5406.49
9823.05
5457.88
5009.47
23851.7
11629.6
3448.1
6562.37
8400.58
18044.4
17206.7
27909.2
6916.89
15559.4
15167.4
4577.69
15118.9
8560.62
6020.74
10264.8
3196.98
4751.88
23646.2
8509.12
16231.6
5422.76
31743.9
3558.99
21201.7
21855.7
14600.6
12849.8
12840.2
3655.52
9907.91
16522.2
15212.2
5550.84
12953
6303.7
7402.53
4775.62
3571.18
6665.32
4156.68
7200.83
10243.8
12163.5
6195.64
21571.5
18227.1
6430.91
2135.14
8461.77
13134.6
5839.97
9223.57
39879.4
7945.95
12152
9412.05
7098.98
12408.1
32300.4
15659.2
7531.11
2822.17
9586.66
17941.1
12911.5
11898.2
12744.5
12878.2
6742.59
21051.9
14599.1
5377.73
6046.54
22525.6
12621.3
8523.68
9248.24
7535.58
8331.56
10849
5799.97
6352.3
12018.6
8901
10607.5
17187.2
14250.8
4849.32
2695.28
22842.8
4358.5
12547
7457.79
6437.2
7517.66
10649.7
12866.6
13166.6
7624.74
4543.34
10096.4
3867.2
12847
8264.28
11854.1
7311.35
8108.38
4001.23
5405.23
29188.5
6968.93
5621.43
7432.96
14064.3
2933.17
10188.2
6112.37
15567.7
9084.49
41017.3
5554.12
4364.96
11578.8
4764.65
12995.9
15526.6
16244
3080.86
5961.57
10811.6
10795.8
6978.41
2656.01
29454
6684.26
23163.5
13308.5
6961.45
42244.4
3742.5
16087.4
6871.33
9523.45
20302.8
6736.37
13059.7
3350.69
14955.3
18115.6
7624.08
5673.58
3855.99
12246.4
2775.06
3249.5
7101.37
14634.9
3601.15
3109.98
9201.37
15318.6
17643
8220.13
5854.28
9388.16
9977.32
27164.6
33729.9
16762.3
11985.5
11468.7
13693.4
12749
4651.62
6718.27
8229.92
10245.1
11393.3
7013.57
4824.4
5473.37
7968.1
8951.61
3907.2
7772.14
18231.9
9970.45
2620.06
4840.6
15359.3
16390.7
21811.1
8589.62
11039.4
2643.81
13908.9
10305.3
7995.73
7234.94
5611.64
21299.1
7536.71
5388.01
7571.73
25784.2
9677.17
12363.2
12545.5
28370.9
3182.3
5069.76
21175.3
3203.6
9277.56
4469.5
6073.86
8839.79
7136.37
4369.01
12830
8139.38
25446.9
6823.13
4288.06
7400.32
6177.73
8220.79
5067.7
13271.8
12123.3
7602.27
23062.8
23533.5
4641.81
running time = 22326 seconds.
10844.6
7958.3
11420.2
6266.33
19044.9
4527.36
11153.9
10122.1
12373.9
31449.6
4173.16
8882.96
9647.75
13674.2
20815
9452.3
9661.01
11228.3
7508.39
9648.54
10205.9
4399.2
4271.39
10303.2
7162.58
5701.98
18453.1
8970.91
12043.3
5587.45
8774.93
7725.15
7010.15
4456.56
8948.18
8803.52
3522.18
19050.8
7386.53
4765.75
26416.8
12507.1
9584.81
6311.26
9207.36
10069.2
5593.95
8892.64
6798.77
8795
10146.2
33093.2
6982.35
6412.98
20390.7
2932.45
9435.34
2782.93
7511.61
17166.8
7859.09
4683.92
9600.34
7529.77
24428.5
14828.4
11580.7
8280.64
6097.54
10178.7
6797.61
6541.03
4428.05
22118.6
7747.42
12067.5
6354.54
11740.5
4598.91
5898.85
6115.4
12240.2
16209.6
6808.05
12082.9
12628.6
14541.2
4022.92
5196.7
15483.4
21453.9
6774.83
12930.8
10959.8
11020.7
4740.93
7186.75
5248.12
19463.4
20174.3
6093
16157.2
30931.5
9356.67
10158.8
5521.07
5858.04
2467.85
4555.68
5465.68
3487.99
9230.39
5201.18
8030.23
4974.6
4402.66
10941.4
11762.5
7645.62
2366.65
8499.97
15064
3935.37
23339.7
7358.26
3715.41
10441.2
11913.8
8051.54
4153.5
11336.1
4928.14
5968.01
8481.59
5975.66
11849.5
6023.05
7105.77
3322.76
6137.64
6837.26
7410.64
10908
10223.1
4216.22
3330.48
4786.17
8597.07
7676.83
10108.4
2810.8
2731.46
3178.64
7879.97
5932.64
6487.52
31123.4
3413.22
4648.52
12272.3
13529.9
4152.82
9706.18
13603.9
12582.3
12389.3
9951.89
8033.59
6766.71
4632.91
3828.7
20252.7
8252.03
7574.67
5158.58
28025.5
18165.9
3966.09
9083.67
25896.2
5199.64
5617.85
10440.2
11148.9
4123.4
5382.6
2876.25
7897.18
29211.5
2875.93
9035.81
6046.07
11866.7
9059.69
5120.03
5618.9
24247.3
16845.8
26095.8
20003.4
18054.9
17062.2
5435.26
10824.6
19538.4
4531.93
10115.1
28196.8
3249.31
57751.9
7859.03
10023.4
2508.86
26630.8
24813.5
43835
24155.5
12422.9
5763.87
7260.32
27594.2
12516.9
12062.1
23437.8
14623.1
5910.55
9750.66
10195.2
6612.45
16769.3
4718.21
6045.15
3836.37
12170.1
7328.73
7604.79
7918.45
11054.3
21984.2
23330.7
4592.73
2854.44
5186.35
20846
27476.2
8618.67
9345.22
8573.44
5701.16
11964.4
running time = 21569 seconds.
12373.7
17005.8
7874.38
12768.3
4289.2
8257.8
10191.9
15447.4
9492.5
4511.78
4060.47
25695.8
7612.73
5934.48
7013.74
2643.23
20855.6
7520.59
13778.5
3668.62
4251.75
5579.31
22178.4
3692.69
5468.96
3653.93
5092.49
20300.5
2324.95
9675.5
3662.62
6074.91
4058.96
9451.78
5765.32
7743.5
6748.54
21449
7532.96
5370.68
4757.59
17483.4
16120.4
17703.2
13940.7
17266.9
7437.02
4648.01
11555
4857.02
9727.54
7504.48
5332.29
7965.32
15531
20527.6
6674.54
3983.81
7245.76
6723.45
5653.28
8630.57
13003.9
6761.01
32483
11140.9
11955
6642.81
8321.74
5282.52
23031.7
28295.1
2638.54
13615.3
10934.4
6572.1
6154.1
8505.52
3922.26
20891.2
14609.9
6004.48
4287.41
3872.87
9233.84
2314.54
5339.25
9611.35
20613
6796.82
6552.2
15184.6
7394.97
4863.12
33918.5
3334.85
2989.83
4589.38
16083.2
11895.2
12195.3
5706.25
12782
20514.5
7066.87
12387.8
18756.1
13013.8
1901.29
11381.2
7211.68
11478.3
9483.28
23181.2
6754.67
2893.58
20693
12302.3
15333.2
6288.79
7791.39
8422.26
12777.8
6511.4
16000.3
17033.2
5556.66
16059.3
15450.2
10371.9
18590.6
10021.7
6129.11
10305.7
35146.1
11730.4
5149.48
4422.93
3607.46
7823.5
24013.1
20717.8
11042.4
6297.69
8345.58
12778.8
14238.3
9435.7
20178.9
7816.15
14287.8
8777.98
3851.43
11578.9
7102.56
4405.8
5100.74
6940.72
4822.03
13969.9
8650.2
1985.6
7044.82
15055.4
11337.5
12871.1
12679.3
40794.3
4986.54
11816.3
8685.68
3891.02
12823.5
15620.5
7268.45
12359
8077.88
18560.2
11595.5
36698.9
10718.3
5465.65
4436.55
19318.5
10567.8
6849.41
24579
9443.46
19444.9
5946.55
4026.1
13894.4
8629.99
21904
4959.83
19262.6
5791.03
3013.97
10366.7
12324.7
5914.59
2747.86
7336.52
5098.74
10633.7
4004.69
11207
4818.94
17823.1
30265.9
11216.7
11791.9
4462.88
4161.8
6215.7
4756.31
35279.5
40937.2
15520.1
6559.16
12153.5
5424.25
4546.74
6745.59
6203
12893.6
4499.6
8691.29
7757.32
12496.9
23246.7
7419.65
12023.7
8328.43
8962.53
23620.3
7909.95
27427.9
10386.1
8673.73
32093.3
7181.83
22899.4
11728.5
5177.65
14215.5
5965.03
10534.6
10817.4
6076.88
running time = 22246 seconds.
