5172.57
6759.61
2372.41
11622.6
5735.36
2422.02
1567.08
7041.1
4709.73
1251.92
4829.44
5065.77
4549.92
6783.54
3194.96
2476.57
991.824
3611.66
2332.61
3414.13
10221.7
3456.55
1452.3
3653.97
5311.21
1308.75
2079.63
2454.14
1870.13
6964.44
5454.34
3282.59
2404.64
4237.55
2942.52
3260.28
12904.6
4136.56
2903.24
5312.39
6017.81
1834.19
1658.76
3859.87
799.278
2198.97
7040.04
15065.9
1787.17
3042.52
5487.42
2815.9
2532.3
6253.21
3430.22
7832.11
6618.76
2461.69
2795.27
2868.69
2977.54
6664.63
979.073
5378.56
2839.67
9979.52
4024.67
8815.91
2320.05
2497.16
3073.99
6906.28
4861.97
2080.3
4831.02
7038.38
2631.44
3181.37
6700.74
16215.7
2113.16
11156.3
4901.2
6300.16
9447.25
8715.32
3534.73
3251.19
6776.2
1807.78
1818.89
6578.04
2220.01
6812.06
3541.82
1077.74
1584.69
1630.93
2991.87
1662.45
6275.09
5246.01
6996.21
3655.97
7130.26
6883.76
3359.11
3298.91
6587.55
2700.96
4942.16
2746.35
2859.97
1188.75
4048.64
6689.8
1754.99
1759.05
6970.71
3141.25
1876.03
5355.89
4991.1
1245.79
1343.46
2501.2
9180.34
3733.41
5010.6
3195.5
10769.4
2441.18
2391.35
6844.79
1803.39
3211.73
2768.97
3201.05
1328.86
1756.92
2340.89
9108.62
1928.93
5938.52
4851.53
1643.8
3318.02
4163.66
3942.18
3006.35
3893.48
3026.59
4696.56
4113.02
3784.5
2448.96
4405.04
4481.33
2207.95
4226.08
1075.28
3839.14
2596.62
14118.2
3461.84
2418.98
2202.74
1768.38
3514.9
4690.95
1989.31
2627.53
4499.11
1525.89
6844.09
3612.51
12425.7
1602.11
4243.58
1487.47
4521.79
5318.36
4226.64
4831.85
5627.1
8123.33
2438.5
5609.61
2460.25
8278.12
6778.22
1830.09
15853.4
4436.71
1920.54
2570.43
4560.16
1718.61
1763.93
3373.58
1987.99
5099.42
1930.58
3717.32
1952.5
3835.81
2654.29
4878.51
2883.62
3456.88
2875.92
6129.15
2587.64
5475.04
5323.13
1755.68
2221.21
2162.11
3778.7
2760.87
3637.29
2345.03
2560.55
3156.53
3969.64
2808.37
5041.86
1821.54
7240.35
3621.48
4120.45
8976.61
4684.59
12270.4
1808.37
2809.97
7056.5
4643.12
2368.2
1486.19
1286.48
1388.39
5780.24
2836.66
3409.88
3799.5
983.35
1884.42
4207.25
6164.15
running time = 3363 seconds.
