522.257
449.176
1176.3
850.472
863.679
351.738
591.58
1157.36
1196.65
1933.7
1225.36
2514.8
537.55
3844.04
977.267
530.976
373.261
813.367
672.856
1105.86
452.865
621.308
812.87
655.148
586.652
922.508
700.235
1446.05
392.67
1120.12
466.199
654.335
1871.42
1239.53
1025.08
1580.47
627.231
953.38
2252.57
1161.15
407.817
1416.02
1209.16
868.909
415.576
960.985
1063.65
1519.66
725.117
1995.91
1994.17
1335.26
227.868
514.606
1336.76
1989.44
1096.95
386.484
919.945
1565.61
2370.99
891.35
632.644
1088.51
1139.99
522.119
422.954
672.674
750.848
857.104
735.575
358.062
1019.01
1016.27
571.909
1016.83
283.712
578.194
718.056
807.184
751.354
688.996
1597.26
1084.77
535.793
501.304
1087.28
1101.47
534.438
765.182
2255.8
816.252
815.781
2813.73
3939.65
2438.97
1594.29
353.031
535.823
628.724
367.095
436.952
2000.12
2383.06
1180.48
1313.1
651.759
1203.22
834.503
2202.76
197.004
2909.92
1558.53
327.188
2036.12
310.614
600.646
628.955
239.28
795.299
469.493
2252.32
2498.23
628.055
1167.33
2578.73
2029.51
1135.93
932.111
1369.35
1155.82
438.995
1554.5
765.14
2038.98
1390.06
754.125
438.721
1390.21
1490.62
1573.48
1011.49
674.909
480.34
750.735
1859.3
334.345
497.021
260.808
1604.39
1076.75
479.614
394.57
445.406
698.627
848.651
2341.19
720.886
461.439
2137.29
878.127
359.404
1956.49
1919.54
1032.88
672.968
867.102
862.896
1113.48
689.356
1232.68
762.904
713.196
1362.1
217.919
756.557
2093.99
293.862
781.899
415.299
548.427
569.524
531.037
888.616
720.142
311.966
1876.06
973.841
1098.57
1334.04
792.898
513.886
633.082
847.52
329.55
934.626
1443.61
638.883
1130.35
1371.39
515.463
2160.29
293.573
1482.14
917.189
962.515
2354.97
801.968
399.429
1599.7
2590.55
746.419
677.747
420.562
501.191
608.159
3556.93
665.067
596.066
1059.85
867.555
587.831
428.402
1297
949.53
570.173
2043.79
312.325
1116.21
2372.08
582.569
490.272
2379.83
1031.86
1129.14
710.93
476.05
401.281
721.174
1622.25
426.437
671.171
897.33
2069.32
1334.45
832.128
495.431
576.457
474.12
619.726
running time = 207.88 seconds.
