585.571
868.921
229.301
1077.89
432.961
440.42
610.811
985.636
265.498
1165.66
753.591
532.395
287.208
298.491
302.091
294.136
212.373
145.475
781.827
481.106
225.092
241.732
208.709
653.916
466.35
53.2142
399.533
465.446
497.763
191.839
196.246
190.123
287.514
611.025
423.484
670.84
205.305
441.502
208.512
182.912
104.583
403.526
208.245
462.239
268.479
426.05
658.992
559.491
353.533
186.885
433.653
476.463
706.974
379.095
194.253
399.734
442.142
168.286
759.079
261.098
823.33
278.6
648.567
1226.29
386.985
1285.41
264.17
226.934
343.814
468.394
289.654
246.51
286.894
526.268
268.472
485.088
209.899
828.569
305.523
383.074
625.874
447.672
1454.71
523.298
387.191
247.143
432.731
586.453
131.797
1013.12
929.312
264.364
1221.08
587.363
768.544
312.27
329.895
263.384
920.311
696.731
392.835
194.153
624.698
171.676
85.1519
112.828
111.212
435.879
310.007
289.405
156.595
517.157
196.976
223.387
318.027
324.938
224.088
380.431
85.6039
351.214
439.88
456.898
119.612
507.333
297.995
634.465
549.761
488.748
716.556
389.18
443.003
474.354
161.114
798.942
267.82
329.151
142.871
446.537
468.198
440.469
325.974
623.34
260.267
229.82
338.674
499.314
242.78
403.183
453.544
310.556
245.673
212.741
493.663
324.848
198.307
388.911
535.941
1066.19
312.416
1033.4
3004.56
419.838
183.479
229.538
1017.62
200.492
915.362
498.637
252.04
507.178
427.313
626.135
349.742
262.736
383.05
518.718
319.927
612.261
217.473
299.279
859.947
429.069
425.007
224.1
336.33
405.7
533.53
175.454
947.501
394.422
298.716
221.694
170.094
332.004
351.503
725.749
634.608
170.25
441.839
413.425
162.062
357.14
749.09
611.076
249.734
203.179
443.678
621.275
303.425
587.967
651.293
688.431
269.002
408.966
147.512
129.489
246.59
124.376
151.341
216.898
129.942
107.652
734.9
532.05
139.41
231.7
477.787
464.04
346.377
396.057
283.013
237.678
402.2
342.759
229.468
140.759
502.352
103.64
261.127
369.845
672.282
583.532
140.552
118.373
181.732
369.585
221.014
355.737
795.261
730.444
running time = 34.91 seconds.
