273.266
410.305
1079.98
560.596
385.096
575.178
170.428
447.98
935.645
205.439
582.426
656.331
162.767
462.234
298.296
530.471
557.5
294.417
549.226
359.211
463.239
1205.85
583.479
499.945
99.5676
238.928
221.786
377.176
217.977
824.66
372.023
505.164
1138.97
125.87
199.6
243.443
447.868
350.897
958.921
466.844
450.056
830.619
201.007
170.509
472.664
451.055
252.874
233.457
545.293
448.089
580.59
283.299
152.727
279.266
217.191
956.832
439.708
189.755
161.817
160.619
492.654
208.41
469.708
182.604
672.041
311.907
314.057
654.915
573.195
543.175
259.457
187.939
318.48
170.697
148.822
1701.72
1249.34
470.213
220.366
532.261
129.545
277.014
167.088
220.828
176.04
274.534
177.559
336.895
216.415
213.796
274.473
269.656
411.413
353.45
257.841
583.171
106.074
475.891
391.454
399.615
545.845
513.931
559.322
224.346
86.4487
598.435
1611.31
207.587
322.036
181.807
363.398
255.168
323.807
81.9696
450.448
780.78
1765.51
322.09
713.572
274.904
1124.5
314.53
433.746
565.691
580.062
261.875
856.259
151.665
670.429
219.547
404.948
226.002
846.958
343.359
255.829
632.829
259.705
309.528
344.851
154.466
193.623
624.76
453.383
421.172
368.885
942.556
431.573
401.705
323.072
568.12
269.735
274.383
649.175
289.143
609.386
322.9
352.693
474.425
540.17
628.206
276.665
1625.56
108.396
348.037
611.203
309.083
493.044
463.108
451.53
500.828
425.746
214.827
303.89
415.667
155.486
188.371
1149.02
201.864
430.438
575.899
492.317
710.49
568.137
243.856
558.758
370.852
598.312
517.208
339.169
298.083
339.508
499.385
167.516
206.623
325.516
393.261
325.734
623.164
287.457
409.874
697.566
51.9989
341.164
527.465
304.985
221.701
581.703
118.285
1628.18
353.165
95.0459
302.996
233.694
167.63
348.515
681.791
814.713
294.59
929.09
164.933
246.149
548.578
1421.62
191.829
246.297
1251.76
82.7053
352.111
289.474
713.024
115.976
1400.84
321.168
544.709
181.022
562.537
245.942
179.814
426.972
299.697
240.43
152.744
386.385
462.184
555.087
381.709
321.194
228.178
192.74
273.889
running time = 35.78 seconds.
