12373.7
17005.8
7874.38
12768.3
4289.2
8257.8
10191.9
15447.4
9492.5
4511.78
4060.47
25695.8
7612.73
5934.48
7013.74
2643.23
20855.6
7520.59
13778.5
3668.62
4251.75
5579.31
22178.4
3692.69
5468.96
3653.93
5092.49
20300.5
2324.95
9675.5
3662.62
6074.91
4058.96
9451.78
5765.32
7743.5
6748.54
21449
7532.96
5370.68
4757.59
17483.4
16120.4
17703.2
13940.7
17266.9
7437.02
4648.01
11555
4857.02
9727.54
7504.48
5332.29
7965.32
15531
20527.6
6674.54
3983.81
7245.76
6723.45
5653.28
8630.57
13003.9
6761.01
32483
11140.9
11955
6642.81
8321.74
5282.52
23031.7
28295.1
2638.54
13615.3
10934.4
6572.1
6154.1
8505.52
3922.26
20891.2
14609.9
6004.48
4287.41
3872.87
9233.84
2314.54
5339.25
9611.35
20613
6796.82
6552.2
15184.6
7394.97
4863.12
33918.5
3334.85
2989.83
4589.38
16083.2
11895.2
12195.3
5706.25
12782
20514.5
7066.87
12387.8
18756.1
13013.8
1901.29
11381.2
7211.68
11478.3
9483.28
23181.2
6754.67
2893.58
20693
12302.3
15333.2
6288.79
7791.39
8422.26
12777.8
6511.4
16000.3
17033.2
5556.66
16059.3
15450.2
10371.9
18590.6
10021.7
6129.11
10305.7
35146.1
11730.4
5149.48
4422.93
3607.46
7823.5
24013.1
20717.8
11042.4
6297.69
8345.58
12778.8
14238.3
9435.7
20178.9
7816.15
14287.8
8777.98
3851.43
11578.9
7102.56
4405.8
5100.74
6940.72
4822.03
13969.9
8650.2
1985.6
7044.82
15055.4
11337.5
12871.1
12679.3
40794.3
4986.54
11816.3
8685.68
3891.02
12823.5
15620.5
7268.45
12359
8077.88
18560.2
11595.5
36698.9
10718.3
5465.65
4436.55
19318.5
10567.8
6849.41
24579
9443.46
19444.9
5946.55
4026.1
13894.4
8629.99
21904
4959.83
19262.6
5791.03
3013.97
10366.7
12324.7
5914.59
2747.86
7336.52
5098.74
10633.7
4004.69
11207
4818.94
17823.1
30265.9
11216.7
11791.9
4462.88
4161.8
6215.7
4756.31
35279.5
40937.2
15520.1
6559.16
12153.5
5424.25
4546.74
6745.59
6203
12893.6
4499.6
8691.29
7757.32
12496.9
23246.7
7419.65
12023.7
8328.43
8962.53
23620.3
7909.95
27427.9
10386.1
8673.73
32093.3
7181.83
22899.4
11728.5
5177.65
14215.5
5965.03
10534.6
10817.4
6076.88
running time = 22246 seconds.
