5367.41
12228.3
14731.4
5465.97
4471.7
6555.87
9664.95
22076.4
17966.7
7930.16
9300.65
5406.49
9823.05
5457.88
5009.47
23851.7
11629.6
3448.1
6562.37
8400.58
18044.4
17206.7
27909.2
6916.89
15559.4
15167.4
4577.69
15118.9
8560.62
6020.74
10264.8
3196.98
4751.88
23646.2
8509.12
16231.6
5422.76
31743.9
3558.99
21201.7
21855.7
14600.6
12849.8
12840.2
3655.52
9907.91
16522.2
15212.2
5550.84
12953
6303.7
7402.53
4775.62
3571.18
6665.32
4156.68
7200.83
10243.8
12163.5
6195.64
21571.5
18227.1
6430.91
2135.14
8461.77
13134.6
5839.97
9223.57
39879.4
7945.95
12152
9412.05
7098.98
12408.1
32300.4
15659.2
7531.11
2822.17
9586.66
17941.1
12911.5
11898.2
12744.5
12878.2
6742.59
21051.9
14599.1
5377.73
6046.54
22525.6
12621.3
8523.68
9248.24
7535.58
8331.56
10849
5799.97
6352.3
12018.6
8901
10607.5
17187.2
14250.8
4849.32
2695.28
22842.8
4358.5
12547
7457.79
6437.2
7517.66
10649.7
12866.6
13166.6
7624.74
4543.34
10096.4
3867.2
12847
8264.28
11854.1
7311.35
8108.38
4001.23
5405.23
29188.5
6968.93
5621.43
7432.96
14064.3
2933.17
10188.2
6112.37
15567.7
9084.49
41017.3
5554.12
4364.96
11578.8
4764.65
12995.9
15526.6
16244
3080.86
5961.57
10811.6
10795.8
6978.41
2656.01
29454
6684.26
23163.5
13308.5
6961.45
42244.4
3742.5
16087.4
6871.33
9523.45
20302.8
6736.37
13059.7
3350.69
14955.3
18115.6
7624.08
5673.58
3855.99
12246.4
2775.06
3249.5
7101.37
14634.9
3601.15
3109.98
9201.37
15318.6
17643
8220.13
5854.28
9388.16
9977.32
27164.6
33729.9
16762.3
11985.5
11468.7
13693.4
12749
4651.62
6718.27
8229.92
10245.1
11393.3
7013.57
4824.4
5473.37
7968.1
8951.61
3907.2
7772.14
18231.9
9970.45
2620.06
4840.6
15359.3
16390.7
21811.1
8589.62
11039.4
2643.81
13908.9
10305.3
7995.73
7234.94
5611.64
21299.1
7536.71
5388.01
7571.73
25784.2
9677.17
12363.2
12545.5
28370.9
3182.3
5069.76
21175.3
3203.6
9277.56
4469.5
6073.86
8839.79
7136.37
4369.01
12830
8139.38
25446.9
6823.13
4288.06
7400.32
6177.73
8220.79
5067.7
13271.8
12123.3
7602.27
23062.8
23533.5
4641.81
running time = 22326 seconds.
