149.657
172.895
104.512
245.772
73.9957
125.094
92.5581
48.2679
294.54
86.9894
113.504
108.334
505.999
448.281
132.457
218.85
526.506
400.163
185.221
155.784
180.605
89.8354
208.879
346.234
91.9136
206.91
131.889
62.1167
84.3367
232.79
77.3685
58.8999
161.155
314.808
216.703
128.062
75.5548
142.413
56.2763
142.466
163.08
100.791
104.618
144.835
79.12
227.647
247.173
410.25
141.897
184.552
136.027
98.327
85.478
251.525
75.543
393.105
310.292
207.523
451.611
161.727
161.15
67.7982
494.253
256.202
83.6945
106.546
149.541
485.66
190.538
262.303
301.29
130.569
370.645
87.0326
710.11
176.625
313.531
96.2466
154.121
58.1823
91.9647
95.7079
124.025
139.983
125.847
108.675
227.169
114.516
345.91
151.515
160.03
262.017
150.043
161.383
391.965
238.761
303.642
87.7034
188.979
188.968
368.234
100.216
119.037
313.435
275.17
509.523
400.322
113.151
119.059
97.6436
266.425
160.697
261.109
86.4307
107.816
281.924
156.059
127.141
82.2047
317.276
495.245
161.814
137.471
220.343
84.5894
107.16
82.832
127.153
146.844
242.924
219.434
103.381
196.569
130.445
138.986
151.368
656.759
256.989
101.55
265.812
89.1662
311.229
200.387
123.46
340.684
98.5936
183.745
181.296
92.5149
147.584
265.107
300.965
246.759
236.982
158.543
237.795
70.0922
155.498
218.137
126.548
93.6998
142.916
94.8968
411.886
179.218
77.2003
238.006
575.902
130.003
371.063
280.057
166.463
193.18
588.434
147.541
259.94
324.897
230.552
158.363
167.416
56.9263
72.7296
102.482
270.148
162.161
294.938
138.005
74.3618
221.174
330.622
309.787
295.676
250.086
116.924
491.624
99.8823
493.57
283.874
164.527
250.001
169.056
132.447
92.6656
567.319
245.131
133.938
153.565
590.895
152.02
170.292
113.612
171.613
497.298
198.594
411.953
256.577
147.722
234.706
496.094
258.519
139.555
272.56
121.761
101.042
92.6847
175.307
209.112
247.065
82.088
122.502
168.994
268.022
142.613
178.502
571.218
150.831
482.306
342.688
46.3186
95.1226
301.094
135.933
175.741
247.287
324.579
296.259
181.955
288.449
251.078
180.609
running time = 8.61 seconds.
