462.703
512.508
942.322
673.904
1733.15
2018.17
2742.68
2866.08
511.771
920.732
1947.26
1464.53
634.083
460.171
973.613
850.044
2656.29
1280.81
345.272
1229.27
818.096
2486.95
1934.19
301.066
631.026
613.738
1019.13
440.517
317.281
1121.65
2406.83
1342.9
958.695
1464.03
1254.02
1211.76
2333.29
2009.31
731.24
1315.65
424.271
527.57
850.425
1192.96
729.308
387.638
664.813
1474
512.46
1626.24
440.008
717.09
1192.8
759.255
812.669
803.404
766.778
1447.07
1015.8
483.208
762.503
1174.61
699.981
959.488
277.589
1245.15
702.031
1605.37
2151.12
1121.32
1238.47
480.026
590.618
834.809
2158.41
552.064
678.077
605.086
2042.18
697.505
983.462
1034.01
1348.56
395.746
238.463
600.644
1002.69
763.448
1069.25
757.799
913.6
1045.77
739.746
1691.96
517.384
761.266
878.396
872.291
1174.37
1663.88
2050.02
1150.59
1262.76
4097.2
1588.25
1171.44
1161.47
510.201
1126.14
1589.66
784.714
2780.13
976.586
862.752
446.991
664.833
443.505
1532.13
514.965
1455.95
846.332
625.292
817.401
588.322
1592.01
1116.61
751.538
765.67
600.385
2169.94
1324.46
3600.01
1252
1070.21
412.464
948.016
665.803
1570.69
791.597
910.825
938.25
692.323
2785.55
2177.22
770.123
612.981
1188.56
2275.84
279.027
626.636
656.014
750.879
735.053
1050.89
821.53
470.938
1160.55
635.992
2685.84
436.128
1603.25
486.859
980.516
1741.6
1508.08
1524.4
1121.74
530.348
865.801
444.518
231.92
472.188
2352.39
1352.98
1274.12
1381.65
595.72
803.006
829.285
710.042
1051.3
695.361
1229.85
1593.12
1302.3
1212
877.936
735.134
491.26
987.241
1134.49
2772.32
1342.77
766.857
1168.49
347.909
625.794
2688.64
231.736
373.422
1969.83
520.872
1264.96
587.373
1215.57
1772.91
865.866
597.837
1034.33
704.821
450.812
1965.66
858.948
502.393
764.097
763.259
209.198
615.049
451.074
864.437
727.657
403.593
983.911
1348.29
884.898
1661.61
514.11
1557.37
677.326
1252.6
990.736
1629.55
1195.34
639.67
1271.29
1162.23
420.761
1263.39
210.618
421.898
1356.77
629.46
2461.68
1698.56
869.195
697.252
768.164
874.037
1056.3
447.388
running time = 213.07 seconds.
