429.135
369.5
623.008
370.944
268.115
880.631
296.937
321.171
497.666
794.912
440.989
768.819
261.936
506.109
409.311
438.566
483.994
567.83
767.15
1262.27
857.592
991.203
359.233
344.507
354.697
319.67
183.145
222.175
375.245
455.088
150.826
360.451
472.238
179.9
613.787
280.001
714.727
291.39
154.756
203.576
765.316
269.407
302.621
231.215
158.824
354.377
305.719
488.885
171.219
138.221
563.358
154.367
185.139
1076.89
415.435
591.048
209.839
295.467
559.653
374.941
273.308
408.93
199.595
380.983
356.527
483.386
1127.44
235.665
333.104
217.868
155.602
350.735
322.062
1140.36
444.093
594.409
184.379
170.64
451.36
380.392
673.657
626.987
824.05
165.561
203.284
561.285
400.589
552.975
341.312
515.493
473.574
298.526
433.413
331.482
846.087
283.529
306.598
410.396
181.576
185.386
426.347
248.89
311.266
288.484
299.376
1062.16
372.978
876.08
458.989
248.513
309.792
714.505
191.362
284.725
1176.6
931.566
989.095
60.4358
219.812
532.543
160.03
314.803
423.15
1334.63
194.048
441.36
303.488
345.917
466.595
124.522
731.666
411.95
217.816
434.464
258.617
149.584
217.759
154.445
405.686
238.764
155.022
661.523
249.908
508.482
168.448
148.418
202.25
879.749
174.145
402.982
299.333
415.079
390.399
342.376
284.315
141.113
270.702
168.346
191.36
329.221
489.333
150.523
931.37
668.798
832.819
248.123
914.902
347.094
142.531
939.855
553.61
212.55
225.36
681.005
755.222
1295.45
533.268
255.591
296.464
256.161
331.918
261.883
173.014
237.772
107.787
361.484
670.712
580.882
1527.01
118.621
595.784
242.007
660.997
547.876
785.994
463.498
90.5997
1437.93
1123.16
121.502
222.065
174.391
221.836
817.22
626.27
220.035
427.143
322.426
242.592
228.422
345.827
201.469
264.327
181.579
727.522
165.045
382.096
454.075
336.54
462.271
265.509
305.421
554.133
742.514
306.497
152.092
220.417
190.385
963.72
237.686
156.836
627.642
224.808
177.939
238.532
617.03
238.705
545.702
322.876
140.715
1135.12
181.581
632.35
264.43
98.3331
312.599
834.225
567.786
244.534
254.33
running time = 34.56 seconds.
