1329.61
1821.19
1570.61
1462.61
1216.23
692.968
1707.13
1227.91
3036.46
2420.35
2622.83
4211.29
1321.93
940.47
2684.3
5251.05
1571.42
2150.83
981.863
1367.43
1410.46
2214.26
2846.08
5788.45
1174.3
1044.88
782.633
1872.49
1223.43
4184.87
1482.43
839.18
5322.17
3664.98
3643.86
3240.5
2072.69
1032.59
4280.98
5549.68
2901.91
1530.87
659.723
958.659
2107.44
1491.01
1886.09
595.364
5148.32
1384.62
1576.65
1442.16
2984.85
793.142
1626.53
3262.97
1282.33
1936.4
838.767
1911.94
4298.41
3355.29
2609.2
2724.72
728.768
2476.42
1345.64
2911.26
6210.08
3364.71
1919.09
433.472
1328.71
1383.7
946.721
1695.66
2175.97
1203.09
2558.75
669.136
1054.23
2907.26
4215.68
1177.58
3213.95
1734.51
1522.08
4701.68
2206.53
961.514
858.483
3306.16
1418.82
3966.96
1427.76
1559.72
1074
528.333
1325.81
6399.45
1364.83
748.787
2237.01
724.382
2746
2737.08
2600.74
2938.51
2071.31
1789.16
3207.62
1009.51
4565.75
2001.07
3446.87
1950.41
990.57
1175.83
1886.02
2214.19
1587.46
3694.09
1030.89
1582.46
2500.93
1813.59
1350.43
740.587
720.011
832.215
3828.5
2837.48
1526.16
1046.05
2595.08
2419.57
2263.74
817.572
1148.61
4609.09
1485.97
2558.15
1925.09
1056.78
1354.11
1683.78
2570.65
3150.52
1855.84
5275.69
742.289
1992.15
1522.68
1258.59
6012.93
1361.95
1259.89
7623.81
1432.46
1607.02
3851.22
997.49
5985.05
2832.81
1186.82
3151.68
3840.73
2421.03
3016.49
6104.98
1066.9
708.279
1287.79
1583.96
2111.47
697.403
1601.47
1931.08
902.229
4354.06
3368.51
1330.02
4791.97
1592.51
1203.23
737.047
1776.8
1235.35
743.542
4321.94
2192.54
1447.99
1259.4
1365.92
2948.24
1420.43
1290.1
1393.19
2627.88
571.952
3378.38
3886.7
1282.16
2168.19
1270.35
3369.65
2305.39
4794.88
1107.68
1945.97
696.725
1767.36
3786.82
1654.09
2810.27
1896.08
1001.08
2789.21
820.595
1215.59
1826.31
1593.79
1890.94
1944.72
4399.01
2164.58
1335.49
411.855
1237.43
1629.31
1855.39
1582.18
4817.23
1236.04
1931.61
1407.34
3213.49
2093.94
778.039
1903.8
1871.95
2041.46
792.963
1173.34
1846.79
779.921
1554.12
1162.77
2651.44
1589.5
running time = 858 seconds.
