60.9747
71.9129
77.9111
371.13
53.515
68.4334
37.4398
119.659
36.3469
409.44
49.0234
85.7795
77.7508
99.5297
80.6838
97.8296
54.589
73.1267
228.447
80.1339
63.3156
201.47
63.274
70.693
36.9625
54.014
114.08
59.8633
67.9701
97.2449
292.409
647.812
124.082
181.22
155.733
100.179
121.074
66.3493
68.9772
48.8116
50.2127
134.424
151.068
61.8659
181.78
290.374
205.663
82.2976
100.277
55.5245
115.295
179.683
238.387
41.1481
68.4553
177.324
52.9979
124.982
180.347
37.2703
30.8269
71.4017
194.585
89.411
172.357
56.1664
213.531
44.8054
58.251
232.615
96.611
164.442
39.4594
64.1524
160.486
99.7948
39.8291
375.931
246.084
131.597
81.8084
49.2612
116.072
24.5974
55.5405
69.9983
85.5427
129.254
107.191
145.39
71.0761
52.7011
35.5706
49.5219
66.4088
46.0401
139.416
46.5712
76.7659
114.087
84.0347
32.2536
88.6811
26.7055
33.8176
47.3994
134.9
125.473
246.636
96.6274
122.354
97.7869
71.4045
99.5632
95.2616
62.9584
50.6335
121.96
131.25
121.629
52.9445
87.495
74.3233
194.242
26.7211
116.402
201.966
56.3957
50.1755
192.427
129.347
110.839
47.19
93.8082
240.825
34.6994
15.9259
49.2759
143.405
66.9473
65.6458
32.6447
126.107
125.972
187.312
142.414
128.574
102.669
53.7111
93.8405
202.68
142.054
70.5916
126.489
174.599
336.044
100.412
38.5305
164.481
148.787
94.9129
71.9377
59.1662
177.352
82.6623
48.108
31.3981
122.902
68.263
82.3152
245.64
108.818
80.821
37.0127
74.698
89.7167
366.867
285.464
142.08
78.4775
57.4283
148.607
331.943
55.7053
45.3928
90.0935
81.0279
88.7376
89.7219
46.4818
42.0722
317.96
187.342
211.391
72.1113
111.521
99.2692
141.375
73.1541
33.902
97.1632
45.9262
51.1027
94.4878
42.4893
90.8534
66.5262
69.7858
35.4136
68.8378
87.6777
53.7713
24.5609
174.092
87.2686
57.8001
206.01
104.099
64.4783
100.698
183.501
110.369
210.595
101.999
52.7351
76.782
113.685
74.4943
62.6618
87.8228
101.409
113.314
70.1408
217.632
161.547
36.1836
41.1103
76.6837
78.394
66.7668
47.5748
321.328
129.902
81.8539
55.7693
87.6129
74.5973
81.9225
81.2953
87.479
running time = 2.16 seconds.
