76.7263
40.0115
113.851
51.1477
183.242
77.2713
52.9609
102.941
376.403
145.531
86.6505
96.8354
41.9966
98.8047
46.9745
64.7019
37.1907
86.1061
114.611
95.7516
85.9108
140.126
180.487
79.4844
44.999
121.864
35.3701
72.0059
158.814
184.628
277.678
179.886
39.6664
56.5039
215.57
89.5431
212.095
139.528
42.9143
349.599
93.2679
99.3766
108.131
104.784
97.4373
33.7561
44.6697
103.6
33.0754
198.201
118.731
132.91
48.0338
85.714
198.142
204.04
101.068
37.3142
70.9899
49.9293
213.927
107.625
103.037
200.64
166.34
38.6445
67.9729
84.1618
183.578
46.8407
169.228
109.062
152.823
33.4305
94.3027
27.5525
50.6399
74.8078
225.189
41.3855
193.77
64.6082
412.358
59.1282
456.05
115.789
64.5412
103.513
120.289
213.16
72.3077
55.4849
25.7199
145.008
33.4673
110.637
79.1196
22.6425
119.242
194.723
31.4942
42.4335
92.2713
88.2665
59.1935
70.8846
142.54
66.2601
55.5858
80.7764
165.983
42.6683
294.231
34.9063
185
104.518
89.2558
134.458
79.9368
255.081
106.657
44.027
49.6007
187.169
180.035
138.991
76.0089
54.039
103.212
39.4708
145.094
73.0503
77.2672
104.225
44.1051
48.8818
141.679
46.7662
133.095
43.2423
250.484
92.0225
208.481
348.003
52.5834
38.7591
118.296
54.9896
91.6887
99.2817
267.282
84.3605
77.1957
110.446
95.6685
47.229
125.398
211.166
76.2167
192.029
58.3172
36.3616
160.939
126.534
114.929
84.2724
101.721
20.1212
73.7006
89.2291
60.7282
137.838
263.295
84.5356
105.03
80.5845
54.0594
170.203
81.8698
40.7004
353.416
86.5945
290.024
99.3616
179.486
74.7645
127.422
46.3946
571.88
209.87
41.8974
73.0717
231.805
58.463
68.3058
208.779
154.073
206.621
128.291
31.8747
30.4569
46.0961
40.33
136.517
278.526
119.896
93.8948
144.482
292.686
31.8719
109.577
52.6729
202.669
306.034
110.363
50.7438
134.353
90.5089
46.1479
50.0138
82.0797
219.266
265.533
71.0986
104.187
141.619
97.3332
53.1812
177.428
76.8046
359.537
95.2078
82.4856
105.688
116.607
117.551
163.275
156.569
453.919
46.3006
33.1422
215.875
64.4244
228.661
85.3096
159.165
265.481
40.8226
93.1482
55.3418
running time = 2.34 seconds.
