117.568
182.942
211.931
189.674
198.379
198.038
59.8217
480.696
119.607
71.8761
120.825
193.039
172.013
337.521
50.0419
393.4
164.954
213.706
108.064
874.937
195.512
86.3558
364.441
168.107
184.973
82.255
362.972
567.214
335.85
391.674
153.246
485.68
232.71
267.122
310.097
53.0793
573.651
72.0341
97.5034
108.87
275.08
135.238
97.9209
120.922
85.0779
134.063
477.659
89.8407
128.873
66.8675
56.2733
465.576
252.034
132.894
108.932
165.89
48.5468
656.356
322.198
116.482
165.455
62.6893
120.577
321.944
259.734
499.821
460.121
244.425
231.173
157.958
318.038
328.825
121.756
857.709
148.926
689.137
299.439
95.9152
270.089
121.003
251.536
132.532
81.3698
189.987
85.1795
396.18
165.15
360.183
102.88
66.1405
156.465
152.112
62.5152
204.925
182.672
255.24
171.711
231.635
455.355
88.9825
237.644
114.656
187.611
144.411
457.964
79.8923
142.718
243.955
213.881
81.4083
385.221
141.969
200.26
112.952
94.8197
115.394
80.6674
381.433
143.354
1065.69
127.971
478.743
146.2
158.562
209.23
53.7347
87.8446
100.931
303.871
343.632
371.144
176.7
195.896
466.052
114.237
159.279
80.6915
365.066
78.5772
268.845
216.563
139.347
354.782
148.522
176.132
126.732
461.688
314.915
165.008
251.748
56.8089
143.13
115.67
122.233
345.786
575.362
466.09
80.7126
131.397
84.0581
133.134
100.42
320.958
282.671
81.8537
274.377
226.929
309.374
197.235
491.536
251.283
75.8019
36.6269
396.693
472.486
222.502
172.906
220.397
77.0816
115.678
163.182
263.337
403.897
56.6843
125.252
191.341
83.7115
106.311
193.737
131.027
266.906
230.302
102.931
173.487
117.836
50.2064
506.707
715.463
559.692
228.143
177.487
202.877
83.0525
352.575
95.0583
706.274
47.7626
127.831
146.81
38.7647
154.883
159.695
87.999
134.593
110.725
493.373
547.89
190.724
120.394
578.971
111.902
287.727
48.2291
87.477
66.9205
178.845
970.313
160.92
92.447
457.947
123.575
145.051
158.387
81.6801
628.878
384.095
161.796
191.672
124.637
202.036
147.227
73.0375
117.213
258.274
142.281
128.267
428.272
116.909
465.804
165.969
running time = 9.16 seconds.
