556.57
200.886
287.758
441.145
623.59
310.31
571.488
370.326
536.999
379.3
396.941
480.063
1280.59
494.536
191.552
310.872
254.059
202.319
154.094
143.709
225.943
365.929
163.815
212.963
189.413
496.012
671.205
206.199
404.148
185.853
315.165
603.754
222.424
423.913
1474.67
341.545
585.594
644.866
662.649
405.929
342.47
91.3184
398.244
200.229
558.508
185.342
134.068
632.016
530.213
287.552
554.554
372.408
410.907
550.478
590.254
173.1
604.036
687.099
453.436
348.048
120.05
323.568
437.702
943.285
203.919
254.212
151.936
1073.38
312.268
575.639
323.068
235.201
271.135
333.449
344.673
491.153
223.039
326.863
151.622
212.833
433.921
356.928
270.137
309.104
606.686
120.45
425.749
305.425
607.832
169.967
282.397
140.323
120.049
444.924
187.437
286.528
640.024
431.047
248.586
401.769
305.606
234.208
531.469
1545.61
1520.93
440.059
321.511
263.059
291.047
497.064
569.616
271.403
199.488
299.003
286.942
231.18
287.144
672.384
269.138
667.029
282.1
916.808
240.829
231.556
373.551
443.429
738.173
361.274
278.118
668.044
335.875
295.304
115.735
379.502
173.485
631.591
1432.42
315.51
196.592
369.289
554.241
338.675
363.607
421.073
212.368
232.677
420.22
1095.9
257.753
303.025
578.494
483.965
203.759
127.161
201.511
697.839
1993.33
803.637
139.168
695.153
570.307
359.282
164.247
296.872
431.238
142.278
738.928
168.457
175.745
189.358
178.33
388.921
369.201
214.021
269.202
292.038
656.638
146.741
138.03
303.491
505.29
377.738
291.134
317.864
202.827
238.696
606.87
420.642
460.752
524.202
116.274
236.831
210.856
715.256
621.317
400.573
966.69
473.042
1314.73
389.564
665.579
1447.07
481.096
1758.52
251.458
129.979
162.239
523.122
267.858
470.281
276.873
546.999
280.76
312.761
174.324
408.759
590.777
346.913
568.084
525.489
165.473
1092.01
331.488
169.881
798.663
493.678
422.906
273.336
398.567
148.022
215.55
459.247
641.024
113.042
1014.4
1271.21
184.647
182.229
560.235
173.842
387.511
319.851
391.935
256.941
636.184
265.669
437.992
442.833
350.584
466.787
running time = 34.43 seconds.
