4431.41
2470.13
2508.18
5742.47
4512.18
8856.63
1775.87
2617.89
2197.03
2347.02
2339.77
4000.26
6972.07
4298.19
5728.62
8655.64
3856.59
2383.04
4718.21
1442.07
5773.28
4416.05
7382.53
3924.32
8382.23
2085.91
1774.42
3240.41
977.698
1485.04
3141.28
2695.8
2985.44
2653.02
2363.58
2960.2
3074.9
1705.91
4866.64
3397.84
4716.59
9098.94
7297.25
2547.74
5695.21
9243.12
9800.33
5029.99
1246.05
5427.27
7513.71
3138.48
8637.81
3165.93
10145.7
4432.78
3117.14
6974.07
1337.61
5702.75
1721.65
3186.79
9014.46
14279
8404.97
4740.66
2857.22
2735.37
5467.76
3206.36
1477.01
6107.03
6405.65
5987.37
4049.86
2074.88
2805.58
7242.99
3404.98
1214.49
1324.5
1983.95
3780.42
3543.31
2371.51
3455.46
1674.61
5223.58
2640.75
6145.6
2546.13
3925.84
1182.42
7735.2
6438.82
3535.97
3367.97
4617.95
2142.5
2296.4
1543.2
2648.47
7057.98
6434.53
3972.49
11000.3
2160.83
1440.08
3354.17
2646.39
6876.6
5138.61
2062.93
1665.01
1837.31
3816.91
3513.48
2117.92
5921.77
2439.62
6156.58
10549.7
11540
9689.85
4859.89
2103.6
2626.72
6750.78
2152.54
4057.85
2200.19
6055.25
6822.24
2281.15
2158.46
4281.02
3195.11
3613.6
3682.83
1111.37
7213.1
2632.26
7361.32
5548.98
1707.84
3916.34
4523.83
6412.75
2176.3
6448.21
4167.28
4210.46
1320.79
1709.31
4672.9
6503.77
2539.61
1202.07
4170.98
5647.28
5125.02
8252.94
6050.19
4049.74
3960.83
6803.49
3045.3
2084.23
3364.9
1944.45
1925.97
3057.12
6027
8079.37
2953.92
2133.66
8246.87
2396.61
2123.17
5660.97
1650.52
2258.51
7505.17
12898.5
1625.34
6041.35
7169.35
5734.36
2057.12
3830.93
3558.11
2567.72
1555.93
4401.64
3451.19
2836.85
7813.44
5580.22
6051.36
3723.88
2077.49
1570.64
4966.21
4618.1
4507.44
16321.6
2021.43
8407.72
5257.75
6953.07
3545.83
2122.7
3241.6
9499.04
3720.29
1210.41
1558.34
1847.77
3142.95
2499.74
1493.93
4879.69
2308.31
6619.48
4530.59
3336.64
2595.57
2773.02
2906.73
6645.76
2938.29
3204.19
8071.85
1472.71
2647.47
3775.33
1652.37
2644.4
2495.19
7378.99
3807.59
1357.3
4232.08
7801.39
3390.14
4359.42
4932.37
1667.08
1343.65
4967.88
running time = 3458 seconds.
