80.0087
103.36
175.719
220.957
78.6861
115.768
373.668
304.785
106.789
315.65
171.031
217.617
78.5334
395.115
306.918
148.973
457.751
271.746
230.653
144.552
231.699
148.719
238.709
207.239
98.1964
108.584
252.161
296.994
228.957
311.588
214.812
217.777
50.0784
75.4628
98.1103
159.365
113.502
96.834
80.7729
244.548
616.095
617.152
988.502
255.125
84.2337
350.85
195.356
70.9395
129.97
84.8994
175.997
164.772
119.372
340.314
365.944
138.824
94.424
89.7351
231.969
95.7246
113.414
311.908
179.976
110.151
185.435
217.073
165.227
40.1793
41.4596
54.2261
605.082
156.388
189.598
200.457
88.6548
125.176
142.555
301.613
258.806
88.695
92.395
173.991
176.607
136.303
484.29
288.565
187.04
160.75
203.982
276.556
175.378
410.73
508.25
192.905
346.347
86.0241
206.067
180.104
104.653
103.229
126.712
194.06
400.745
203.588
85.1646
246.349
179.566
320.491
192.589
174.609
158.946
77.4714
130.934
659.3
264.253
76.4565
409.544
131.493
157.507
142.534
57.8284
271.389
260.33
823.025
183.671
85.4988
204.788
181.527
133.687
339.702
86.6004
98.1474
157.603
273.534
62.7128
141.369
119.245
103.908
150.32
118.884
163.947
239.08
445.189
135.644
391.714
84.6828
143.693
135.559
79.2338
342.105
165.972
136.28
251.643
562.714
89.7514
451.141
121.708
116.007
262.14
102.835
120.174
134.477
341.592
291.465
332.155
99.0643
318.729
371.279
116.036
178.497
357.788
310.223
217.658
101.963
90.474
133.156
227.338
143.924
415.955
94.5546
106.394
111.723
298.296
297.326
178.69
158.498
189.892
95.7644
307.953
203.922
122.83
174.028
304.144
384.051
191.165
58.9893
97.4722
69.0278
123.53
59.4
80.2155
115.999
282.626
92.7498
138.556
180.568
570.511
272.026
126.364
60.4351
169.616
188.309
119.096
189.5
217.437
122.611
136.749
42.7381
83.6114
143.962
258.148
121.612
760.276
55.3293
217.951
158.297
236.62
322.422
77.3742
135.728
360.956
291.942
82.3855
302.331
73.969
125.453
271.35
130.264
136.798
424.995
567.456
133.909
110.85
479.214
266.354
291.688
99.7388
85.6106
114.431
181.377
running time = 8.35 seconds.
