18717.8
14349.1
9050.92
7885.85
6006.54
8347.26
3516.84
12628.4
6868.94
19050
6568.93
26136.8
3539.93
6328.2
6289.79
17769.5
7593.9
10379
8096.73
4587.62
3570.87
21536.8
12468.9
10151.4
6755.67
14258.6
11371.8
4746.13
11459.4
3495.78
4055.47
14027
22412.2
5774.34
3381.64
2842.46
16164.1
7885.66
3624.35
10419.1
8282.98
14679
13655.2
4984.46
10281.6
43042.3
5142.24
20394.2
4071.64
8082.39
12187.6
19854
6809.78
9468.62
13858.8
15943.5
6804.78
25981.7
12292.9
5959.59
6631.36
5654.66
15800.4
6945.21
9326.57
12884.9
5774.13
3593.55
9849.28
4857.14
5365.64
9543.47
5401.95
7759.85
10931.1
4203.53
17382.9
11099.2
3689.17
5639.81
12177.2
14957.5
5950.74
36736.9
6814.33
12359.7
23598.6
8643.16
19498.6
1884.49
6606.88
3436.52
10425.1
5430.19
4863.21
15087
11604.8
8940.63
16130
5165.56
5068.23
6547.61
6891.42
7101.31
4179.28
5273.78
8005.11
3691.24
12952.4
14919.9
14313.3
4279.29
13016.5
8287.15
3961.84
6473.05
11308.1
9782.6
6985.81
7821.08
8175.3
12914.3
14527.4
12499.7
23631.1
15075.6
4496.82
8981.08
3157.74
4050.68
16134.6
5647.15
20560.1
3933.55
7321.23
8365.96
7149.03
6727.77
3609.89
9679.24
5207.55
5894.03
9194.15
11878.1
10539.1
11245.3
12078.5
2902.3
7794.24
7348.29
6838.24
16424
12647.1
2973.15
5057.07
3742.47
3487.93
11623.9
11883.4
8792.99
15051
4904.71
18169
2071.91
26423.3
16420.3
9216.02
12137.5
9705.16
6917.54
10314.3
4924.96
17576.2
8611.01
15955.4
22844.7
23773.9
17587.8
7567.28
5658.91
11155.6
6630.22
21469
3945.05
9143.49
6226.24
8392.1
12156.3
5257.32
6207.99
32234.2
41069.3
5679.47
12272.8
6825.24
8568.17
14405
4349.5
20833.1
5887.06
5963.81
12743.7
4653.45
7671.86
18388.5
8339.17
16986.7
5318.53
14467.9
6250.39
15649.5
8061.73
2806.93
7047.78
14243.6
9282.3
12665.1
8180.16
12259.7
8198.79
7775.73
6061.74
14509.9
25526.1
6720.91
7592.17
4253.07
6517.77
7850.11
9564.66
9242.41
10600.3
25920.6
11622.2
2275.77
12200.7
6210.94
8181.09
5279.97
4446.02
6164.5
22818.3
4978.44
7397.82
17128.4
3712.4
18325.2
13295.5
3398.19
3995.81
running time = 21017 seconds.
