149.657
172.895
104.512
245.772
73.9957
125.094
92.5581
48.2679
294.54
86.9894
113.504
108.334
505.999
448.281
132.457
218.85
526.506
400.163
185.221
155.784
180.605
89.8354
208.879
346.234
91.9136
206.91
131.889
62.1167
84.3367
232.79
77.3685
58.8999
161.155
314.808
216.703
128.062
75.5548
142.413
56.2763
142.466
163.08
100.791
104.618
144.835
79.12
227.647
247.173
410.25
141.897
184.552
136.027
98.327
85.478
251.525
75.543
393.105
310.292
207.523
451.611
161.727
161.15
67.7982
494.253
256.202
83.6945
106.546
149.541
485.66
190.538
262.303
301.29
130.569
370.645
87.0326
710.11
176.625
313.531
96.2466
154.121
58.1823
91.9647
95.7079
124.025
139.983
125.847
108.675
227.169
114.516
345.91
151.515
160.03
262.017
150.043
161.383
391.965
238.761
303.642
87.7034
188.979
188.968
368.234
100.216
119.037
313.435
275.17
509.523
400.322
113.151
119.059
97.6436
266.425
160.697
261.109
86.4307
107.816
281.924
156.059
127.141
82.2047
317.276
495.245
161.814
137.471
220.343
84.5894
107.16
82.832
127.153
146.844
242.924
219.434
103.381
196.569
130.445
138.986
151.368
656.759
256.989
101.55
265.812
89.1662
311.229
200.387
123.46
340.684
98.5936
183.745
181.296
92.5149
147.584
265.107
300.965
246.759
236.982
158.543
237.795
70.0922
155.498
218.137
126.548
93.6998
142.916
94.8968
411.886
179.218
77.2003
238.006
575.902
130.003
371.063
280.057
166.463
193.18
588.434
147.541
259.94
324.897
230.552
158.363
167.416
56.9263
72.7296
102.482
270.148
162.161
294.938
138.005
74.3618
221.174
330.622
309.787
295.676
250.086
116.924
491.624
99.8823
493.57
283.874
164.527
250.001
169.056
132.447
92.6656
567.319
245.131
133.938
153.565
590.895
152.02
170.292
113.612
171.613
497.298
198.594
411.953
256.577
147.722
234.706
496.094
258.519
139.555
272.56
121.761
101.042
92.6847
175.307
209.112
247.065
82.088
122.502
168.994
268.022
142.613
178.502
571.218
150.831
482.306
342.688
46.3186
95.1226
301.094
135.933
175.741
247.287
324.579
296.259
181.955
288.449
251.078
180.609
running time = 8.61 seconds.
123.638
154.076
678.024
163.454
179.662
268.099
113.773
233.721
130.003
210.386
85.95
60.9398
207.392
266.648
279.242
487.82
131.487
88.6146
239.663
341.75
177.307
88.2509
181.694
217.435
104.4
92.2564
191.362
133.791
298.563
177.336
92.313
499.167
90.9238
190.135
164.301
150.685
292.363
394.484
307.665
187.951
147.492
124.334
557.972
99.5468
169.828
439.017
123.398
516.279
227.206
165.466
243.706
569.736
695.944
340.43
221.833
324.838
436.566
111.189
139.204
248.727
108.648
94.0512
97.5917
79.0669
240.149
369.976
179.026
181.727
223.596
213.991
268.174
156.857
246.264
139.997
157.628
147.271
117.758
156.57
285.877
316.912
532.629
248.223
150.134
280.952
162.66
328.057
76.6432
153.189
469.783
493.24
315.402
84.3868
135.473
78.9577
88.6545
296.082
381.009
76.5991
320.522
218.393
167.102
201.274
420.474
112.694
221.471
192.094
248.604
184.138
96.7315
381.267
234.123
82.146
539.066
452.62
174.103
697.685
110.702
177.749
80.0689
101.361
127.402
117.495
80.8591
174.018
137.903
138.461
83.7194
128.391
194.602
211.453
52.2849
87.0538
198.514
190.118
546.087
616.82
53.5425
192.338
241.15
111.236
141.472
189.997
783.304
206.282
257.46
324.861
78.3906
196.58
297.187
85.4973
124.881
72.9856
115.694
174.414
396.333
184.828
64.4751
304.246
264.806
659.681
263.121
145.298
54.7839
417.673
544.173
317.208
272.158
366.308
134.279
196.335
55.7019
43.3766
93.3644
173.228
33.7508
139.43
88.6452
113.968
390.565
180.089
127.439
120.427
324.761
103.095
90.8479
158.195
113.016
84.0803
104.804
391.019
386.587
85.9549
119.682
66.3684
167.936
68.4117
260.573
809.049
328.24
540.688
301.95
152.28
321.919
131.166
89.8195
115.926
460.222
326.139
134.948
128.477
67.4609
231.74
283.014
144.121
238.379
123.08
267.09
357.266
83.5744
105.051
172.529
84.3086
115.57
102.839
149.053
130.32
141.442
209.275
227.555
35.7415
100.574
69.4161
101.016
158.35
230.363
640.302
243.516
166.713
333.238
326.418
170.423
216.974
104.452
174.943
98.1051
308.391
289.394
301.705
64.5102
72.0964
running time = 8.84 seconds.
80.0087
103.36
175.719
220.957
78.6861
115.768
373.668
304.785
106.789
315.65
171.031
217.617
78.5334
395.115
306.918
148.973
457.751
271.746
230.653
144.552
231.699
148.719
238.709
207.239
98.1964
108.584
252.161
296.994
228.957
311.588
214.812
217.777
50.0784
75.4628
98.1103
159.365
113.502
96.834
80.7729
244.548
616.095
617.152
988.502
255.125
84.2337
350.85
195.356
70.9395
129.97
84.8994
175.997
164.772
119.372
340.314
365.944
138.824
94.424
89.7351
231.969
95.7246
113.414
311.908
179.976
110.151
185.435
217.073
165.227
40.1793
41.4596
54.2261
605.082
156.388
189.598
200.457
88.6548
125.176
142.555
301.613
258.806
88.695
92.395
173.991
176.607
136.303
484.29
288.565
187.04
160.75
203.982
276.556
175.378
410.73
508.25
192.905
346.347
86.0241
206.067
180.104
104.653
103.229
126.712
194.06
400.745
203.588
85.1646
246.349
179.566
320.491
192.589
174.609
158.946
77.4714
130.934
659.3
264.253
76.4565
409.544
131.493
157.507
142.534
57.8284
271.389
260.33
823.025
183.671
85.4988
204.788
181.527
133.687
339.702
86.6004
98.1474
157.603
273.534
62.7128
141.369
119.245
103.908
150.32
118.884
163.947
239.08
445.189
135.644
391.714
84.6828
143.693
135.559
79.2338
342.105
165.972
136.28
251.643
562.714
89.7514
451.141
121.708
116.007
262.14
102.835
120.174
134.477
341.592
291.465
332.155
99.0643
318.729
371.279
116.036
178.497
357.788
310.223
217.658
101.963
90.474
133.156
227.338
143.924
415.955
94.5546
106.394
111.723
298.296
297.326
178.69
158.498
189.892
95.7644
307.953
203.922
122.83
174.028
304.144
384.051
191.165
58.9893
97.4722
69.0278
123.53
59.4
80.2155
115.999
282.626
92.7498
138.556
180.568
570.511
272.026
126.364
60.4351
169.616
188.309
119.096
189.5
217.437
122.611
136.749
42.7381
83.6114
143.962
258.148
121.612
760.276
55.3293
217.951
158.297
236.62
322.422
77.3742
135.728
360.956
291.942
82.3855
302.331
73.969
125.453
271.35
130.264
136.798
424.995
567.456
133.909
110.85
479.214
266.354
291.688
99.7388
85.6106
114.431
181.377
running time = 8.35 seconds.
117.568
182.942
211.931
189.674
198.379
198.038
59.8217
480.696
119.607
71.8761
120.825
193.039
172.013
337.521
50.0419
393.4
164.954
213.706
108.064
874.937
195.512
86.3558
364.441
168.107
184.973
82.255
362.972
567.214
335.85
391.674
153.246
485.68
232.71
267.122
310.097
53.0793
573.651
72.0341
97.5034
108.87
275.08
135.238
97.9209
120.922
85.0779
134.063
477.659
89.8407
128.873
66.8675
56.2733
465.576
252.034
132.894
108.932
165.89
48.5468
656.356
322.198
116.482
165.455
62.6893
120.577
321.944
259.734
499.821
460.121
244.425
231.173
157.958
318.038
328.825
121.756
857.709
148.926
689.137
299.439
95.9152
270.089
121.003
251.536
132.532
81.3698
189.987
85.1795
396.18
165.15
360.183
102.88
66.1405
156.465
152.112
62.5152
204.925
182.672
255.24
171.711
231.635
455.355
88.9825
237.644
114.656
187.611
144.411
457.964
79.8923
142.718
243.955
213.881
81.4083
385.221
141.969
200.26
112.952
94.8197
115.394
80.6674
381.433
143.354
1065.69
127.971
478.743
146.2
158.562
209.23
53.7347
87.8446
100.931
303.871
343.632
371.144
176.7
195.896
466.052
114.237
159.279
80.6915
365.066
78.5772
268.845
216.563
139.347
354.782
148.522
176.132
126.732
461.688
314.915
165.008
251.748
56.8089
143.13
115.67
122.233
345.786
575.362
466.09
80.7126
131.397
84.0581
133.134
100.42
320.958
282.671
81.8537
274.377
226.929
309.374
197.235
491.536
251.283
75.8019
36.6269
396.693
472.486
222.502
172.906
220.397
77.0816
115.678
163.182
263.337
403.897
56.6843
125.252
191.341
83.7115
106.311
193.737
131.027
266.906
230.302
102.931
173.487
117.836
50.2064
506.707
715.463
559.692
228.143
177.487
202.877
83.0525
352.575
95.0583
706.274
47.7626
127.831
146.81
38.7647
154.883
159.695
87.999
134.593
110.725
493.373
547.89
190.724
120.394
578.971
111.902
287.727
48.2291
87.477
66.9205
178.845
970.313
160.92
92.447
457.947
123.575
145.051
158.387
81.6801
628.878
384.095
161.796
191.672
124.637
202.036
147.227
73.0375
117.213
258.274
142.281
128.267
428.272
116.909
465.804
165.969
running time = 9.16 seconds.
