10134.8
1388.85
1584.74
3540.21
1498.89
1949.85
1723.86
2327.1
4631.93
633.211
1121.97
1540.66
562.35
3028.41
4743.26
3192.75
1813.84
1639.32
8394.6
3380.82
1127
1873.86
1041.49
845.158
1317.33
1159.34
1841.72
1457.49
2132.01
3150.75
2002.5
1837.22
1111.55
812.496
1215.02
1225.19
964.613
1689.41
1656.64
2081.32
1183.31
2169.87
2406.05
4135.44
1549.77
1813.62
1926.15
1595.72
1373.59
2821.55
2034.56
1160.67
2322.81
465.261
743.97
317.554
683.883
1051.09
654.066
2296.11
2071.05
1638.82
967.305
2024.67
489.863
861.992
4468.6
1681.95
4636.78
3313.84
646.181
1232.04
998.116
1504.53
742.583
4268.77
1031.17
1568.99
926.21
2166.68
4565.16
1024.53
1558.35
2335.12
1576.51
1415.16
754.481
3132.46
956.218
1985.84
1242.43
934.433
1703.28
1847.44
1107.13
6978.06
1559.74
1597.38
1757.08
1133.14
6284.96
537.966
601.953
1685.88
3519.91
4408.28
3950.6
1492.19
2437.47
2585.2
3295.04
662.339
1517.28
1655.12
5574.72
1966.45
1471.47
1800.48
1663.44
1189.76
5104.32
1296.76
1088.93
1306.29
1157.98
746.599
1456.96
2725.17
1355.65
6643.12
3312.51
1452.72
1643.62
1809.85
4050.76
4063.56
2109.78
3840.13
3689.89
2590.24
1425.44
3978.41
3105.8
912.179
1214.83
525.45
1884.44
1294.65
3819.67
3384.74
2582
1750.7
1448.69
1411.56
1497.55
3810.84
1251.13
957.291
1283.16
3121.39
1399.93
1167.4
1213.16
2336.07
1371.17
7742.26
779.037
1043.72
1178.84
1080.79
1771.56
1206.94
3459.98
1978.85
5183.92
1693.36
889.695
1084.07
2469.67
3141.56
3105.7
1411.72
7765.04
2992.59
1330.51
5585.79
4908.78
1265.05
1903.45
3565.37
4055.09
2242.36
1700.62
651.226
3202.83
1639.1
1000.12
4812.58
2118.92
2708.02
2337.87
635.726
4002.51
5885.68
1842.27
956.566
2081.43
8878.85
841.472
1129.84
3631.6
793.058
3304.05
2300.98
1373.81
765.209
974.376
1467.56
1655.94
4178.31
1458.08
830.724
1027.41
2455.65
1107.47
500.517
2649.33
2346.64
1310.21
1963.42
1367.32
3261.53
806.091
821.163
1481.28
1202.08
3467.08
2599.71
943.119
1417.18
569.766
3309.61
4872.81
1714.13
1121.21
1381.36
7134.38
3050.68
1020.03
1393.94
running time = 865 seconds.
