73.4733
67.2212
126.619
23.8506
105.766
84.7311
80.6883
152.507
159.803
177.928
72.1409
78.7296
87.2096
120.73
48.7719
68.7666
117.72
41.7482
65.0819
52.1042
64.0772
164.901
39.6745
76.1595
45.1002
73.4076
104.832
107.173
84.1585
40.2569
176.653
35.2888
136.476
100.845
145.172
67.6657
164.289
167.351
98.971
79.8408
107.047
90.3205
67.5461
66.3933
121.226
47.8656
49.1936
77.9505
54.7851
79.0654
198.25
104.263
94.9789
22.331
83.1183
66.7478
182.333
80.2977
65.8471
109.289
48.3791
93.5221
97.8938
53.9809
53.117
72.7912
33.7941
33.3032
173.384
83.4085
80.2328
96.3083
169.632
50.0107
207.59
15.195
99.8643
75.4411
174.964
86.7433
191.091
163.308
37.5564
28.5941
97.5349
121.565
99.2343
308.256
66.7918
93.4647
58.5045
111.026
113.08
202.268
82.3526
144.116
33.2017
244.129
35.6129
223.757
148.194
46.8749
227.494
113.735
49.3011
112.664
119.658
134.829
53.1671
113.734
39.3632
62.7202
112.32
89.7151
108.357
66.4643
248.694
139.941
85.2417
88.6462
284.493
402.924
86.7198
45.3469
70.5465
94.2842
29.5282
26.8924
85.7403
92.5334
52.4885
90.7156
31.6353
181.188
117.082
130.956
30.6642
78.9205
105.806
169.08
233.139
70.4782
126.604
407.588
309.728
88.6723
88.2583
120.057
59.3947
57.1693
71.3918
79.043
76.5072
43.1277
148.729
118.304
62.1325
69.0468
45.3801
258.286
34.24
70.2884
141.499
145.244
93.3437
99.764
32.4349
49.558
56.7122
42.724
61.9111
209.108
24.7431
35.2324
81.7394
117.295
112.848
228.54
78.3879
102.142
106.108
120.488
227.914
34.5355
71.5546
49.1116
84.1254
80.4241
22.9133
67.745
147.224
47.6333
108.224
134.737
34.904
77.0883
86.7248
81.0877
160.555
384.879
97.761
43.1255
62.2227
122.801
39.707
154.307
118.451
44.8344
75.4601
49.4698
49.2632
71.4246
80.0203
105.261
48.612
106.962
118.8
79.029
91.358
67.2344
30.7517
151.564
127.881
144.211
120.836
87.6428
37.7507
32.8332
81.2872
114.233
144.998
369.152
255.228
61.5192
129.04
103.276
86.2107
122.87
39.7799
114.948
70.2166
230.043
132.94
176.586
146.693
70.5456
55.709
105.257
94.7107
85.7447
running time = 2.09 seconds.
