645.923
3668.19
1094.94
633.361
765.936
1996.28
1711.62
1433.5
2896.99
4181.41
1102.02
1186.22
3602.21
679.716
956.31
666.66
1697.34
1385.42
1632.17
2747.17
1955.48
5353.13
3638.21
1364.03
3819.81
1444.72
1282.77
4404.42
4510.42
1211.47
5026.17
5110.79
796.892
1065.38
3102.01
736.994
886.371
1084.95
7397.63
1900.9
2056.41
901.201
1651.96
4047.39
1752.76
715.13
1002.61
1310.62
2608.51
2085.1
3819.76
3445.35
2092.01
2534.42
3975.99
2374.17
860.957
1724.24
1565.75
1766.38
1369.01
1505.24
2395.99
788.278
1717.97
1435.85
1332.85
1840.48
1661.43
3976.6
1563.76
2068.94
1512.85
956.898
4007.71
1472.92
13898.9
6471.24
2540.89
833.398
1527.9
4306.58
4652.17
2586.43
3171.34
3690.91
1404.47
1115.33
1776.68
2351.21
2573.93
3085.64
1283.1
1768.39
3199.06
2859.31
987.834
1483.73
2099.31
2645.78
1520.49
878.886
717.062
1406.22
3119.95
537.453
1909.04
1222.13
5590.25
3503.58
1234.94
659.169
1484.38
4205.34
4272.75
4595.83
1189.92
551.309
1122.35
2425.58
1443.5
1749.79
1629.83
2226.27
3500.09
11632.2
1141.21
1850.5
1557.39
7663.3
1651.14
1790.62
6019.27
1650.11
2801.52
1426.05
2129.6
4808.75
2244.35
4013.8
2587.4
1176.86
1622.68
2479.47
2587.08
1907.65
926.82
1255.86
2295.3
502.946
3262.98
617.533
3465.66
2611.24
4135.58
791.05
695.447
760.517
1556.68
1184.08
3452.69
1446.16
1015.51
839.982
1375.15
2012.3
1276.03
1262.7
1610.64
3678.86
1085.91
4059.38
1480.42
2749.93
2779.91
1880.89
2007.17
1623.29
1137.75
2969.28
4180.34
601.862
1889.55
5366.45
706.93
3998.97
2826.4
7379.03
2501.14
1299.08
9625.14
1875.86
5187.53
779.163
376.832
1186.31
2395.14
1474.21
4304.94
317.423
1420.76
1877.57
4877.77
1188.19
4309.23
7260.95
4347.48
1315.74
2137.08
405.552
2091.72
821.689
3554.83
1029.91
1447.19
572.867
1225.57
1460.94
3161.4
2967.58
1783.67
7103.92
1381.26
3868.67
651.125
813.87
2310.78
2697.87
4955.52
1116.7
2384.56
2725.31
759.225
562.732
7165.56
716.572
1492.93
2098.05
1918.23
3147.94
2369.62
1628.65
879.595
1451.8
2742
1809.27
1132.54
3922.79
2750.93
1597.63
running time = 957 seconds.
1329.61
1821.19
1570.61
1462.61
1216.23
692.968
1707.13
1227.91
3036.46
2420.35
2622.83
4211.29
1321.93
940.47
2684.3
5251.05
1571.42
2150.83
981.863
1367.43
1410.46
2214.26
2846.08
5788.45
1174.3
1044.88
782.633
1872.49
1223.43
4184.87
1482.43
839.18
5322.17
3664.98
3643.86
3240.5
2072.69
1032.59
4280.98
5549.68
2901.91
1530.87
659.723
958.659
2107.44
1491.01
1886.09
595.364
5148.32
1384.62
1576.65
1442.16
2984.85
793.142
1626.53
3262.97
1282.33
1936.4
838.767
1911.94
4298.41
3355.29
2609.2
2724.72
728.768
2476.42
1345.64
2911.26
6210.08
3364.71
1919.09
433.472
1328.71
1383.7
946.721
1695.66
2175.97
1203.09
2558.75
669.136
1054.23
2907.26
4215.68
1177.58
3213.95
1734.51
1522.08
4701.68
2206.53
961.514
858.483
3306.16
1418.82
3966.96
1427.76
1559.72
1074
528.333
1325.81
6399.45
1364.83
748.787
2237.01
724.382
2746
2737.08
2600.74
2938.51
2071.31
1789.16
3207.62
1009.51
4565.75
2001.07
3446.87
1950.41
990.57
1175.83
1886.02
2214.19
1587.46
3694.09
1030.89
1582.46
2500.93
1813.59
1350.43
740.587
720.011
832.215
3828.5
2837.48
1526.16
1046.05
2595.08
2419.57
2263.74
817.572
1148.61
4609.09
1485.97
2558.15
1925.09
1056.78
1354.11
1683.78
2570.65
3150.52
1855.84
5275.69
742.289
1992.15
1522.68
1258.59
6012.93
1361.95
1259.89
7623.81
1432.46
1607.02
3851.22
997.49
5985.05
2832.81
1186.82
3151.68
3840.73
2421.03
3016.49
6104.98
1066.9
708.279
1287.79
1583.96
2111.47
697.403
1601.47
1931.08
902.229
4354.06
3368.51
1330.02
4791.97
1592.51
1203.23
737.047
1776.8
1235.35
743.542
4321.94
2192.54
1447.99
1259.4
1365.92
2948.24
1420.43
1290.1
1393.19
2627.88
571.952
3378.38
3886.7
1282.16
2168.19
1270.35
3369.65
2305.39
4794.88
1107.68
1945.97
696.725
1767.36
3786.82
1654.09
2810.27
1896.08
1001.08
2789.21
820.595
1215.59
1826.31
1593.79
1890.94
1944.72
4399.01
2164.58
1335.49
411.855
1237.43
1629.31
1855.39
1582.18
4817.23
1236.04
1931.61
1407.34
3213.49
2093.94
778.039
1903.8
1871.95
2041.46
792.963
1173.34
1846.79
779.921
1554.12
1162.77
2651.44
1589.5
running time = 858 seconds.
10134.8
1388.85
1584.74
3540.21
1498.89
1949.85
1723.86
2327.1
4631.93
633.211
1121.97
1540.66
562.35
3028.41
4743.26
3192.75
1813.84
1639.32
8394.6
3380.82
1127
1873.86
1041.49
845.158
1317.33
1159.34
1841.72
1457.49
2132.01
3150.75
2002.5
1837.22
1111.55
812.496
1215.02
1225.19
964.613
1689.41
1656.64
2081.32
1183.31
2169.87
2406.05
4135.44
1549.77
1813.62
1926.15
1595.72
1373.59
2821.55
2034.56
1160.67
2322.81
465.261
743.97
317.554
683.883
1051.09
654.066
2296.11
2071.05
1638.82
967.305
2024.67
489.863
861.992
4468.6
1681.95
4636.78
3313.84
646.181
1232.04
998.116
1504.53
742.583
4268.77
1031.17
1568.99
926.21
2166.68
4565.16
1024.53
1558.35
2335.12
1576.51
1415.16
754.481
3132.46
956.218
1985.84
1242.43
934.433
1703.28
1847.44
1107.13
6978.06
1559.74
1597.38
1757.08
1133.14
6284.96
537.966
601.953
1685.88
3519.91
4408.28
3950.6
1492.19
2437.47
2585.2
3295.04
662.339
1517.28
1655.12
5574.72
1966.45
1471.47
1800.48
1663.44
1189.76
5104.32
1296.76
1088.93
1306.29
1157.98
746.599
1456.96
2725.17
1355.65
6643.12
3312.51
1452.72
1643.62
1809.85
4050.76
4063.56
2109.78
3840.13
3689.89
2590.24
1425.44
3978.41
3105.8
912.179
1214.83
525.45
1884.44
1294.65
3819.67
3384.74
2582
1750.7
1448.69
1411.56
1497.55
3810.84
1251.13
957.291
1283.16
3121.39
1399.93
1167.4
1213.16
2336.07
1371.17
7742.26
779.037
1043.72
1178.84
1080.79
1771.56
1206.94
3459.98
1978.85
5183.92
1693.36
889.695
1084.07
2469.67
3141.56
3105.7
1411.72
7765.04
2992.59
1330.51
5585.79
4908.78
1265.05
1903.45
3565.37
4055.09
2242.36
1700.62
651.226
3202.83
1639.1
1000.12
4812.58
2118.92
2708.02
2337.87
635.726
4002.51
5885.68
1842.27
956.566
2081.43
8878.85
841.472
1129.84
3631.6
793.058
3304.05
2300.98
1373.81
765.209
974.376
1467.56
1655.94
4178.31
1458.08
830.724
1027.41
2455.65
1107.47
500.517
2649.33
2346.64
1310.21
1963.42
1367.32
3261.53
806.091
821.163
1481.28
1202.08
3467.08
2599.71
943.119
1417.18
569.766
3309.61
4872.81
1714.13
1121.21
1381.36
7134.38
3050.68
1020.03
1393.94
running time = 865 seconds.
645.923
3668.19
1094.94
633.361
765.936
1996.28
1711.62
1433.5
2896.99
4181.41
1102.02
1186.22
3602.21
679.716
956.31
666.66
1697.34
1385.42
1632.17
2747.17
1955.48
5353.13
3638.21
1364.03
3819.81
1444.72
1282.77
4404.42
4510.42
1211.47
5026.17
5110.79
796.892
1065.38
3102.01
736.994
886.371
1084.95
7397.63
1900.9
2056.41
901.201
1651.96
4047.39
1752.76
715.13
1002.61
1310.62
2608.51
2085.1
3819.76
3445.35
2092.01
2534.42
3975.99
2374.17
860.957
1724.24
1565.75
1766.38
1369.01
1505.24
2395.99
788.278
1717.97
1435.85
1332.85
1840.48
1661.43
3976.6
1563.76
2068.94
1512.85
956.898
4007.71
1472.92
13898.9
6471.24
2540.89
833.398
1527.9
4306.58
4652.17
2586.43
3171.34
3690.91
1404.47
1115.33
1776.68
2351.21
2573.93
3085.64
1283.1
1768.39
3199.06
2859.31
987.834
1483.73
2099.31
2645.78
1520.49
878.886
717.062
1406.22
3119.95
537.453
1909.04
1222.13
5590.25
3503.58
1234.94
659.169
1484.38
4205.34
4272.75
4595.83
1189.92
551.309
1122.35
2425.58
1443.5
1749.79
1629.83
2226.27
3500.09
11632.2
1141.21
1850.5
1557.39
7663.3
1651.14
1790.62
6019.27
1650.11
2801.52
1426.05
2129.6
4808.75
2244.35
4013.8
2587.4
1176.86
1622.68
2479.47
2587.08
1907.65
926.82
1255.86
2295.3
502.946
3262.98
617.533
3465.66
2611.24
4135.58
791.05
695.447
760.517
1556.68
1184.08
3452.69
1446.16
1015.51
839.982
1375.15
2012.3
1276.03
1262.7
1610.64
3678.86
1085.91
4059.38
1480.42
2749.93
2779.91
1880.89
2007.17
1623.29
1137.75
2969.28
4180.34
601.862
1889.55
5366.45
706.93
3998.97
2826.4
7379.03
2501.14
1299.08
9625.14
1875.86
5187.53
779.163
376.832
1186.31
2395.14
1474.21
4304.94
317.423
1420.76
1877.57
4877.77
1188.19
4309.23
7260.95
4347.48
1315.74
2137.08
405.552
2091.72
821.689
3554.83
1029.91
1447.19
572.867
1225.57
1460.94
3161.4
2967.58
1783.67
7103.92
1381.26
3868.67
651.125
813.87
2310.78
2697.87
4955.52
1116.7
2384.56
2725.31
759.225
562.732
7165.56
716.572
1492.93
2098.05
1918.23
3147.94
2369.62
1628.65
879.595
1451.8
2742
1809.27
1132.54
3922.79
2750.93
1597.63
running time = 949 seconds.
