109.822
123.88
86.5975
97.3774
60.4425
165.057
167.833
119.385
36.1735
83.7374
123.765
89.7904
51.9719
29.9159
143.264
156.437
106.333
134.589
120.637
24.1024
134.431
46.6129
187.188
87.4893
97.0669
98.3551
57.8873
106.067
89.8034
36.9296
335.276
97.54
48.3861
45.674
72.6236
156.395
57.3475
47.6613
30.8805
37.1026
71.7136
107.588
72.6775
97.6932
106.02
57.3436
120.548
158.637
100.652
287.683
65.5912
77.5518
181.804
87.1663
113.827
96.3665
51.5173
251.595
263.478
239.077
56.4316
40.724
47.7822
139.19
84.827
85.7423
32.4991
53.7308
55.7264
218.935
81.3847
78.4706
237.608
45.5279
72.4591
100.826
95.6326
81.8551
154.284
49.1878
34.6837
64.2097
68.8697
245.949
55.1239
87.3409
50.762
205.878
381.531
140.332
101.271
74.0755
69.5482
37.4488
70.9301
90.1036
81.3781
77.2813
75.5181
45.2728
142.238
53.6857
248.758
88.0784
320.927
46.0534
168.902
147.671
113.898
132.326
19.8653
107.674
71.6048
473.547
126.986
74.4923
45.0874
65.9826
97.0873
63.3845
68.1264
175.698
118.003
99.6323
30.4748
132.286
41.4952
73.9422
37.354
124.791
192.942
113.414
116.312
31.4057
136.027
113.068
272.168
194.237
46.0739
54.9538
151.748
56.8345
22.27
90.4516
139.97
76.1445
45.2474
36.8387
77.1852
58.9542
289.196
33.0638
72.9991
29.2979
137.854
153.829
129.203
87.2323
74.798
322.656
43.2819
51.9308
62.14
53.4739
97.6215
52.604
35.1651
126.343
83.8034
229.731
135.168
35.7819
85.1469
164.028
57.2446
54.6044
61.5928
85.0927
131.96
149.458
29.6369
160.796
106.681
174.347
162.07
83.2221
96.9875
122.81
17.5957
114.117
81.5041
29.0045
197.127
59.9466
63.1378
66.9992
294.479
124.192
84.3293
19.3343
77.7852
93.9747
68.4172
227.962
26.2369
50.8715
114.861
24.249
90.7253
133.363
288.304
225.662
31.4168
59.4165
256.192
63.7196
184.98
109.751
168.161
61.3715
132.257
186.872
37.2805
94.7701
61.4408
42.827
57.2476
48.5483
186.285
26.902
167.598
97.4701
70.1182
42.8651
89.7615
102.131
62.8257
88.2486
90.4732
56.396
95.1236
45.5136
56.5313
96.3307
161.75
104.072
162.371
72.536
113.739
37.7445
running time = 2.11 seconds.
