73.4733
67.2212
126.619
23.8506
105.766
84.7311
80.6883
152.507
159.803
177.928
72.1409
78.7296
87.2096
120.73
48.7719
68.7666
117.72
41.7482
65.0819
52.1042
64.0772
164.901
39.6745
76.1595
45.1002
73.4076
104.832
107.173
84.1585
40.2569
176.653
35.2888
136.476
100.845
145.172
67.6657
164.289
167.351
98.971
79.8408
107.047
90.3205
67.5461
66.3933
121.226
47.8656
49.1936
77.9505
54.7851
79.0654
198.25
104.263
94.9789
22.331
83.1183
66.7478
182.333
80.2977
65.8471
109.289
48.3791
93.5221
97.8938
53.9809
53.117
72.7912
33.7941
33.3032
173.384
83.4085
80.2328
96.3083
169.632
50.0107
207.59
15.195
99.8643
75.4411
174.964
86.7433
191.091
163.308
37.5564
28.5941
97.5349
121.565
99.2343
308.256
66.7918
93.4647
58.5045
111.026
113.08
202.268
82.3526
144.116
33.2017
244.129
35.6129
223.757
148.194
46.8749
227.494
113.735
49.3011
112.664
119.658
134.829
53.1671
113.734
39.3632
62.7202
112.32
89.7151
108.357
66.4643
248.694
139.941
85.2417
88.6462
284.493
402.924
86.7198
45.3469
70.5465
94.2842
29.5282
26.8924
85.7403
92.5334
52.4885
90.7156
31.6353
181.188
117.082
130.956
30.6642
78.9205
105.806
169.08
233.139
70.4782
126.604
407.588
309.728
88.6723
88.2583
120.057
59.3947
57.1693
71.3918
79.043
76.5072
43.1277
148.729
118.304
62.1325
69.0468
45.3801
258.286
34.24
70.2884
141.499
145.244
93.3437
99.764
32.4349
49.558
56.7122
42.724
61.9111
209.108
24.7431
35.2324
81.7394
117.295
112.848
228.54
78.3879
102.142
106.108
120.488
227.914
34.5355
71.5546
49.1116
84.1254
80.4241
22.9133
67.745
147.224
47.6333
108.224
134.737
34.904
77.0883
86.7248
81.0877
160.555
384.879
97.761
43.1255
62.2227
122.801
39.707
154.307
118.451
44.8344
75.4601
49.4698
49.2632
71.4246
80.0203
105.261
48.612
106.962
118.8
79.029
91.358
67.2344
30.7517
151.564
127.881
144.211
120.836
87.6428
37.7507
32.8332
81.2872
114.233
144.998
369.152
255.228
61.5192
129.04
103.276
86.2107
122.87
39.7799
114.948
70.2166
230.043
132.94
176.586
146.693
70.5456
55.709
105.257
94.7107
85.7447
running time = 2.09 seconds.
109.822
123.88
86.5975
97.3774
60.4425
165.057
167.833
119.385
36.1735
83.7374
123.765
89.7904
51.9719
29.9159
143.264
156.437
106.333
134.589
120.637
24.1024
134.431
46.6129
187.188
87.4893
97.0669
98.3551
57.8873
106.067
89.8034
36.9296
335.276
97.54
48.3861
45.674
72.6236
156.395
57.3475
47.6613
30.8805
37.1026
71.7136
107.588
72.6775
97.6932
106.02
57.3436
120.548
158.637
100.652
287.683
65.5912
77.5518
181.804
87.1663
113.827
96.3665
51.5173
251.595
263.478
239.077
56.4316
40.724
47.7822
139.19
84.827
85.7423
32.4991
53.7308
55.7264
218.935
81.3847
78.4706
237.608
45.5279
72.4591
100.826
95.6326
81.8551
154.284
49.1878
34.6837
64.2097
68.8697
245.949
55.1239
87.3409
50.762
205.878
381.531
140.332
101.271
74.0755
69.5482
37.4488
70.9301
90.1036
81.3781
77.2813
75.5181
45.2728
142.238
53.6857
248.758
88.0784
320.927
46.0534
168.902
147.671
113.898
132.326
19.8653
107.674
71.6048
473.547
126.986
74.4923
45.0874
65.9826
97.0873
63.3845
68.1264
175.698
118.003
99.6323
30.4748
132.286
41.4952
73.9422
37.354
124.791
192.942
113.414
116.312
31.4057
136.027
113.068
272.168
194.237
46.0739
54.9538
151.748
56.8345
22.27
90.4516
139.97
76.1445
45.2474
36.8387
77.1852
58.9542
289.196
33.0638
72.9991
29.2979
137.854
153.829
129.203
87.2323
74.798
322.656
43.2819
51.9308
62.14
53.4739
97.6215
52.604
35.1651
126.343
83.8034
229.731
135.168
35.7819
85.1469
164.028
57.2446
54.6044
61.5928
85.0927
131.96
149.458
29.6369
160.796
106.681
174.347
162.07
83.2221
96.9875
122.81
17.5957
114.117
81.5041
29.0045
197.127
59.9466
63.1378
66.9992
294.479
124.192
84.3293
19.3343
77.7852
93.9747
68.4172
227.962
26.2369
50.8715
114.861
24.249
90.7253
133.363
288.304
225.662
31.4168
59.4165
256.192
63.7196
184.98
109.751
168.161
61.3715
132.257
186.872
37.2805
94.7701
61.4408
42.827
57.2476
48.5483
186.285
26.902
167.598
97.4701
70.1182
42.8651
89.7615
102.131
62.8257
88.2486
90.4732
56.396
95.1236
45.5136
56.5313
96.3307
161.75
104.072
162.371
72.536
113.739
37.7445
running time = 2.11 seconds.
60.9747
71.9129
77.9111
371.13
53.515
68.4334
37.4398
119.659
36.3469
409.44
49.0234
85.7795
77.7508
99.5297
80.6838
97.8296
54.589
73.1267
228.447
80.1339
63.3156
201.47
63.274
70.693
36.9625
54.014
114.08
59.8633
67.9701
97.2449
292.409
647.812
124.082
181.22
155.733
100.179
121.074
66.3493
68.9772
48.8116
50.2127
134.424
151.068
61.8659
181.78
290.374
205.663
82.2976
100.277
55.5245
115.295
179.683
238.387
41.1481
68.4553
177.324
52.9979
124.982
180.347
37.2703
30.8269
71.4017
194.585
89.411
172.357
56.1664
213.531
44.8054
58.251
232.615
96.611
164.442
39.4594
64.1524
160.486
99.7948
39.8291
375.931
246.084
131.597
81.8084
49.2612
116.072
24.5974
55.5405
69.9983
85.5427
129.254
107.191
145.39
71.0761
52.7011
35.5706
49.5219
66.4088
46.0401
139.416
46.5712
76.7659
114.087
84.0347
32.2536
88.6811
26.7055
33.8176
47.3994
134.9
125.473
246.636
96.6274
122.354
97.7869
71.4045
99.5632
95.2616
62.9584
50.6335
121.96
131.25
121.629
52.9445
87.495
74.3233
194.242
26.7211
116.402
201.966
56.3957
50.1755
192.427
129.347
110.839
47.19
93.8082
240.825
34.6994
15.9259
49.2759
143.405
66.9473
65.6458
32.6447
126.107
125.972
187.312
142.414
128.574
102.669
53.7111
93.8405
202.68
142.054
70.5916
126.489
174.599
336.044
100.412
38.5305
164.481
148.787
94.9129
71.9377
59.1662
177.352
82.6623
48.108
31.3981
122.902
68.263
82.3152
245.64
108.818
80.821
37.0127
74.698
89.7167
366.867
285.464
142.08
78.4775
57.4283
148.607
331.943
55.7053
45.3928
90.0935
81.0279
88.7376
89.7219
46.4818
42.0722
317.96
187.342
211.391
72.1113
111.521
99.2692
141.375
73.1541
33.902
97.1632
45.9262
51.1027
94.4878
42.4893
90.8534
66.5262
69.7858
35.4136
68.8378
87.6777
53.7713
24.5609
174.092
87.2686
57.8001
206.01
104.099
64.4783
100.698
183.501
110.369
210.595
101.999
52.7351
76.782
113.685
74.4943
62.6618
87.8228
101.409
113.314
70.1408
217.632
161.547
36.1836
41.1103
76.6837
78.394
66.7668
47.5748
321.328
129.902
81.8539
55.7693
87.6129
74.5973
81.9225
81.2953
87.479
running time = 2.16 seconds.
76.7263
40.0115
113.851
51.1477
183.242
77.2713
52.9609
102.941
376.403
145.531
86.6505
96.8354
41.9966
98.8047
46.9745
64.7019
37.1907
86.1061
114.611
95.7516
85.9108
140.126
180.487
79.4844
44.999
121.864
35.3701
72.0059
158.814
184.628
277.678
179.886
39.6664
56.5039
215.57
89.5431
212.095
139.528
42.9143
349.599
93.2679
99.3766
108.131
104.784
97.4373
33.7561
44.6697
103.6
33.0754
198.201
118.731
132.91
48.0338
85.714
198.142
204.04
101.068
37.3142
70.9899
49.9293
213.927
107.625
103.037
200.64
166.34
38.6445
67.9729
84.1618
183.578
46.8407
169.228
109.062
152.823
33.4305
94.3027
27.5525
50.6399
74.8078
225.189
41.3855
193.77
64.6082
412.358
59.1282
456.05
115.789
64.5412
103.513
120.289
213.16
72.3077
55.4849
25.7199
145.008
33.4673
110.637
79.1196
22.6425
119.242
194.723
31.4942
42.4335
92.2713
88.2665
59.1935
70.8846
142.54
66.2601
55.5858
80.7764
165.983
42.6683
294.231
34.9063
185
104.518
89.2558
134.458
79.9368
255.081
106.657
44.027
49.6007
187.169
180.035
138.991
76.0089
54.039
103.212
39.4708
145.094
73.0503
77.2672
104.225
44.1051
48.8818
141.679
46.7662
133.095
43.2423
250.484
92.0225
208.481
348.003
52.5834
38.7591
118.296
54.9896
91.6887
99.2817
267.282
84.3605
77.1957
110.446
95.6685
47.229
125.398
211.166
76.2167
192.029
58.3172
36.3616
160.939
126.534
114.929
84.2724
101.721
20.1212
73.7006
89.2291
60.7282
137.838
263.295
84.5356
105.03
80.5845
54.0594
170.203
81.8698
40.7004
353.416
86.5945
290.024
99.3616
179.486
74.7645
127.422
46.3946
571.88
209.87
41.8974
73.0717
231.805
58.463
68.3058
208.779
154.073
206.621
128.291
31.8747
30.4569
46.0961
40.33
136.517
278.526
119.896
93.8948
144.482
292.686
31.8719
109.577
52.6729
202.669
306.034
110.363
50.7438
134.353
90.5089
46.1479
50.0138
82.0797
219.266
265.533
71.0986
104.187
141.619
97.3332
53.1812
177.428
76.8046
359.537
95.2078
82.4856
105.688
116.607
117.551
163.275
156.569
453.919
46.3006
33.1422
215.875
64.4244
228.661
85.3096
159.165
265.481
40.8226
93.1482
55.3418
running time = 2.34 seconds.
