645.923
3668.19
1094.94
633.361
765.936
1996.28
1711.62
1433.5
2896.99
4181.41
1102.02
1186.22
3602.21
679.716
956.31
666.66
1697.34
1385.42
1632.17
2747.17
1955.48
5353.13
3638.21
1364.03
3819.81
1444.72
1282.77
4404.42
4510.42
1211.47
5026.17
5110.79
796.892
1065.38
3102.01
736.994
886.371
1084.95
7397.63
1900.9
2056.41
901.201
1651.96
4047.39
1752.76
715.13
1002.61
1310.62
2608.51
2085.1
3819.76
3445.35
2092.01
2534.42
3975.99
2374.17
860.957
1724.24
1565.75
1766.38
1369.01
1505.24
2395.99
788.278
1717.97
1435.85
1332.85
1840.48
1661.43
3976.6
1563.76
2068.94
1512.85
956.898
4007.71
1472.92
13898.9
6471.24
2540.89
833.398
1527.9
4306.58
4652.17
2586.43
3171.34
3690.91
1404.47
1115.33
1776.68
2351.21
2573.93
3085.64
1283.1
1768.39
3199.06
2859.31
987.834
1483.73
2099.31
2645.78
1520.49
878.886
717.062
1406.22
3119.95
537.453
1909.04
1222.13
5590.25
3503.58
1234.94
659.169
1484.38
4205.34
4272.75
4595.83
1189.92
551.309
1122.35
2425.58
1443.5
1749.79
1629.83
2226.27
3500.09
11632.2
1141.21
1850.5
1557.39
7663.3
1651.14
1790.62
6019.27
1650.11
2801.52
1426.05
2129.6
4808.75
2244.35
4013.8
2587.4
1176.86
1622.68
2479.47
2587.08
1907.65
926.82
1255.86
2295.3
502.946
3262.98
617.533
3465.66
2611.24
4135.58
791.05
695.447
760.517
1556.68
1184.08
3452.69
1446.16
1015.51
839.982
1375.15
2012.3
1276.03
1262.7
1610.64
3678.86
1085.91
4059.38
1480.42
2749.93
2779.91
1880.89
2007.17
1623.29
1137.75
2969.28
4180.34
601.862
1889.55
5366.45
706.93
3998.97
2826.4
7379.03
2501.14
1299.08
9625.14
1875.86
5187.53
779.163
376.832
1186.31
2395.14
1474.21
4304.94
317.423
1420.76
1877.57
4877.77
1188.19
4309.23
7260.95
4347.48
1315.74
2137.08
405.552
2091.72
821.689
3554.83
1029.91
1447.19
572.867
1225.57
1460.94
3161.4
2967.58
1783.67
7103.92
1381.26
3868.67
651.125
813.87
2310.78
2697.87
4955.52
1116.7
2384.56
2725.31
759.225
562.732
7165.56
716.572
1492.93
2098.05
1918.23
3147.94
2369.62
1628.65
879.595
1451.8
2742
1809.27
1132.54
3922.79
2750.93
1597.63
running time = 949 seconds.
