4431.41
2470.13
2508.18
5742.47
4512.18
8856.63
1775.87
2617.89
2197.03
2347.02
2339.77
4000.26
6972.07
4298.19
5728.62
8655.64
3856.59
2383.04
4718.21
1442.07
5773.28
4416.05
7382.53
3924.32
8382.23
2085.91
1774.42
3240.41
977.698
1485.04
3141.28
2695.8
2985.44
2653.02
2363.58
2960.2
3074.9
1705.91
4866.64
3397.84
4716.59
9098.94
7297.25
2547.74
5695.21
9243.12
9800.33
5029.99
1246.05
5427.27
7513.71
3138.48
8637.81
3165.93
10145.7
4432.78
3117.14
6974.07
1337.61
5702.75
1721.65
3186.79
9014.46
14279
8404.97
4740.66
2857.22
2735.37
5467.76
3206.36
1477.01
6107.03
6405.65
5987.37
4049.86
2074.88
2805.58
7242.99
3404.98
1214.49
1324.5
1983.95
3780.42
3543.31
2371.51
3455.46
1674.61
5223.58
2640.75
6145.6
2546.13
3925.84
1182.42
7735.2
6438.82
3535.97
3367.97
4617.95
2142.5
2296.4
1543.2
2648.47
7057.98
6434.53
3972.49
11000.3
2160.83
1440.08
3354.17
2646.39
6876.6
5138.61
2062.93
1665.01
1837.31
3816.91
3513.48
2117.92
5921.77
2439.62
6156.58
10549.7
11540
9689.85
4859.89
2103.6
2626.72
6750.78
2152.54
4057.85
2200.19
6055.25
6822.24
2281.15
2158.46
4281.02
3195.11
3613.6
3682.83
1111.37
7213.1
2632.26
7361.32
5548.98
1707.84
3916.34
4523.83
6412.75
2176.3
6448.21
4167.28
4210.46
1320.79
1709.31
4672.9
6503.77
2539.61
1202.07
4170.98
5647.28
5125.02
8252.94
6050.19
4049.74
3960.83
6803.49
3045.3
2084.23
3364.9
1944.45
1925.97
3057.12
6027
8079.37
2953.92
2133.66
8246.87
2396.61
2123.17
5660.97
1650.52
2258.51
7505.17
12898.5
1625.34
6041.35
7169.35
5734.36
2057.12
3830.93
3558.11
2567.72
1555.93
4401.64
3451.19
2836.85
7813.44
5580.22
6051.36
3723.88
2077.49
1570.64
4966.21
4618.1
4507.44
16321.6
2021.43
8407.72
5257.75
6953.07
3545.83
2122.7
3241.6
9499.04
3720.29
1210.41
1558.34
1847.77
3142.95
2499.74
1493.93
4879.69
2308.31
6619.48
4530.59
3336.64
2595.57
2773.02
2906.73
6645.76
2938.29
3204.19
8071.85
1472.71
2647.47
3775.33
1652.37
2644.4
2495.19
7378.99
3807.59
1357.3
4232.08
7801.39
3390.14
4359.42
4932.37
1667.08
1343.65
4967.88
running time = 3458 seconds.
5172.57
6759.61
2372.41
11622.6
5735.36
2422.02
1567.08
7041.1
4709.73
1251.92
4829.44
5065.77
4549.92
6783.54
3194.96
2476.57
991.824
3611.66
2332.61
3414.13
10221.7
3456.55
1452.3
3653.97
5311.21
1308.75
2079.63
2454.14
1870.13
6964.44
5454.34
3282.59
2404.64
4237.55
2942.52
3260.28
12904.6
4136.56
2903.24
5312.39
6017.81
1834.19
1658.76
3859.87
799.278
2198.97
7040.04
15065.9
1787.17
3042.52
5487.42
2815.9
2532.3
6253.21
3430.22
7832.11
6618.76
2461.69
2795.27
2868.69
2977.54
6664.63
979.073
5378.56
2839.67
9979.52
4024.67
8815.91
2320.05
2497.16
3073.99
6906.28
4861.97
2080.3
4831.02
7038.38
2631.44
3181.37
6700.74
16215.7
2113.16
11156.3
4901.2
6300.16
9447.25
8715.32
3534.73
3251.19
6776.2
1807.78
1818.89
6578.04
2220.01
6812.06
3541.82
1077.74
1584.69
1630.93
2991.87
1662.45
6275.09
5246.01
6996.21
3655.97
7130.26
6883.76
3359.11
3298.91
6587.55
2700.96
4942.16
2746.35
2859.97
1188.75
4048.64
6689.8
1754.99
1759.05
6970.71
3141.25
1876.03
5355.89
4991.1
1245.79
1343.46
2501.2
9180.34
3733.41
5010.6
3195.5
10769.4
2441.18
2391.35
6844.79
1803.39
3211.73
2768.97
3201.05
1328.86
1756.92
2340.89
9108.62
1928.93
5938.52
4851.53
1643.8
3318.02
4163.66
3942.18
3006.35
3893.48
3026.59
4696.56
4113.02
3784.5
2448.96
4405.04
4481.33
2207.95
4226.08
1075.28
3839.14
2596.62
14118.2
3461.84
2418.98
2202.74
1768.38
3514.9
4690.95
1989.31
2627.53
4499.11
1525.89
6844.09
3612.51
12425.7
1602.11
4243.58
1487.47
4521.79
5318.36
4226.64
4831.85
5627.1
8123.33
2438.5
5609.61
2460.25
8278.12
6778.22
1830.09
15853.4
4436.71
1920.54
2570.43
4560.16
1718.61
1763.93
3373.58
1987.99
5099.42
1930.58
3717.32
1952.5
3835.81
2654.29
4878.51
2883.62
3456.88
2875.92
6129.15
2587.64
5475.04
5323.13
1755.68
2221.21
2162.11
3778.7
2760.87
3637.29
2345.03
2560.55
3156.53
3969.64
2808.37
5041.86
1821.54
7240.35
3621.48
4120.45
8976.61
4684.59
12270.4
1808.37
2809.97
7056.5
4643.12
2368.2
1486.19
1286.48
1388.39
5780.24
2836.66
3409.88
3799.5
983.35
1884.42
4207.25
6164.15
running time = 3363 seconds.
2110.1
2351.89
3029.95
4319.12
1209.26
1406.08
5126.79
1709.96
1670.18
11001.3
7751.29
1885.65
5320.75
4543.6
2337.11
2451.2
4249.42
20320.6
2402.52
758.707
4253.59
2920.33
3340.35
1004.2
6578.85
3206.24
2122.38
7123.18
4605.61
3780.57
3375.92
2327.94
10069.1
2301.53
4101.08
4605.92
2062.54
3498.46
2706.17
1222.18
5256.77
9645.79
3829.21
1690.33
6878.58
3633.47
1572.31
2096.97
7176.32
5992.09
8745.68
6221.02
7817.81
6231.55
2442.83
2810.25
2835.4
1950.79
5073.17
2458.83
12191.2
2130.05
5624.73
7184.42
7150.27
2152.4
2521.22
1880.49
2275.77
4298.14
2112.21
3600.6
8766.5
2958.31
2884.5
5095.97
5526.76
6563.96
3077.78
10848.9
3267.44
4128.03
1786.07
4462.87
2782.37
5796.45
2626.61
2507.07
5388.18
3840.01
4136.32
10498.5
6620.35
8920.82
2216.09
4106.75
1391.6
6164.94
1537.08
3258.56
4667.43
2717.23
2847.96
4139.92
6419.91
4764.33
1840.23
7918.5
3003.51
3477.22
1621.65
5129.57
2480.36
7103.62
2216.51
4102.2
4975.81
3316.47
7396.93
13150
1816.7
3613.32
2194.03
3730.96
6884.97
11742.1
5267.24
2627.08
1962.29
5154.89
8237.79
4713.58
4485.75
7930.62
3767.15
2556.5
1480.44
6565.55
2970.41
5418.24
3681.31
2225.47
1449.27
2654.63
5398.75
4682.93
4845.64
2968.16
6218.74
3493.56
7645.11
1988.33
2854.76
8993.55
3376.01
2189.59
5885.95
7502.73
4706.87
2343.24
7770.31
5644.25
3819.83
5339.78
6468.01
2196.12
2776.53
4409.13
3805.57
9032.74
6138.24
1763.1
3410.29
1746.64
3772.27
2876.41
4795.84
2286.52
2006.14
4703
2312.56
3192.17
9884.91
14638
14700.6
1112.51
3421.03
3613.54
6873.03
4704.86
5883.2
3148.73
6089.12
12184.9
3671.94
2584.21
4558.88
8039.61
6828.37
6509.76
1155.31
1789.88
1862.61
1710.3
3270.79
3291.66
5020.03
4260.52
3301.08
1774.73
3134.53
3904.15
2894.98
7737.98
1600.43
6345.53
2636.59
5104.03
2989.77
4622.23
1576.92
4213.08
2039.67
4193.81
3994.79
3174.06
2564.76
3065.12
8565.96
3086.22
2691.53
11501.4
3236.59
4297.59
3198.59
10732.7
8179.35
2853.24
1331.14
2155.17
2387.14
3385.5
2496.1
6807.15
3325.62
1676.08
1224.87
6759.64
1772.48
7850.22
running time = 3596 seconds.
8262.67
3141.25
4233.91
1006.57
11075.1
4394.92
6482.89
4665.08
5491.33
2678.26
9992.16
2291.07
4834.22
4365.04
1994.69
857.914
9209.3
1764.94
3009.05
4940.74
1919.48
1809.66
5436.34
2268.75
1607.14
5821.24
2272.18
2206.03
2478.19
5472.3
2114.28
1609.58
3438.03
989.782
1760.47
3208.24
3885.38
7302.99
4811.69
4660.43
2268.13
5637.37
4541.86
1842.27
2437.3
4288.82
6010.16
1740.01
1286.31
2344.14
6144.02
1873.74
3092.18
5254.58
4020.03
1845.97
1871.49
1734.77
2187.77
1968.2
7047.11
2326.2
2357.43
2244.82
5151.7
4605.29
11666.2
1708.14
3442.4
2923.67
12533.2
2858.4
2355.2
2884.74
1347.17
2959.11
3501.17
1999.85
4053.3
7706.61
7242.92
2930.11
6306.65
4003.42
6020.79
2507.02
1178.1
1701.73
3111.13
7595.02
1789.13
2168.75
3390.87
2572.83
2038.82
3105.95
2605.02
6892.51
3624.67
1619.25
877.504
3281.76
5551.76
12183.1
2985.98
2707.72
3322.24
7727.55
3365.07
4309.03
7847.03
2235.88
4498.75
3134.23
6567.02
677.378
8895.62
3202.55
3784.36
3402.09
8677.46
1917.58
3277.64
5086.98
1790.66
2484.45
4017.18
1789.16
1986.59
4573.06
6328.1
11341.8
3102.99
5060.97
4916.15
3430.89
8151.67
1964.45
5983.36
1993.55
2645.28
6012.85
11047.4
6899.4
4154.03
2269.8
2493.24
2718.22
1444.57
2096.9
3089.54
5419.35
3028.74
1608.23
2969.42
3087.3
4161.15
9113.42
4361.29
3055.86
1544.85
2451.52
2434.77
6280.43
2510.32
7125.29
2279.34
4468.42
1678.83
3469.27
4235.35
1033.7
1419.93
6773.99
3565.12
3453.67
3198.66
8122.96
8352.06
1864.52
7824.05
1498.55
8345.97
2168.93
3904.69
13614.1
13091.2
3504.59
995.204
3353.3
2088.7
4123.87
3435
994.248
5460.68
2619.97
9596.27
1997.95
2940.92
6830.75
3904.67
4265.04
6755.29
5448.48
14957.2
3688.05
2347.04
802.954
13856.5
1974.91
7729.31
4684.67
4556.37
2717.27
2180.82
2393.72
4026.57
9400.43
4718.13
4698.76
6006.92
2744.66
3207.64
4069.38
3540.05
2777.79
1630.88
3511.49
15624.5
1485.65
5321.04
8297.45
10308.5
10414.5
1051.14
14184.5
3100.6
2002.93
4581.94
5160.04
1451.91
1838.75
4938.45
3539.33
2353.23
2609.23
6267.96
4468.66
7133.58
2081.71
running time = 3435 seconds.
