8262.67
3141.25
4233.91
1006.57
11075.1
4394.92
6482.89
4665.08
5491.33
2678.26
9992.16
2291.07
4834.22
4365.04
1994.69
857.914
9209.3
1764.94
3009.05
4940.74
1919.48
1809.66
5436.34
2268.75
1607.14
5821.24
2272.18
2206.03
2478.19
5472.3
2114.28
1609.58
3438.03
989.782
1760.47
3208.24
3885.38
7302.99
4811.69
4660.43
2268.13
5637.37
4541.86
1842.27
2437.3
4288.82
6010.16
1740.01
1286.31
2344.14
6144.02
1873.74
3092.18
5254.58
4020.03
1845.97
1871.49
1734.77
2187.77
1968.2
7047.11
2326.2
2357.43
2244.82
5151.7
4605.29
11666.2
1708.14
3442.4
2923.67
12533.2
2858.4
2355.2
2884.74
1347.17
2959.11
3501.17
1999.85
4053.3
7706.61
7242.92
2930.11
6306.65
4003.42
6020.79
2507.02
1178.1
1701.73
3111.13
7595.02
1789.13
2168.75
3390.87
2572.83
2038.82
3105.95
2605.02
6892.51
3624.67
1619.25
877.504
3281.76
5551.76
12183.1
2985.98
2707.72
3322.24
7727.55
3365.07
4309.03
7847.03
2235.88
4498.75
3134.23
6567.02
677.378
8895.62
3202.55
3784.36
3402.09
8677.46
1917.58
3277.64
5086.98
1790.66
2484.45
4017.18
1789.16
1986.59
4573.06
6328.1
11341.8
3102.99
5060.97
4916.15
3430.89
8151.67
1964.45
5983.36
1993.55
2645.28
6012.85
11047.4
6899.4
4154.03
2269.8
2493.24
2718.22
1444.57
2096.9
3089.54
5419.35
3028.74
1608.23
2969.42
3087.3
4161.15
9113.42
4361.29
3055.86
1544.85
2451.52
2434.77
6280.43
2510.32
7125.29
2279.34
4468.42
1678.83
3469.27
4235.35
1033.7
1419.93
6773.99
3565.12
3453.67
3198.66
8122.96
8352.06
1864.52
7824.05
1498.55
8345.97
2168.93
3904.69
13614.1
13091.2
3504.59
995.204
3353.3
2088.7
4123.87
3435
994.248
5460.68
2619.97
9596.27
1997.95
2940.92
6830.75
3904.67
4265.04
6755.29
5448.48
14957.2
3688.05
2347.04
802.954
13856.5
1974.91
7729.31
4684.67
4556.37
2717.27
2180.82
2393.72
4026.57
9400.43
4718.13
4698.76
6006.92
2744.66
3207.64
4069.38
3540.05
2777.79
1630.88
3511.49
15624.5
1485.65
5321.04
8297.45
10308.5
10414.5
1051.14
14184.5
3100.6
2002.93
4581.94
5160.04
1451.91
1838.75
4938.45
3539.33
2353.23
2609.23
6267.96
4468.66
7133.58
2081.71
running time = 3435 seconds.
