123.638
154.076
678.024
163.454
179.662
268.099
113.773
233.721
130.003
210.386
85.95
60.9398
207.392
266.648
279.242
487.82
131.487
88.6146
239.663
341.75
177.307
88.2509
181.694
217.435
104.4
92.2564
191.362
133.791
298.563
177.336
92.313
499.167
90.9238
190.135
164.301
150.685
292.363
394.484
307.665
187.951
147.492
124.334
557.972
99.5468
169.828
439.017
123.398
516.279
227.206
165.466
243.706
569.736
695.944
340.43
221.833
324.838
436.566
111.189
139.204
248.727
108.648
94.0512
97.5917
79.0669
240.149
369.976
179.026
181.727
223.596
213.991
268.174
156.857
246.264
139.997
157.628
147.271
117.758
156.57
285.877
316.912
532.629
248.223
150.134
280.952
162.66
328.057
76.6432
153.189
469.783
493.24
315.402
84.3868
135.473
78.9577
88.6545
296.082
381.009
76.5991
320.522
218.393
167.102
201.274
420.474
112.694
221.471
192.094
248.604
184.138
96.7315
381.267
234.123
82.146
539.066
452.62
174.103
697.685
110.702
177.749
80.0689
101.361
127.402
117.495
80.8591
174.018
137.903
138.461
83.7194
128.391
194.602
211.453
52.2849
87.0538
198.514
190.118
546.087
616.82
53.5425
192.338
241.15
111.236
141.472
189.997
783.304
206.282
257.46
324.861
78.3906
196.58
297.187
85.4973
124.881
72.9856
115.694
174.414
396.333
184.828
64.4751
304.246
264.806
659.681
263.121
145.298
54.7839
417.673
544.173
317.208
272.158
366.308
134.279
196.335
55.7019
43.3766
93.3644
173.228
33.7508
139.43
88.6452
113.968
390.565
180.089
127.439
120.427
324.761
103.095
90.8479
158.195
113.016
84.0803
104.804
391.019
386.587
85.9549
119.682
66.3684
167.936
68.4117
260.573
809.049
328.24
540.688
301.95
152.28
321.919
131.166
89.8195
115.926
460.222
326.139
134.948
128.477
67.4609
231.74
283.014
144.121
238.379
123.08
267.09
357.266
83.5744
105.051
172.529
84.3086
115.57
102.839
149.053
130.32
141.442
209.275
227.555
35.7415
100.574
69.4161
101.016
158.35
230.363
640.302
243.516
166.713
333.238
326.418
170.423
216.974
104.452
174.943
98.1051
308.391
289.394
301.705
64.5102
72.0964
running time = 8.84 seconds.
