2110.1
2351.89
3029.95
4319.12
1209.26
1406.08
5126.79
1709.96
1670.18
11001.3
7751.29
1885.65
5320.75
4543.6
2337.11
2451.2
4249.42
20320.6
2402.52
758.707
4253.59
2920.33
3340.35
1004.2
6578.85
3206.24
2122.38
7123.18
4605.61
3780.57
3375.92
2327.94
10069.1
2301.53
4101.08
4605.92
2062.54
3498.46
2706.17
1222.18
5256.77
9645.79
3829.21
1690.33
6878.58
3633.47
1572.31
2096.97
7176.32
5992.09
8745.68
6221.02
7817.81
6231.55
2442.83
2810.25
2835.4
1950.79
5073.17
2458.83
12191.2
2130.05
5624.73
7184.42
7150.27
2152.4
2521.22
1880.49
2275.77
4298.14
2112.21
3600.6
8766.5
2958.31
2884.5
5095.97
5526.76
6563.96
3077.78
10848.9
3267.44
4128.03
1786.07
4462.87
2782.37
5796.45
2626.61
2507.07
5388.18
3840.01
4136.32
10498.5
6620.35
8920.82
2216.09
4106.75
1391.6
6164.94
1537.08
3258.56
4667.43
2717.23
2847.96
4139.92
6419.91
4764.33
1840.23
7918.5
3003.51
3477.22
1621.65
5129.57
2480.36
7103.62
2216.51
4102.2
4975.81
3316.47
7396.93
13150
1816.7
3613.32
2194.03
3730.96
6884.97
11742.1
5267.24
2627.08
1962.29
5154.89
8237.79
4713.58
4485.75
7930.62
3767.15
2556.5
1480.44
6565.55
2970.41
5418.24
3681.31
2225.47
1449.27
2654.63
5398.75
4682.93
4845.64
2968.16
6218.74
3493.56
7645.11
1988.33
2854.76
8993.55
3376.01
2189.59
5885.95
7502.73
4706.87
2343.24
7770.31
5644.25
3819.83
5339.78
6468.01
2196.12
2776.53
4409.13
3805.57
9032.74
6138.24
1763.1
3410.29
1746.64
3772.27
2876.41
4795.84
2286.52
2006.14
4703
2312.56
3192.17
9884.91
14638
14700.6
1112.51
3421.03
3613.54
6873.03
4704.86
5883.2
3148.73
6089.12
12184.9
3671.94
2584.21
4558.88
8039.61
6828.37
6509.76
1155.31
1789.88
1862.61
1710.3
3270.79
3291.66
5020.03
4260.52
3301.08
1774.73
3134.53
3904.15
2894.98
7737.98
1600.43
6345.53
2636.59
5104.03
2989.77
4622.23
1576.92
4213.08
2039.67
4193.81
3994.79
3174.06
2564.76
3065.12
8565.96
3086.22
2691.53
11501.4
3236.59
4297.59
3198.59
10732.7
8179.35
2853.24
1331.14
2155.17
2387.14
3385.5
2496.1
6807.15
3325.62
1676.08
1224.87
6759.64
1772.48
7850.22
running time = 3596 seconds.
