462.703
512.508
942.322
673.904
1733.15
2018.17
2742.68
2866.08
511.771
920.732
1947.26
1464.53
634.083
460.171
973.613
850.044
2656.29
1280.81
345.272
1229.27
818.096
2486.95
1934.19
301.066
631.026
613.738
1019.13
440.517
317.281
1121.65
2406.83
1342.9
958.695
1464.03
1254.02
1211.76
2333.29
2009.31
731.24
1315.65
424.271
527.57
850.425
1192.96
729.308
387.638
664.813
1474
512.46
1626.24
440.008
717.09
1192.8
759.255
812.669
803.404
766.778
1447.07
1015.8
483.208
762.503
1174.61
699.981
959.488
277.589
1245.15
702.031
1605.37
2151.12
1121.32
1238.47
480.026
590.618
834.809
2158.41
552.064
678.077
605.086
2042.18
697.505
983.462
1034.01
1348.56
395.746
238.463
600.644
1002.69
763.448
1069.25
757.799
913.6
1045.77
739.746
1691.96
517.384
761.266
878.396
872.291
1174.37
1663.88
2050.02
1150.59
1262.76
4097.2
1588.25
1171.44
1161.47
510.201
1126.14
1589.66
784.714
2780.13
976.586
862.752
446.991
664.833
443.505
1532.13
514.965
1455.95
846.332
625.292
817.401
588.322
1592.01
1116.61
751.538
765.67
600.385
2169.94
1324.46
3600.01
1252
1070.21
412.464
948.016
665.803
1570.69
791.597
910.825
938.25
692.323
2785.55
2177.22
770.123
612.981
1188.56
2275.84
279.027
626.636
656.014
750.879
735.053
1050.89
821.53
470.938
1160.55
635.992
2685.84
436.128
1603.25
486.859
980.516
1741.6
1508.08
1524.4
1121.74
530.348
865.801
444.518
231.92
472.188
2352.39
1352.98
1274.12
1381.65
595.72
803.006
829.285
710.042
1051.3
695.361
1229.85
1593.12
1302.3
1212
877.936
735.134
491.26
987.241
1134.49
2772.32
1342.77
766.857
1168.49
347.909
625.794
2688.64
231.736
373.422
1969.83
520.872
1264.96
587.373
1215.57
1772.91
865.866
597.837
1034.33
704.821
450.812
1965.66
858.948
502.393
764.097
763.259
209.198
615.049
451.074
864.437
727.657
403.593
983.911
1348.29
884.898
1661.61
514.11
1557.37
677.326
1252.6
990.736
1629.55
1195.34
639.67
1271.29
1162.23
420.761
1263.39
210.618
421.898
1356.77
629.46
2461.68
1698.56
869.195
697.252
768.164
874.037
1056.3
447.388
running time = 213.07 seconds.
773.501
1344.77
1061.01
557.304
811.267
3645.06
496.147
294.513
2872.43
1210.09
816.557
3681.35
2259.1
576.678
1764.52
629.972
1218.67
705.842
753.131
1561.09
1371.66
746.056
421.451
643.095
1014.45
755.775
1510.09
621.739
501.037
1389.02
1418.58
1162.96
1545.67
664.929
159.219
1157.82
522.384
2118.01
1033.45
1912.42
645.411
2196.7
739.187
1283.45
224.137
514.469
745.018
1451.25
624.749
487.513
774.591
1129.84
811.861
1201.69
640.777
1455.79
490.469
1234.42
714.237
1291.19
694.398
2133.11
540.25
1110.41
1245.52
944.098
512.32
291.811
733.483
1611.23
331.85
826.724
899.454
1039.19
502.055
1598.13
862.114
4391.22
747.305
721.884
2533.9
1950.26
2078.59
310.97
1108.22
1436.43
1058.29
1901.28
348.752
2121.05
2040.85
622.97
709.392
1694.12
555.299
886.911
1439.05
298.922
1194.13
776.73
581.475
1186.2
818.418
532.363
498.288
1476.07
959.153
1785.26
1131.55
702.974
985.832
1691.68
695.019
460.462
894.238
393.639
1050.54
700.664
1960.87
680.666
405.955
1189.7
1332.75
637.018
522.464
1371.48
991.793
568.757
440.161
1437.77
393.032
369.641
1138.84
1568
263.838
1068.88
1123.79
1675.45
1389.93
293.438
641.332
1492.92
2123.4
1987.97
843.38
709.446
2109.96
428.582
488.855
1879.98
469.328
1184.54
1699.69
950.426
1262.59
962.089
2592.95
1084.3
641.554
2135.28
1254.82
619.597
2492.58
536.56
1207.94
1833.47
503.236
1300.29
721.684
562.519
1262.53
3689.08
516.731
1461.04
1056.97
438.315
2306.85
543.603
1809.02
980.938
496.344
508.336
1115.64
1754.78
453.62
401.332
550.285
972.271
2722.22
1171.69
726.975
2288.82
584.331
914.582
659.328
1361.87
445.105
2748.6
904.024
219.292
1704.91
588.207
643.548
806.96
554.598
1104.76
2546.6
1608.26
242.914
526.659
1650.69
888.582
1199.38
623.113
167.645
755.071
295.074
531.575
1403.51
265.044
921.843
930.896
417.26
875.25
1243.23
422.901
1929.44
598.917
1923.43
846.225
1160.85
591.028
392.126
2558.49
1179.37
781.456
762.001
1547.78
356.281
377.572
999.416
2422.25
500.803
601.346
1000.81
1023.39
1243
1614.91
230.204
1384.45
running time = 213.3 seconds.
773.501
1344.77
1061.01
557.304
811.267
3645.06
496.147
294.513
2872.43
1210.09
816.557
3681.35
2259.1
576.678
1764.52
629.972
1218.67
705.842
753.131
1561.09
1371.66
746.056
421.451
643.095
1014.45
755.775
1510.09
621.739
501.037
1389.02
1418.58
1162.96
1545.67
664.929
159.219
1157.82
522.384
2118.01
1033.45
1912.42
645.411
2196.7
739.187
1283.45
224.137
514.469
745.018
1451.25
624.749
487.513
774.591
1129.84
811.861
1201.69
640.777
1455.79
490.469
1234.42
714.237
1291.19
694.398
2133.11
540.25
1110.41
1245.52
944.098
512.32
291.811
733.483
1611.23
331.85
826.724
899.454
1039.19
502.055
1598.13
862.114
4391.22
747.305
721.884
2533.9
1950.26
2078.59
310.97
1108.22
1436.43
1058.29
1901.28
348.752
2121.05
2040.85
622.97
709.392
1694.12
555.299
886.911
1439.05
298.922
1194.13
776.73
581.475
1186.2
818.418
532.363
498.288
1476.07
959.153
1785.26
1131.55
702.974
985.832
1691.68
695.019
460.462
894.238
393.639
1050.54
700.664
1960.87
680.666
405.955
1189.7
1332.75
637.018
522.464
1371.48
991.793
568.757
440.161
1437.77
393.032
369.641
1138.84
1568
263.838
1068.88
1123.79
1675.45
1389.93
293.438
641.332
1492.92
2123.4
1987.97
843.38
709.446
2109.96
428.582
488.855
1879.98
469.328
1184.54
1699.69
950.426
1262.59
962.089
2592.95
1084.3
641.554
2135.28
1254.82
619.597
2492.58
536.56
1207.94
1833.47
503.236
1300.29
721.684
562.519
1262.53
3689.08
516.731
1461.04
1056.97
438.315
2306.85
543.603
1809.02
980.938
496.344
508.336
1115.64
1754.78
453.62
401.332
550.285
972.271
2722.22
1171.69
726.975
2288.82
584.331
914.582
659.328
1361.87
445.105
2748.6
904.024
219.292
1704.91
588.207
643.548
806.96
554.598
1104.76
2546.6
1608.26
242.914
526.659
1650.69
888.582
1199.38
623.113
167.645
755.071
295.074
531.575
1403.51
265.044
921.843
930.896
417.26
875.25
1243.23
422.901
1929.44
598.917
1923.43
846.225
1160.85
591.028
392.126
2558.49
1179.37
781.456
762.001
1547.78
356.281
377.572
999.416
2422.25
500.803
601.346
1000.81
1023.39
1243
1614.91
230.204
1384.45
running time = 213.64 seconds.
522.257
449.176
1176.3
850.472
863.679
351.738
591.58
1157.36
1196.65
1933.7
1225.36
2514.8
537.55
3844.04
977.267
530.976
373.261
813.367
672.856
1105.86
452.865
621.308
812.87
655.148
586.652
922.508
700.235
1446.05
392.67
1120.12
466.199
654.335
1871.42
1239.53
1025.08
1580.47
627.231
953.38
2252.57
1161.15
407.817
1416.02
1209.16
868.909
415.576
960.985
1063.65
1519.66
725.117
1995.91
1994.17
1335.26
227.868
514.606
1336.76
1989.44
1096.95
386.484
919.945
1565.61
2370.99
891.35
632.644
1088.51
1139.99
522.119
422.954
672.674
750.848
857.104
735.575
358.062
1019.01
1016.27
571.909
1016.83
283.712
578.194
718.056
807.184
751.354
688.996
1597.26
1084.77
535.793
501.304
1087.28
1101.47
534.438
765.182
2255.8
816.252
815.781
2813.73
3939.65
2438.97
1594.29
353.031
535.823
628.724
367.095
436.952
2000.12
2383.06
1180.48
1313.1
651.759
1203.22
834.503
2202.76
197.004
2909.92
1558.53
327.188
2036.12
310.614
600.646
628.955
239.28
795.299
469.493
2252.32
2498.23
628.055
1167.33
2578.73
2029.51
1135.93
932.111
1369.35
1155.82
438.995
1554.5
765.14
2038.98
1390.06
754.125
438.721
1390.21
1490.62
1573.48
1011.49
674.909
480.34
750.735
1859.3
334.345
497.021
260.808
1604.39
1076.75
479.614
394.57
445.406
698.627
848.651
2341.19
720.886
461.439
2137.29
878.127
359.404
1956.49
1919.54
1032.88
672.968
867.102
862.896
1113.48
689.356
1232.68
762.904
713.196
1362.1
217.919
756.557
2093.99
293.862
781.899
415.299
548.427
569.524
531.037
888.616
720.142
311.966
1876.06
973.841
1098.57
1334.04
792.898
513.886
633.082
847.52
329.55
934.626
1443.61
638.883
1130.35
1371.39
515.463
2160.29
293.573
1482.14
917.189
962.515
2354.97
801.968
399.429
1599.7
2590.55
746.419
677.747
420.562
501.191
608.159
3556.93
665.067
596.066
1059.85
867.555
587.831
428.402
1297
949.53
570.173
2043.79
312.325
1116.21
2372.08
582.569
490.272
2379.83
1031.86
1129.14
710.93
476.05
401.281
721.174
1622.25
426.437
671.171
897.33
2069.32
1334.45
832.128
495.431
576.457
474.12
619.726
running time = 207.88 seconds.
