10844.6
7958.3
11420.2
6266.33
19044.9
4527.36
11153.9
10122.1
12373.9
31449.6
4173.16
8882.96
9647.75
13674.2
20815
9452.3
9661.01
11228.3
7508.39
9648.54
10205.9
4399.2
4271.39
10303.2
7162.58
5701.98
18453.1
8970.91
12043.3
5587.45
8774.93
7725.15
7010.15
4456.56
8948.18
8803.52
3522.18
19050.8
7386.53
4765.75
26416.8
12507.1
9584.81
6311.26
9207.36
10069.2
5593.95
8892.64
6798.77
8795
10146.2
33093.2
6982.35
6412.98
20390.7
2932.45
9435.34
2782.93
7511.61
17166.8
7859.09
4683.92
9600.34
7529.77
24428.5
14828.4
11580.7
8280.64
6097.54
10178.7
6797.61
6541.03
4428.05
22118.6
7747.42
12067.5
6354.54
11740.5
4598.91
5898.85
6115.4
12240.2
16209.6
6808.05
12082.9
12628.6
14541.2
4022.92
5196.7
15483.4
21453.9
6774.83
12930.8
10959.8
11020.7
4740.93
7186.75
5248.12
19463.4
20174.3
6093
16157.2
30931.5
9356.67
10158.8
5521.07
5858.04
2467.85
4555.68
5465.68
3487.99
9230.39
5201.18
8030.23
4974.6
4402.66
10941.4
11762.5
7645.62
2366.65
8499.97
15064
3935.37
23339.7
7358.26
3715.41
10441.2
11913.8
8051.54
4153.5
11336.1
4928.14
5968.01
8481.59
5975.66
11849.5
6023.05
7105.77
3322.76
6137.64
6837.26
7410.64
10908
10223.1
4216.22
3330.48
4786.17
8597.07
7676.83
10108.4
2810.8
2731.46
3178.64
7879.97
5932.64
6487.52
31123.4
3413.22
4648.52
12272.3
13529.9
4152.82
9706.18
13603.9
12582.3
12389.3
9951.89
8033.59
6766.71
4632.91
3828.7
20252.7
8252.03
7574.67
5158.58
28025.5
18165.9
3966.09
9083.67
25896.2
5199.64
5617.85
10440.2
11148.9
4123.4
5382.6
2876.25
7897.18
29211.5
2875.93
9035.81
6046.07
11866.7
9059.69
5120.03
5618.9
24247.3
16845.8
26095.8
20003.4
18054.9
17062.2
5435.26
10824.6
19538.4
4531.93
10115.1
28196.8
3249.31
57751.9
7859.03
10023.4
2508.86
26630.8
24813.5
43835
24155.5
12422.9
5763.87
7260.32
27594.2
12516.9
12062.1
23437.8
14623.1
5910.55
9750.66
10195.2
6612.45
16769.3
4718.21
6045.15
3836.37
12170.1
7328.73
7604.79
7918.45
11054.3
21984.2
23330.7
4592.73
2854.44
5186.35
20846
27476.2
8618.67
9345.22
8573.44
5701.16
11964.4
running time = 21569 seconds.
