        18.414   8.000   0.100
        24.018  11.000   0.100
        29.622  31.000   0.100
        35.226  35.000   0.100
        40.829  57.000   0.100
        46.433  48.000   0.100
        52.037  54.000   0.100
        57.640  35.000   0.100
        63.244  60.000   0.100
        68.848  38.000   0.100
        74.452  41.000   0.100
        80.055  44.000   0.100
        85.659  43.000   0.100
        91.263  39.000   0.100
        96.867  31.000   0.100
       102.470  34.000   0.100
       108.074  41.000   0.100
       113.678  22.000   0.100
       119.282  27.000   0.100
       124.885  38.000   0.100
       130.489  16.000   0.100
       136.093  15.000   0.100
       141.697  19.000   0.100
       147.300  20.000   0.100
       152.904  15.000   0.100
       158.508  19.000   0.100
       164.112  11.000   0.100
       169.715   5.000   0.100
       175.319  13.000   0.100
       180.923   9.000   0.100
       186.527  12.000   0.100
       192.130   9.000   0.100
       197.734   4.000   0.100
       203.338   4.000   0.100
       208.942   7.000   0.100
       214.545   5.000   0.100
       220.149   4.000   0.100
       225.753   4.000   0.100
       231.357   6.000   0.100
       236.960   6.000   0.100
       242.564   2.000   0.100
       248.168   5.000   0.100
       253.771   9.000   0.100
       259.375   3.000   0.100
       264.979   2.000   0.100
       270.583   2.000   0.100
       276.186   3.000   0.100
       281.790   2.000   0.100
       287.394   2.000   0.100
       292.998   0.000   0.100
       298.601   3.000   0.100
       304.205   0.000   0.100
       309.809   0.000   0.100
       315.413   3.000   0.100
       321.016   1.000   0.100
       326.620   3.000   0.100
       332.224   2.000   0.100
       337.828   1.000   0.100
       343.431   3.000   0.100
       349.035   2.000   0.100
       354.639   1.000   0.100
       360.243   3.000   0.100
       365.846   0.000   0.100
       371.450   0.000   0.100
       377.054   0.000   0.100
       382.658   0.000   0.100
       388.261   0.000   0.100
       393.865   0.000   0.100
       399.469   1.000   0.100
       405.073   1.000   0.100
       410.676   0.000   0.100
       416.280   0.000   0.100
       421.884   0.000   0.100
       427.488   0.000   0.100
       433.091   1.000   0.100
       438.695   0.000   0.100
       444.299   0.000   0.100
       449.902   0.000   0.100
       455.506   0.000   0.100
       461.110   0.000   0.100
       466.714   0.000   0.100
       472.317   0.000   0.100
       477.921   0.000   0.100
       483.525   0.000   0.100
       489.129   0.000   0.100
       494.732   0.000   0.100
       500.336   0.000   0.100
       505.940   0.000   0.100
       511.544   0.000   0.100
       517.147   1.000   0.100
       522.751   0.000   0.100
       528.355   0.000   0.100
       533.959   0.000   0.100
       539.562   0.000   0.100
       545.166   0.000   0.100
       550.770   0.000   0.100
       556.374   0.000   0.100
       561.977   1.000   0.100
       567.581   0.000   0.100
       573.185   0.000   0.100
