        37.031   7.000   0.100
        47.361  19.000   0.100
        57.691  24.000   0.100
        68.021  42.000   0.100
        78.351  39.000   0.100
        88.681  53.000   0.100
        99.011  39.000   0.100
       109.341  38.000   0.100
       119.671  60.000   0.100
       130.001  51.000   0.100
       140.331  31.000   0.100
       150.661  39.000   0.100
       160.991  48.000   0.100
       171.321  27.000   0.100
       181.651  36.000   0.100
       191.981  38.000   0.100
       202.311  28.000   0.100
       212.641  27.000   0.100
       222.971  23.000   0.100
       233.301  15.000   0.100
       243.631  23.000   0.100
       253.961  21.000   0.100
       264.291  24.000   0.100
       274.621  14.000   0.100
       284.951  11.000   0.100
       295.281  16.000   0.100
       305.611   7.000   0.100
       315.941  13.000   0.100
       326.271  10.000   0.100
       336.601   9.000   0.100
       346.931  15.000   0.100
       357.261  14.000   0.100
       367.591   7.000   0.100
       377.921  11.000   0.100
       388.251   8.000   0.100
       398.581   6.000   0.100
       408.911   6.000   0.100
       419.241   7.000   0.100
       429.571   9.000   0.100
       439.901   9.000   0.100
       450.231   6.000   0.100
       460.561   4.000   0.100
       470.891   7.000   0.100
       481.221   8.000   0.100
       491.551   3.000   0.100
       501.880   5.000   0.100
       512.211   3.000   0.100
       522.540   4.000   0.100
       532.870   4.000   0.100
       543.201   1.000   0.100
       553.530   1.000   0.100
       563.860   2.000   0.100
       574.190   2.000   0.100
       584.520   1.000   0.100
       594.850   3.000   0.100
       605.180   2.000   0.100
       615.510   3.000   0.100
       625.840   3.000   0.100
       636.170   1.000   0.100
       646.500   0.000   0.100
       656.830   1.000   0.100
       667.160   1.000   0.100
       677.490   1.000   0.100
       687.820   0.000   0.100
       698.150   0.000   0.100
       708.480   1.000   0.100
       718.810   0.000   0.100
       729.140   1.000   0.100
       739.470   0.000   0.100
       749.800   0.000   0.100
       760.130   0.000   0.100
       770.460   1.000   0.100
       780.790   1.000   0.100
       791.120   0.000   0.100
       801.450   0.000   0.100
       811.780   0.000   0.100
       822.110   0.000   0.100
       832.440   1.000   0.100
       842.770   0.000   0.100
       853.100   0.000   0.100
       863.430   0.000   0.100
       873.760   0.000   0.100
       884.090   1.000   0.100
       894.420   0.000   0.100
       904.750   1.000   0.100
       915.080   0.000   0.100
       925.410   1.000   0.100
       935.740   0.000   0.100
       946.070   0.000   0.100
       956.400   0.000   0.100
       966.730   0.000   0.100
       977.060   0.000   0.100
       987.390   0.000   0.100
       997.720   0.000   0.100
      1008.050   0.000   0.100
      1018.380   0.000   0.100
      1028.710   1.000   0.100
      1039.040   0.000   0.100
      1049.370   1.000   0.100
      1059.700   0.000   0.100
