        51.069   2.000   0.100
        72.565   8.000   0.100
        94.060  11.000   0.100
       115.556  19.000   0.100
       137.051  24.000   0.100
       158.547  51.000   0.100
       180.042  52.000   0.100
       201.538  47.000   0.100
       223.033  41.000   0.100
       244.529  61.000   0.100
       266.024  56.000   0.100
       287.520  34.000   0.100
       309.016  48.000   0.100
       330.511  44.000   0.100
       352.007  29.000   0.100
       373.502  36.000   0.100
       394.998  34.000   0.100
       416.493  16.000   0.100
       437.989  42.000   0.100
       459.484  32.000   0.100
       480.980  31.000   0.100
       502.475  25.000   0.100
       523.971  24.000   0.100
       545.466  25.000   0.100
       566.962  19.000   0.100
       588.457  14.000   0.100
       609.953  12.000   0.100
       631.448   9.000   0.100
       652.944  11.000   0.100
       674.439   3.000   0.100
       695.935  15.000   0.100
       717.430  15.000   0.100
       738.926   6.000   0.100
       760.421   7.000   0.100
       781.917  10.000   0.100
       803.412   6.000   0.100
       824.908   5.000   0.100
       846.403   6.000   0.100
       867.899   9.000   0.100
       889.394   5.000   0.100
       910.890   8.000   0.100
       932.385   3.000   0.100
       953.881   9.000   0.100
       975.376   1.000   0.100
       996.872   6.000   0.100
      1018.367   0.000   0.100
      1039.863   5.000   0.100
      1061.358   2.000   0.100
      1082.854   0.000   0.100
      1104.349   0.000   0.100
      1125.845   3.000   0.100
      1147.340   0.000   0.100
      1168.836   0.000   0.100
      1190.331   0.000   0.100
      1211.827   2.000   0.100
      1233.322   2.000   0.100
      1254.818   2.000   0.100
      1276.313   0.000   0.100
      1297.809   0.000   0.100
      1319.304   5.000   0.100
      1340.800   0.000   0.100
      1362.295   4.000   0.100
      1383.791   0.000   0.100
      1405.286   0.000   0.100
      1426.782   0.000   0.100
      1448.277   0.000   0.100
      1469.773   0.000   0.100
      1491.269   0.000   0.100
      1512.764   0.000   0.100
      1534.260   0.000   0.100
      1555.755   0.000   0.100
      1577.250   0.000   0.100
      1598.746   0.000   0.100
      1620.242   0.000   0.100
      1641.737   0.000   0.100
      1663.233   0.000   0.100
      1684.728   2.000   0.100
      1706.224   0.000   0.100
      1727.719   0.000   0.100
      1749.215   0.000   0.100
      1770.710   0.000   0.100
      1792.206   0.000   0.100
      1813.701   0.000   0.100
      1835.197   0.000   0.100
      1856.692   0.000   0.100
      1878.188   0.000   0.100
      1899.683   0.000   0.100
      1921.179   0.000   0.100
      1942.674   0.000   0.100
      1964.170   0.000   0.100
      1985.665   0.000   0.100
      2007.161   0.000   0.100
      2028.656   0.000   0.100
      2050.152   0.000   0.100
      2071.647   0.000   0.100
      2093.143   0.000   0.100
      2114.638   0.000   0.100
      2136.134   0.000   0.100
      2157.629   0.000   0.100
      2179.125   2.000   0.100
