       191.444   4.000   0.100
       235.774  15.000   0.100
       280.105  29.000   0.100
       324.435  30.000   0.100
       368.765  27.000   0.100
       413.096  43.000   0.100
       457.426  40.000   0.100
       501.757  39.000   0.100
       546.087  41.000   0.100
       590.417  41.000   0.100
       634.748  37.000   0.100
       679.078  28.000   0.100
       723.408  37.000   0.100
       767.739  36.000   0.100
       812.069  25.000   0.100
       856.399  17.000   0.100
       900.730  40.000   0.100
       945.060  41.000   0.100
       989.391  27.000   0.100
      1033.721  29.000   0.100
      1078.051  21.000   0.100
      1122.382  26.000   0.100
      1166.712  20.000   0.100
      1211.042  11.000   0.100
      1255.373  26.000   0.100
      1299.703  10.000   0.100
      1344.033  15.000   0.100
      1388.364  15.000   0.100
      1432.694  13.000   0.100
      1477.024  10.000   0.100
      1521.355  10.000   0.100
      1565.685  15.000   0.100
      1610.016  16.000   0.100
      1654.346   6.000   0.100
      1698.676  13.000   0.100
      1743.007   6.000   0.100
      1787.337   9.000   0.100
      1831.667   6.000   0.100
      1875.998   6.000   0.100
      1920.328  10.000   0.100
      1964.658   6.000   0.100
      2008.989   7.000   0.100
      2053.319   6.000   0.100
      2097.649   3.000   0.100
      2141.980   9.000   0.100
      2186.310   7.000   0.100
      2230.641   4.000   0.100
      2274.971   6.000   0.100
      2319.302   8.000   0.100
      2363.632   2.000   0.100
      2407.962   0.000   0.100
      2452.292   1.000   0.100
      2496.623   4.000   0.100
      2540.953   2.000   0.100
      2585.283   1.000   0.100
      2629.614   5.000   0.100
      2673.944   1.000   0.100
      2718.275   0.000   0.100
      2762.605   1.000   0.100
      2806.935   2.000   0.100
      2851.266   1.000   0.100
      2895.596   7.000   0.100
      2939.927   1.000   0.100
      2984.257   1.000   0.100
      3028.587   4.000   0.100
      3072.917   0.000   0.100
      3117.248   0.000   0.100
      3161.578   2.000   0.100
      3205.909   1.000   0.100
      3250.239   4.000   0.100
      3294.569   1.000   0.100
      3338.900   1.000   0.100
      3383.230   3.000   0.100
      3427.560   0.000   0.100
      3471.891   0.000   0.100
      3516.221   0.000   0.100
      3560.552   1.000   0.100
      3604.882   1.000   0.100
      3649.212   0.000   0.100
      3693.542   0.000   0.100
      3737.873   0.000   0.100
      3782.203   0.000   0.100
      3826.534   1.000   0.100
      3870.864   0.000   0.100
      3915.194   0.000   0.100
      3959.525   3.000   0.100
      4003.855   0.000   0.100
      4048.186   0.000   0.100
      4092.516   0.000   0.100
      4136.846   1.000   0.100
      4181.176   0.000   0.100
      4225.507   0.000   0.100
      4269.837   0.000   0.100
      4314.167   0.000   0.100
      4358.498   0.000   0.100
      4402.828   1.000   0.100
      4447.159   0.000   0.100
      4491.489   0.000   0.100
      4535.819   0.000   0.100
      4580.149   1.000   0.100
