       337.214   5.000   0.100
       436.271   9.000   0.100
       535.328  12.000   0.100
       634.385  33.000   0.100
       733.441  22.000   0.100
       832.498  37.000   0.100
       931.555  46.000   0.100
      1030.612  52.000   0.100
      1129.669  36.000   0.100
      1228.726  56.000   0.100
      1327.783  39.000   0.100
      1426.839  40.000   0.100
      1525.896  33.000   0.100
      1624.953  31.000   0.100
      1724.010  33.000   0.100
      1823.067  42.000   0.100
      1922.124  51.000   0.100
      2021.181  28.000   0.100
      2120.238  23.000   0.100
      2219.294  25.000   0.100
      2318.351  23.000   0.100
      2417.408  33.000   0.100
      2516.465  12.000   0.100
      2615.522  20.000   0.100
      2714.579  11.000   0.100
      2813.636  21.000   0.100
      2912.692  20.000   0.100
      3011.749  16.000   0.100
      3110.806  12.000   0.100
      3209.863  17.000   0.100
      3308.920  10.000   0.100
      3407.977  11.000   0.100
      3507.034  11.000   0.100
      3606.090  17.000   0.100
      3705.147  10.000   0.100
      3804.204   6.000   0.100
      3903.261   5.000   0.100
      4002.318   9.000   0.100
      4101.375   7.000   0.100
      4200.432   3.000   0.100
      4299.488   5.000   0.100
      4398.545   4.000   0.100
      4497.602   6.000   0.100
      4596.659   5.000   0.100
      4695.716   1.000   0.100
      4794.772   3.000   0.100
      4893.830   2.000   0.100
      4992.886   5.000   0.100
      5091.943   1.000   0.100
      5191.000   0.000   0.100
      5290.057   4.000   0.100
      5389.114   2.000   0.100
      5488.171   0.000   0.100
      5587.228   6.000   0.100
      5686.284   3.000   0.100
      5785.341   0.000   0.100
      5884.398   1.000   0.100
      5983.455   4.000   0.100
      6082.512   0.000   0.100
      6181.569   4.000   0.100
      6280.625   2.000   0.100
      6379.683   1.000   0.100
      6478.739   0.000   0.100
      6577.796   0.000   0.100
      6676.853   1.000   0.100
      6775.910   0.000   0.100
      6874.967   5.000   0.100
      6974.023   0.000   0.100
      7073.081   1.000   0.100
      7172.137   1.000   0.100
      7271.194   0.000   0.100
      7370.251   0.000   0.100
      7469.308   0.000   0.100
      7568.365   0.000   0.100
      7667.422   2.000   0.100
      7766.479   0.000   0.100
      7865.535   0.000   0.100
      7964.592   0.000   0.100
      8063.649   0.000   0.100
      8162.706   0.000   0.100
      8261.763   0.000   0.100
      8360.820   0.000   0.100
      8459.877   1.000   0.100
      8558.934   0.000   0.100
      8657.990   0.000   0.100
      8757.047   0.000   0.100
      8856.104   0.000   0.100
      8955.161   0.000   0.100
      9054.218   0.000   0.100
      9153.274   0.000   0.100
      9252.331   0.000   0.100
      9351.389   0.000   0.100
      9450.445   0.000   0.100
      9549.502   1.000   0.100
      9648.559   0.000   0.100
      9747.616   0.000   0.100
      9846.673   0.000   0.100
      9945.729   0.000   0.100
     10044.786   2.000   0.100
     10143.843   0.000   0.100
