       620.335   5.000   0.100
       827.706  14.000   0.100
      1035.076  28.000   0.100
      1242.447  29.000   0.100
      1449.818  30.000   0.100
      1657.188  50.000   0.100
      1864.559  46.000   0.100
      2071.930  46.000   0.100
      2279.300  45.000   0.100
      2486.671  51.000   0.100
      2694.042  46.000   0.100
      2901.412  41.000   0.100
      3108.783  38.000   0.100
      3316.153  38.000   0.100
      3523.524  31.000   0.100
      3730.895  28.000   0.100
      3938.265  39.000   0.100
      4145.636  30.000   0.100
      4353.007  38.000   0.100
      4560.377  20.000   0.100
      4767.748  17.000   0.100
      4975.119  19.000   0.100
      5182.489  19.000   0.100
      5389.860  14.000   0.100
      5597.230   8.000   0.100
      5804.601   9.000   0.100
      6011.972  13.000   0.100
      6219.343  15.000   0.100
      6426.713  12.000   0.100
      6634.084  11.000   0.100
      6841.455  12.000   0.100
      7048.825   5.000   0.100
      7256.196   8.000   0.100
      7463.566   8.000   0.100
      7670.937   9.000   0.100
      7878.308   9.000   0.100
      8085.678   9.000   0.100
      8293.049   7.000   0.100
      8500.420   7.000   0.100
      8707.791  11.000   0.100
      8915.161   7.000   0.100
      9122.531   4.000   0.100
      9329.902  10.000   0.100
      9537.273   8.000   0.100
      9744.644   8.000   0.100
      9952.015   2.000   0.100
     10159.385   8.000   0.100
     10366.756   1.000   0.100
     10574.126   4.000   0.100
     10781.497   2.000   0.100
     10988.867   5.000   0.100
     11196.238   0.000   0.100
     11403.608   2.000   0.100
     11610.979   2.000   0.100
     11818.351   4.000   0.100
     12025.721   2.000   0.100
     12233.092   2.000   0.100
     12440.462   2.000   0.100
     12647.833   2.000   0.100
     12855.203   2.000   0.100
     13062.574   1.000   0.100
     13269.944   0.000   0.100
     13477.315   0.000   0.100
     13684.686   0.000   0.100
     13892.057   2.000   0.100
     14099.428   0.000   0.100
     14306.798   0.000   0.100
     14514.169   0.000   0.100
     14721.539   2.000   0.100
     14928.910   0.000   0.100
     15136.280   0.000   0.100
     15343.651   0.000   0.100
     15551.021   0.000   0.100
     15758.393   0.000   0.100
     15965.763   1.000   0.100
     16173.134   0.000   0.100
     16380.505   0.000   0.100
     16587.875   0.000   0.100
     16795.246   1.000   0.100
     17002.617   0.000   0.100
     17209.988   0.000   0.100
     17417.359   0.000   0.100
     17624.729   0.000   0.100
     17832.100   0.000   0.100
     18039.471   0.000   0.100
     18246.842   0.000   0.100
     18454.213   0.000   0.100
     18661.582   0.000   0.100
     18868.953   0.000   0.100
     19076.324   0.000   0.100
     19283.695   0.000   0.100
     19491.064   0.000   0.100
     19698.436   0.000   0.100
     19905.807   0.000   0.100
     20113.178   0.000   0.100
     20320.547   0.000   0.100
     20527.918   0.000   0.100
     20735.289   0.000   0.100
     20942.660   0.000   0.100
     21150.031   1.000   0.100
