      1730.860   6.000   0.100
      2191.542  12.000   0.100
      2652.223  29.000   0.100
      3112.904  33.000   0.100
      3573.585  25.000   0.100
      4034.267  40.000   0.100
      4494.948  55.000   0.100
      4955.630  53.000   0.100
      5416.311  57.000   0.100
      5876.993  28.000   0.100
      6337.674  32.000   0.100
      6798.355  41.000   0.100
      7259.037  33.000   0.100
      7719.718  40.000   0.100
      8180.399  38.000   0.100
      8641.081  39.000   0.100
      9101.763  27.000   0.100
      9562.444  22.000   0.100
     10023.126  20.000   0.100
     10483.807  27.000   0.100
     10944.488  28.000   0.100
     11405.170  15.000   0.100
     11865.851  21.000   0.100
     12326.532  18.000   0.100
     12787.214  23.000   0.100
     13247.896  20.000   0.100
     13708.577  17.000   0.100
     14169.258   5.000   0.100
     14629.939  11.000   0.100
     15090.621  12.000   0.100
     15551.302  14.000   0.100
     16011.983  11.000   0.100
     16472.664  13.000   0.100
     16933.346  13.000   0.100
     17394.027  11.000   0.100
     17854.709   6.000   0.100
     18315.391  11.000   0.100
     18776.070   8.000   0.100
     19236.752   3.000   0.100
     19697.434   5.000   0.100
     20158.115   3.000   0.100
     20618.797   4.000   0.100
     21079.479   6.000   0.100
     21540.160   3.000   0.100
     22000.840   7.000   0.100
     22461.521   4.000   0.100
     22922.203   0.000   0.100
     23382.885   4.000   0.100
     23843.566   3.000   0.100
     24304.248   3.000   0.100
     24764.930   4.000   0.100
     25225.611   1.000   0.100
     25686.293   3.000   0.100
     26146.973   1.000   0.100
     26607.654   1.000   0.100
     27068.336   3.000   0.100
     27529.018   3.000   0.100
     27989.699   2.000   0.100
     28450.381   0.000   0.100
     28911.063   1.000   0.100
     29371.742   2.000   0.100
     29832.424   1.000   0.100
     30293.105   3.000   0.100
     30753.787   1.000   0.100
     31214.469   1.000   0.100
     31675.150   1.000   0.100
     32135.832   1.000   0.100
     32596.514   2.000   0.100
     33057.195   2.000   0.100
     33517.875   0.000   0.100
     33978.559   2.000   0.100
     34439.238   0.000   0.100
     34899.922   0.000   0.100
     35360.602   1.000   0.100
     35821.281   0.000   0.100
     36281.965   0.000   0.100
     36742.645   1.000   0.100
     37203.328   1.000   0.100
     37664.008   0.000   0.100
     38124.691   0.000   0.100
     38585.371   0.000   0.100
     39046.051   1.000   0.100
     39506.734   0.000   0.100
     39967.414   0.000   0.100
     40428.098   0.000   0.100
     40888.777   0.000   0.100
     41349.461   1.000   0.100
     41810.141   0.000   0.100
     42270.820   0.000   0.100
     42731.504   0.000   0.100
     43192.184   0.000   0.100
     43652.867   0.000   0.100
     44113.547   0.000   0.100
     44574.230   0.000   0.100
     45034.910   0.000   0.100
     45495.594   0.000   0.100
     45956.273   0.000   0.100
     46416.953   0.000   0.100
     46877.637   0.000   0.100
     47338.316   1.000   0.100
