216 1.27652
245 0.99405
272 1.04804
228 1.14898
264 1.14774
224 1.23294
234 1.07407
270 1.0571
244 1.08052
262 1.02559
279 0.941893
251 1.1254
246 1.21264
273 0.930739
277 1.4464
226 0.874539
228 0.912937
285 1.13295
220 0.855693
270 1.0353
291 1.12668
255 1.1102
238 0.934461
237 1.05027
246 1.07983
241 1.15001
209 1.02101
237 0.994835
212 1.08108
297 1.1352
272 1.07897
271 0.968205
256 1.00303
226 1.14624
266 1.2353
237 1.23658
279 1.18282
250 1.0999
258 1.18889
254 1.04428
299 1.22796
246 1.07827
254 1.29437
259 0.987843
237 0.953634
277 0.937306
261 0.989414
305 1.33467
320 1.11738
246 1.05856
245 1.12026
236 1.06936
247 0.85481
265 1.07905
231 0.962173
230 1.06854
264 1.2709
285 1.08521
251 1.13398
248 0.98138
243 1.03291
249 1.07052
264 0.943856
228 1.24427
256 0.916369
287 1.12855
217 1.01039
252 1.14975
224 1.1781
284 1.0374
252 1.25009
229 1.19131
244 1.00978
268 1.08126
271 1.10791
248 1.07032
263 1.1225
237 1.06196
260 1.21177
233 1.17652
238 1.25252
274 1.24337
260 0.881438
225 1.03995
224 1.18441
288 0.998928
246 1.06348
252 0.985565
258 1.06757
229 1.05745
234 1.01729
262 0.82717
237 1.04378
272 1.11508
245 1.13984
224 1.16506
262 1.25284
231 1.01305
236 1.10922
238 0.975429
290 1.16154
235 1.08663
255 1.10489
245 1.27157
254 1.11599
214 1.28437
239 1.1154
272 1.20377
250 1.02828
288 0.930315
251 1.16082
243 0.968567
251 1.0249
323 1.25507
219 1.25396
284 0.857349
264 1.08483
235 1.15145
248 1.0336
236 1.07657
223 1.01989
261 1.16476
222 1.03931
235 1.1099
272 1.2745
257 0.930739
274 1.17587
254 1.1062
252 1.28253
234 1.02011
214 1.22842
263 1.0582
241 1.03501
242 1.01755
278 1.10427
228 1.16284
254 1.12694
224 1.28048
242 1.13801
218 1.09203
252 1.05732
253 1.20348
248 1.1098
233 1.25851
260 1.00248
242 1.06062
260 1.08887
253 0.91111
246 1.05265
242 1.13098
253 0.988083
252 1.30185
235 0.995436
243 0.970664
270 0.889881
261 1.15145
235 1.07645
289 1.15243
257 1.33796
248 1.12789
249 1.2933
225 1.3266
247 1.12752
236 1.31941
224 0.955147
277 0.936866
239 1.07494
256 0.95654
309 1.15557
266 1.19966
256 0.794837
257 1.15058
288 1.26563
285 1.11437
255 1.22497
236 1.10935
285 1.17484
259 1.2378
220 1.00591
208 1.07505
293 1.09414
248 1.06127
238 1.0791
224 1.13878
276 1.14087
243 1.03775
258 1.17679
240 1.00613
258 0.946583
253 1.04669
240 0.963855
206 1.18982
276 1.20725
285 1.02566
246 1.06309
270 0.760767
254 1.09015
247 0.924295
220 0.969884
271 1.03439
249 1.02932
248 1.35521
211 1.11022
237 1.19455
208 1.34748
295 1.02137
256 1.06514
253 1.1806
251 1.02759
261 0.990554
272 1.21054
265 1.26595
261 1.06575
291 0.971755
258 1.06442
235 1.1348
217 1.068
245 0.854394
264 1.17455
237 1.1843
274 1.2809
235 1.08106
273 1.22706
269 1.22634
262 1.07777
291 1.15811
267 1.25234
235 1.05143
259 1.10692
292 1.08068
256 1.17048
254 0.988966
319 1.03544
235 1.10999
239 1.11115
238 1.18087
257 1.19993
246 1.23726
258 1.10065
251 1.10358
301 1.00544
276 1.15871
209 1.2714
229 0.891109
246 0.982103
260 1.0977
231 1.15358
231 1.01327
267 0.880118
242 1.06902
241 1.10683
229 1.09766
316 1.10642
216 0.982875
229 1.14463
248 1.04532
260 1.18663
237 1.06416
260 1.01107
257 0.995099
255 0.98207
214 1.24071
282 1.13918
244 1.23305
293 1.10922
237 1.25992
239 1.01253
246 1.01914
265 0.980325
224 0.86969
264 1.04125
313 0.934399
234 1.23988
289 1.22429
279 1.01488
244 1.25284
240 1.1062
265 1.22615
239 1.16476
270 0.916816
209 1.173
257 1.10457
239 1.05469
270 0.973424
248 0.995247
218 1.13229
245 1.15369
247 0.88507
229 0.989084
269 1.05491
238 1.01988
259 1.17929
253 1.04064
239 1.11877
251 1.22073
223 1.1049
252 1.06024
233 0.96709
211 0.919986
277 1.09827
217 0.950397
223 0.981396
242 0.960913
271 1.14821
227 1.05259
287 1.10782
223 1.16439
234 0.904782
248 1.11586
237 1.11039
233 1.02025
259 1.11884
247 1.07433
239 1.33872
251 1.05389
201 1.0727
206 0.940365
257 1.09926
179 1.21505
235 1.26254
252 0.999888
253 1.09518
272 1.03349
227 1.12524
238 1.05488
282 1.33041
294 1.16002
260 1.07707
237 0.978003
251 1.11618
238 1.05607
284 1.00452
230 1.00355
271 1.0674
226 1.28669
250 1.22898
271 1.11171
238 1.19169
297 0.99591
260 1.02094
220 1.05904
209 0.856297
246 0.996774
207 1.11314
265 1.04115
247 0.828265
224 1.00924
252 0.988187
248 1.16411
261 1.31555
236 1.11083
233 1.18114
244 0.990597
262 1.071
248 1.04758
264 1.21408
287 1.01801
255 1.137
264 1.1477
260 1.07134
269 0.928299
244 1.04437
276 1.20766
225 1.23579
252 0.964006
297 0.916007
247 1.04697
254 1.02097
259 1.10346
271 1.15355
227 1.12305
235 1.03318
242 1.05215
276 1.01053
263 1.3516
260 1.17995
292 1.45165
214 1.21574
223 1.37017
305 0.983463
261 1.18189
289 1.19586
294 1.1075
245 1.28403
255 1.02235
273 1.26607
272 0.937208
257 0.820208
301 1.06936
241 1.17429
259 1.09434
244 1.26275
247 0.994018
225 1.02772
244 1.06526
228 0.962049
223 1.15001
259 1.09451
280 1.02973
255 1.09852
245 0.84063
258 1.10421
250 1.0639
236 0.997852
244 1.06833
242 0.984408
226 1.09705
270 1.00881
268 0.926913
271 1.22821
271 1.23124
278 0.995247
232 1.14349
263 1.01845
249 1.09051
225 1.20023
251 1.32694
243 1.00629
232 1.19298
240 1.35135
249 1.01798
277 1.03611
223 1.06458
248 1.02636
235 1.12855
248 1.33861
222 0.785398
239 1.27746
250 1.08869
292 1.21486
255 1.02131
254 1.09214
278 1.12791
228 0.970802
274 0.97811
258 0.97161
266 1.22576
263 1.01458
260 1.07303
251 1.14739
267 0.908182
282 1.12789
233 1.03377
235 0.938299
270 1.19696
246 0.935727
226 1.03691
258 1.06984
242 1.22788
273 1.01146
237 0.928969
303 0.951941
256 1.03196
253 1.1102
257 1.13059
181 0.836324
236 0.887384
232 0.998811
253 0.93151
238 0.838772
251 1.17559
262 0.906478
277 1.12698
267 0.931204
229 0.965925
240 1.05218
257 1.11583
268 1.03751
256 0.958817
249 1.07263
231 0.931059
235 1.03794
268 1.11705
206 0.957003
257 1.04384
249 1.13177
252 1.24522
246 1.1182
249 1.21077
272 1.00742
259 1.37454
213 1.00834
285 0.999505
252 0.914447
247 1.24119
222 1.12873
246 1.22473
257 1.20487
275 1.05718
237 1.14409
240 0.919398
263 1.14142
263 1.07661
253 1.04218
231 1.08474
289 1.03065
244 1.13001
218 0.976786
245 1.13313
243 1.18638
238 0.984382
216 0.920866
325 0.929425
244 0.920806
227 1.11216
273 1.06211
211 1.18098
235 1.27932
252 0.99947
284 1.11949
218 0.956835
251 1.17428
276 1.17493
243 0.924151
240 1.18628
198 1.21488
229 1.10467
236 1.31602
263 1.15766
214 0.924197
214 1.03733
240 1.17362
281 1.00865
266 1.0253
239 1.22051
274 1.02303
223 1.1559
221 1.11576
228 1.30869
235 1.11791
223 1.23579
241 1.0651
277 1.11698
248 1.17509
256 0.892807
240 1.05629
229 1.19008
225 0.959683
283 0.934759
242 1.02906
250 1.07044
279 1.00133
268 1.09482
230 0.962754
260 1.1152
219 1.09997
278 1.10346
242 1.17046
230 0.991433
265 0.995
235 1.03953
274 1.13215
210 0.994609
257 0.961787
236 0.941264
253 1.02127
215 1.16441
222 0.884607
251 1.16223
271 1.22652
287 1.13927
235 1.42053
253 0.967545
254 0.910796
252 0.811335
277 1.13705
262 1.07681
245 1.16404
229 1.21426
233 1.19849
268 1.1202
252 1.00494
256 1.02272
224 1.2563
255 1.15641
275 1.17297
243 0.91016
213 1.28731
234 1.12369
297 1.07183
282 1.1167
288 1.06725
243 0.902967
225 1.10589
233 0.969658
248 1.03316
316 1.18441
233 1.03775
220 0.866769
250 1.02891
265 1.18281
274 1.13354
247 0.900794
216 0.968039
251 1.04923
232 1.14749
260 1.09936
257 1.0441
272 1.14015
245 0.930202
290 1.12466
273 1.0933
264 1.39513
253 0.899537
246 1.16289
278 1.09525
253 1.07544
250 1.26506
244 0.951075
245 1.051
291 1.07812
248 1.06143
281 1.16122
287 1.14559
281 1.16979
255 1.08006
281 1.06065
259 1.02643
243 1.19993
259 1.08492
241 1.00212
225 1.11799
287 1.07197
262 1.18979
302 0.991638
272 1.05265
275 1.39978
248 1.23759
260 1.23882
255 1.12393
250 1.09157
308 0.959924
255 1.1254
245 1.11812
279 1.12883
234 1.09268
262 1.22116
236 1.14532
214 1.29231
261 0.884397
250 1.13475
238 1.09252
237 0.800632
257 1.36884
233 1.13089
237 1.1363
256 1.13065
239 0.85688
243 1.10913
234 1.16071
273 1.10067
292 1.21408
294 1.11283
280 1.24292
269 1.10463
228 1.12318
261 0.969841
284 1.06375
263 1.01016
281 1.10575
247 1.04194
248 1.0738
252 1.09444
234 0.993743
267 1.1558
257 1.14418
295 1.11485
256 1.0682
259 1.17206
235 1.06588
249 1.04505
262 1.04749
254 1.26259
233 1.06874
268 1.13339
267 1.00972
249 1.03143
284 1.34931
255 1.14509
233 1.12427
254 1.2485
250 0.981125
255 1.06148
232 1.15488
236 1.0286
235 1.00834
243 0.978369
216 0.903808
223 1.05492
269 1.01945
218 0.927596
253 1.19453
245 1.09633
259 1.10074
234 1.05515
272 1.15518
231 1.04889
243 0.949279
247 1.17072
276 1.12238
263 1.02882
254 0.892028
224 1.01162
260 1.17046
280 0.989271
219 1.06546
221 1.26438
291 1.12215
233 1.13705
240 1.01077
288 1.30632
288 1.06454
286 1.0987
250 1.12597
214 0.873381
263 1.23832
271 0.879828
201 1.25446
261 1.24241
220 1.11509
232 0.989374
260 1.18536
244 1.03477
253 1.32107
235 0.964122
255 0.963172
244 1.06046
243 1.00833
273 1.17167
266 0.946233
245 0.958516
250 1.17548
276 1.1468
273 1.08717
247 1.04747
251 1.13059
246 1.24793
266 1.04003
217 0.910725
247 1.11445
269 1.18153
243 1.07414
276 1.07169
271 1.07928
234 0.909614
263 1.00651
248 1.00537
219 0.996416
242 1.0442
231 0.892624
213 0.956714
273 1.08605
266 1.08429
244 0.913669
228 0.908618
288 1.05743
248 0.927462
227 1.1352
255 1.00682
244 1.04158
227 1.09201
294 1.08583
240 0.86157
268 1.16378
247 1.11413
290 0.992875
298 1.04854
284 1.20945
224 1.18443
226 0.952766
282 0.966572
224 1.19617
255 1.11465
289 1.14378
217 0.967803
244 1.09027
249 1.14694
257 1.15283
225 1.12033
217 1.1569
260 1.00204
234 1.08797
237 1.07743
264 1.01009
273 1.08207
248 1.08383
261 1.12611
265 1.37501
243 0.988577
266 1.09134
263 1.12846
280 0.992618
275 0.934759
273 1.07946
266 0.921472
217 1.21724
238 1.14718
251 0.868591
261 1.15366
237 1.06984
252 1.08656
278 1.19737
283 1.18283
264 1.11303
262 1.21344
262 1.14181
295 1.08319
241 1.06058
267 1.14298
271 1.12688
232 1.04324
291 1.13469
234 1.28601
283 0.874086
282 1.41697
243 1.19042
266 1.17995
270 1.15249
282 1.00076
249 1.26541
220 1.11599
255 1.06022
262 1.09795
249 1.06145
281 0.963172
266 1.00881
258 0.979628
271 1.2351
299 1.12023
218 1.14804
227 1.06437
306 1.24828
234 0.960469
241 1.03898
247 1.2486
277 1.16261
265 0.981612
268 0.972413
220 1.41777
241 1.14914
265 0.989618
243 1.04576
221 1.15808
271 1.03148
240 0.948283
248 1.15217
224 1.00635
245 0.888708
233 1.10912
279 1.08593
245 1.0332
254 1.09514
302 1.17941
228 1.19427
265 1.36347
283 1.24806
268 0.947891
272 1.07115
234 0.947574
206 1.24729
249 1.14708
238 0.982149
249 0.932276
244 1.08412
245 1.27519
247 1.01609
250 1.14804
301 1.10053
253 1.0357
273 1.14815
249 1.15581
243 1.16986
249 1.07269
245 0.912232
303 1.13653
257 1.08551
223 1.17204
222 1.0868
279 1.22387
294 1.1111
282 1.14117
251 1.08332
275 1.21113
270 0.955027
231 1.10162
277 1.16179
249 1.06473
246 1.09464
275 1.01433
244 1.05281
288 1.20231
261 1.10804
249 1.11052
275 1.15623
239 1.11972
269 1.20525
233 1.04133
261 0.953343
247 1.12695
247 1.01497
247 0.993263
283 1.14145
288 1.1193
274 1.20492
251 1.0497
308 1.23381
266 1.18623
246 0.950547
256 0.880569
224 1.26635
246 0.916185
240 1.15929
252 1.12995
237 1.07367
245 1.13734
278 1.26535
247 1.03898
261 0.944349
239 0.979039
226 0.943728
279 1.05599
252 1.03271
248 1.09629
203 1.15078
222 0.960382
275 1.00285
266 1.08702
284 0.957536
254 1.10855
252 1.02292
245 1.12833
268 1.2273
231 1.13403
270 0.943018
265 0.880432
273 1.23325
204 0.824022
231 0.939729
219 1.0725
260 1.00871
262 1.10324
253 1.04481
252 1.06984
228 1.11776
250 1.12773
237 1.13994
236 1.03941
263 1.35859
244 1.29202
298 0.946919
236 1.02114
284 0.936734
274 1.29704
281 1.22649
200 1.06077
233 0.975177
245 1.14684
242 1.05369
259 0.908235
230 0.874539
247 0.983884
229 1.26503
213 1.04377
278 0.924525
246 0.929156
269 1.12964
266 0.944237
264 1.00871
280 1.0157
188 0.910531
254 1.10305
241 1.09067
245 1.15149
251 1.01253
259 1.32017
259 1.02255
267 1.03318
260 1.35469
259 1.12225
276 1.29362
264 1.08955
293 0.979232
240 1.20828
256 0.977356
242 0.957536
258 1.16413
261 1.06027
257 1.18374
265 1.22546
242 1.08483
248 1.0987
249 1.1847
303 0.82747
267 1.0712
210 0.977086
264 1.07955
243 1.0625
236 1.27725
237 1.27069
238 0.936252
