142 1.04925
102 1.26905
141 0.807672
104 0.902222
137 0.914518
132 1.02407
98 1.24751
153 0.975802
126 1.1196
136 1.22754
139 0.880499
115 1.08126
131 1.01988
102 1.14758
103 1.08893
152 1.14778
120 1.38465
121 1.04246
127 1.00225
134 1.2076
149 1.37534
151 1.18491
97 1.13418
105 1.3734
130 1.23922
165 1.2423
125 0.956707
94 1.04333
123 1.35239
88 1.20834
126 0.938577
98 0.917201
128 1.10633
139 1.07167
124 1.19518
116 1.02166
115 1.05464
136 1.11579
142 1.03953
105 1.03303
122 1.50963
143 1.07625
149 1.29045
150 0.977315
142 1.31845
119 1.35027
99 1.07662
118 0.941853
112 0.866704
152 1.15384
148 1.0414
122 1.33097
127 1.2767
134 1.12429
109 1.2393
119 1.13351
112 1.19136
99 0.87864
139 1.49001
131 1.19884
120 0.821376
97 1.32748
117 1.37111
111 0.959742
120 1.42119
145 1.0414
133 1.18125
115 1.55303
129 0.945793
108 1.24905
128 1.07399
139 1.16158
105 1.29695
145 1.14909
113 0.963643
132 1.12914
132 1.09083
121 0.971803
118 1.1475
137 0.95253
114 1.22135
110 1.22373
126 1.19941
137 1.03969
107 1.00743
151 1.08212
130 1.03086
106 0.725724
119 1.13351
112 1.10715
139 0.997168
119 1.07789
150 1.12133
119 1.07865
139 1.22707
127 1.50206
122 0.900471
136 1.08346
126 1.06472
132 0.920077
138 1.08052
124 1.35673
122 1.13292
124 0.893173
111 1.22075
108 1.2848
116 1.50937
108 0.886171
123 1.31667
118 1.01914
140 1.09214
140 1.1781
114 1.20223
130 1.24619
115 1.3143
111 0.983233
127 1.45814
142 1.20122
153 0.95474
133 1.32524
112 1.20638
126 1.08113
120 1.115
136 1.24381
130 1.06936
147 1.19003
142 1.42344
100 1.05813
122 1.18174
150 0.970782
148 0.986108
107 0.951613
119 0.996031
151 1.36872
138 1.2934
83 1.14176
154 0.945849
138 0.858812
123 0.928265
113 1.28912
113 0.904429
102 1.41793
133 1.10158
111 0.930463
114 1.06908
133 0.807672
126 0.908669
148 0.990108
116 1.16095
127 1.03013
97 1.28123
123 0.917648
125 1.04089
130 1.27934
116 0.899173
154 0.970654
116 0.997885
112 1.44856
125 1.22982
129 1.06579
132 1.30388
118 1.26106
130 0.877875
114 0.908669
115 1.0987
121 1.17054
128 0.918739
163 0.953599
127 1.03416
112 1.25335
132 1.1201
154 1.18434
124 0.929334
137 0.997168
122 0.944079
109 1.2046
128 1.12411
135 1.12913
125 1.08272
114 0.979475
108 1.02417
146 1.31947
122 0.812397
130 1.01435
109 1.54264
139 1.15972
110 1.04417
143 1.0312
111 1.10394
146 1.04675
126 0.908669
98 1.09138
135 0.923069
149 1.15277
106 0.807596
133 0.996503
125 0.905552
116 1.0687
153 0.861907
103 1.09036
117 1.32748
131 1.03624
143 1.05668
114 1.02789
120 1.11974
127 1.03498
131 1.00699
161 1.04759
130 1.05661
132 1.34033
143 1.29898
112 0.935099
124 0.765486
141 0.996085
131 0.849261
111 1.05308
150 0.82682
149 0.8193
103 0.841397
104 0.886879
122 0.968221
110 1.28916
126 1.262
123 1.19011
94 0.891936
144 1.00241
162 1.03231
127 1.22645
117 1.29349
115 0.929823
137 1.04969
113 1.20872
140 1.17625
102 1.16483
106 0.891392
149 1.26045
121 0.919599
117 1.08837
132 0.730939
121 1.00593
129 1.23527
125 0.846425
151 1.4976
110 0.816969
119 0.858096
105 0.992462
118 0.845072
130 0.997416
142 1.01996
120 0.842447
119 0.841667
113 1.12651
102 1.09975
114 1.08736
97 0.996503
140 1.10715
111 1.02872
162 1.25445
154 1.11697
126 0.990517
112 0.968221
108 1.25383
125 1.26118
134 1.2639
129 1.09241
128 0.919687
142 1.31119
137 1.00225
160 1.11126
125 1.09241
137 1.17679
112 0.718438
103 0.975584
143 0.8681
144 1.16483
141 1.24165
167 1.08212
126 0.984408
117 0.938478
125 1.13379
126 0.910195
132 1.12604
106 0.861494
113 1.06475
126 1.13292
145 0.956696
127 0.9643
138 1.00087
133 1.12795
144 0.871182
126 1.03553
115 1.51121
112 1.07767
136 1.29677
108 1.17995
119 1.28123
109 1.18566
133 0.911509
128 1.25876
114 1.08679
127 1.13582
146 1.13714
114 1.22548
141 1.29738
106 0.990108
112 1.03881
103 1.30265
115 1.3934
124 1.34846
164 1.29861
152 0.80176
121 1.06143
106 1.24708
155 0.919231
134 1.13439
118 0.982133
132 1.17551
126 1.07032
119 1.03933
118 0.734368
115 1.03744
114 1.09765
130 1.19313
133 1.25898
127 1.03379
129 1.02087
101 1.14817
100 1.06381
127 1.00956
112 1.08971
111 1.21788
106 1.28193
133 1.13998
102 1.432
108 1.00711
123 1.18306
118 1.08712
147 0.817077
134 1.01655
132 0.880937
115 0.831804
150 1.36568
96 1.39139
140 0.875569
122 1.02054
114 1.15399
132 1.06613
115 1.33373
108 1.02049
141 1.42995
108 1.02674
128 1.05469
121 1.15528
124 1.0133
124 1.06908
123 0.972337
122 1.45952
119 0.929771
101 1.23043
134 1.07767
116 0.892959
105 0.991478
150 1.26444
116 1.23451
115 1.25709
98 1.27934
120 1.12798
123 1.05411
143 1.0117
124 1.26169
129 0.937856
138 1.16049
131 1.14468
135 1.17231
120 1.1259
136 0.915649
121 0.939967
133 1.24797
131 0.801895
126 1.40957
109 0.830031
107 0.838081
137 0.892074
94 0.94662
125 1.04125
138 1.25814
137 1.28723
127 1.17863
127 1.32019
119 1.29639
107 1.05668
115 1.24385
152 0.927646
107 1.01256
120 0.883892
153 0.955317
121 1.54371
117 0.858595
149 1.16232
157 1.32959
125 0.987253
114 1.34142
123 1.29145
133 1.3263
129 1.22869
108 0.862675
110 1.10778
180 0.933119
125 1.17049
110 1.0228
107 1.08756
111 0.99865
128 0.945366
117 1.0312
121 1.01623
140 1.02513
107 1.14209
117 0.918955
100 1.23609
129 1.05981
156 1.02126
122 1.13041
140 0.82406
137 1.06031
140 1.01183
114 0.920353
135 0.927542
147 1.07236
143 1.33896
112 0.992683
125 1.14231
100 1.48251
150 1.27853
123 1.06812
121 1.14649
132 0.977852
132 1.0414
131 1.25031
167 1.25447
135 1.03432
133 0.904191
142 1.01646
107 1.23043
104 1.12047
132 0.820472
125 1.07662
117 1.28695
132 1.23661
120 1.0563
143 1.45511
152 1.2192
135 1.12035
133 0.941633
140 1.12198
109 0.962651
144 1.15665
141 0.99865
126 1.12133
122 0.965109
145 0.972868
109 1.00225
109 0.894057
101 1.0495
123 1.07815
102 1.18812
130 1.27567
144 0.925773
126 1.06339
150 1.22983
124 1.30607
115 0.938478
100 1.00456
127 1.10975
119 1.28844
110 1.17995
135 1.00699
112 1.03422
132 1.02579
110 1.17362
194 0.946692
115 1.01365
108 1.16916
144 1.16919
118 1.27998
124 1.08655
147 0.838081
119 0.993936
135 0.883089
103 1.38258
140 1.22764
132 1.21011
161 1.13817
110 1.32222
107 1.00849
100 0.825151
149 0.801705
116 0.994165
124 1.05578
145 1.15993
122 1.21209
143 1.20091
143 1.15522
116 1.39892
123 1.18124
124 0.9648
119 1.14008
124 0.753828
97 1.35297
140 1.21479
123 1.10931
154 1.05578
114 1.09544
103 1.1076
130 1.03641
122 0.903315
114 1.06334
128 1.06123
123 0.948876
143 1.14638
124 1.31027
102 1.12842
130 1.13866
99 1.05592
131 1.05668
110 0.904023
113 0.777217
132 1.03641
115 1.1067
116 1.05522
130 0.988249
136 1.15841
113 1.03832
133 1.03082
130 1.19317
121 1.23323
120 1.02491
127 1.20362
105 0.866818
123 1.03379
125 1.02668
120 1.40763
116 0.88342
104 1.0836
101 0.895305
121 1.17417
85 1.18757
120 1.50067
118 1.08655
143 1.00232
145 1.23076
109 0.968732
109 1.16336
115 1.51206
151 1.13935
136 1.17362
132 1.03884
133 1.14638
121 1.09609
123 0.820452
101 1.01152
118 1.09975
115 1.13379
133 1.13915
143 1.13368
115 1.2045
152 1.08882
123 1.04334
108 0.990787
101 0.751876
119 1.12751
107 1.18759
123 1.03967
120 0.826703
119 0.930668
123 0.86451
136 1.24119
119 1.43633
115 1.13831
131 1.06511
99 0.933699
125 1.15355
120 1.06732
136 1.19524
137 1.02965
116 1.12637
137 1.47432
133 0.98933
139 0.95029
125 1.14854
131 1.18829
102 1.13235
130 1.07537
136 0.967529
135 1.06186
125 1.08412
125 1.06088
136 1.07464
107 1.21373
110 0.994791
126 1.01909
132 0.937959
147 1.34065
146 1.07072
149 1.43764
108 1.24494
90 1.3928
149 0.912881
141 1.26925
166 0.917201
146 1.49785
140 1.478
149 1.024
132 1.17107
133 0.883089
144 0.928978
131 0.696025
116 1.11595
137 1.11667
124 1.27795
131 1.16875
102 0.876005
110 1.1781
129 0.972868
120 1.1781
119 1.17421
147 1.06487
127 0.901874
131 0.921099
112 1.02207
118 0.92962
111 0.934591
104 1.09144
105 0.999767
122 1.14878
124 1.07537
141 0.777256
120 1.22139
147 1.28683
160 0.974409
127 1.13436
144 1.12604
133 1.02246
124 1.08938
125 1.10518
129 1.02246
132 1.10652
141 1.06288
130 1.0212
123 1.00225
108 0.997931
110 0.960023
117 1.07689
112 1.54361
98 0.867095
121 1.24125
110 1.07564
153 1.26602
116 0.970413
121 0.973612
121 1.22445
112 1.02068
149 1.0905
127 1.071
141 1.28123
118 1.10805
127 1.11831
121 1.10652
138 0.90654
162 1.19244
99 0.946074
121 0.969272
129 1.11382
129 0.99865
104 1.13059
141 0.929132
121 1.20091
128 0.949429
117 0.918285
163 0.852588
101 1.14269
150 1.13866
114 1.00195
93 0.829728
99 0.861754
119 0.992462
117 0.951984
118 0.948648
142 1.07685
126 1.00774
142 1.17441
139 1.03794
134 0.862304
122 1.0097
122 1.08546
130 1.12377
122 1.02513
108 1.00198
115 0.964195
115 0.991478
140 1.12991
101 0.95392
114 1.21456
125 1.17864
117 1.3115
117 1.03044
126 1.171
146 0.924197
130 1.48395
101 1.05515
124 0.805215
112 1.03295
144 1.26929
115 1.28915
111 1.22501
153 1.29434
123 0.988931
121 1.1364
108 0.957501
144 1.20589
122 0.917145
109 1.01108
133 1.06348
166 1.16471
124 1.36287
105 1.04629
132 1.26714
125 1.2113
125 0.973615
107 0.763381
174 1.14789
126 0.883892
129 1.11641
129 1.34468
107 1.27266
134 1.38743
119 0.815792
145 1.04125
126 0.99758
115 1.46361
124 1.01646
113 0.805243
133 1.01835
131 1.06143
96 1.55337
121 1.28085
105 1.53427
127 1.07467
94 0.973504
124 1.08769
126 1.41035
149 1.00698
125 0.94264
104 1.22135
125 0.912197
127 1.14898
105 1.12282
107 1.25659
108 1.06584
99 1.42058
131 1.02046
142 1.29744
150 1.15579
115 0.854599
131 1.2113
104 1.16022
106 0.89694
133 1.04504
114 1.28163
132 0.895459
166 1.06703
128 0.945769
109 1.02671
142 1.08915
110 1.11789
146 1.09344
122 1.19148
109 0.983233
158 1.08276
111 0.959742
124 1.08655
103 1.04211
146 1.02768
125 0.903187
131 0.925048
127 1.09241
105 0.939967
132 0.996262
152 1.30534
151 1.08353
113 1.32397
127 0.853805
127 0.876036
135 0.835729
145 1.27349
164 1.05231
127 1.12729
92 1.54393
134 1.30086
146 1.03165
114 0.977194
142 1.2319
128 1.1996
131 1.21495
132 1.38016
118 0.840087
104 1.19779
109 1.08126
150 0.875224
159 0.958114
127 0.907411
116 0.87539
98 1.12329
120 0.903455
137 0.781993
164 1.369
111 0.909086
103 0.814727
130 1.0003
133 1.05048
152 1.04606
149 1.07726
107 1.15897
138 1.12183
120 1.05844
135 0.9431
136 1.13485
125 1.16154
122 0.985116
138 1.34117
147 0.936719
135 1.42232
131 0.839312
117 0.928265
129 1.17418
128 1.14949
141 1.1686
115 1.12072
123 1.12316
133 0.888541
99 1.0642
148 1.07399
148 1.07435
168 1.38262
110 1.12133
157 1.2045
104 0.88342
114 1.24489
103 1.21107
129 1.14018
101 1.09919
153 1.16788
147 1.14247
133 0.892804
121 1.00742
121 1.24427
142 1.23224
105 1.1076
111 1.13609
116 0.921016
146 0.98776
151 1.15333
125 0.916021
145 0.944938
122 1.19317
117 1.27007
142 1.19313
120 1.21646
120 0.873682
114 1.27107
114 1.09975
139 0.838081
111 -1.55924
110 1.0236
125 1.15717
120 0.959276
127 0.738675
132 1.08488
95 1.12974
141 1.0244
158 1.14616
154 1.2319
130 1.23399
126 0.998714
115 1.12651
121 0.939967
149 1.26045
134 0.910796
137 1.06143
131 1.12201
131 0.95392
130 1.06381
118 0.98794
109 1.26602
124 1.30402
134 1.05993
136 0.888932
113 1.07953
124 1.24292
124 1.05185
122 1.19503
136 1.34184
135 1.22428
133 1.18753
144 0.989819
118 1.03917
143 1.36284
128 1.01032
113 1.05721
151 1.27836
121 0.906711
129 1.31982
124 1.10457
105 1.20287
110 0.975681
116 1.12329
110 1.12604
109 1.08126
122 1.03009
113 0.912197
120 1.24447
128 1.24079
127 1.05147
133 1.27493
141 1.13856
108 0.891206
121 0.979618
126 1.16297
141 1.24165
152 0.850015
122 0.968765
104 0.949429
123 0.971446
152 0.845072
108 1.15865
93 1.25031
168 1.09714
100 1.0133
106 0.899946
143 1.38769
135 0.946991
158 1.10633
119 1.15528
98 0.83344
111 1.38515
139 0.872175
119 1.33018
125 1.21111
115 1.13418
101 0.97489
142 1.15384
120 1.07564
151 1.56697
119 0.921476
149 0.9431
100 1.10024
126 1.04675
133 1.08981
140 0.955317
128 0.903924
119 1.23076
129 1.03185
136 0.916883
139 1.02965
138 1.08478
132 1.22135
137 1.071
118 0.927129
112 0.961204
126 1.20599
137 1.01975
134 0.934713
149 1.14638
115 0.839312
135 0.84007
111 1.15105
103 0.927578
126 1.05585
113 0.845899
106 1.19575
148 1.08429
114 1.02126
138 0.972438
105 0.82192
146 0.966439
140 0.946721
112 1.15833
128 1.01288
117 1.01724
117 1.29504
137 0.972337
105 0.825016
148 1.11048
139 0.944013
149 1.05752
159 1.12316
146 1.22368
115 1.13994
100 1.00774
133 0.81507
103 1.01365
