-0.707107 0.707107
-1.70711 0.707107
-2.41421 1.41421
-1.70711 2.12132
-0.707107 2.12132
-1.11022e-16 1.41421
-0.707107 2.12132
-0.707107 3.12132
-1.11022e-16 2.41421
0.707107 3.12132
1.70711 3.12132
2.41421 2.41421
3.12132 3.12132
3.82843 3.82843
4.53553 4.53553
4.53553 5.53553
5.24264 6.24264
5.94975 5.53553
6.94975 5.53553
6.24264 6.24264
6.94975 5.53553
7.65685 6.24264
7.65685 7.24264
6.94975 7.94975
6.94975 8.94975
7.65685 8.24264
8.36396 7.53553
9.36396 7.53553
10.0711 8.24264
11.0711 8.24264
11.0711 9.24264
11.7782 9.94975
12.4853 10.6569
11.7782 11.364
12.4853 10.6569
11.4853 10.6569
12.1924 9.94975
12.8995 9.24264
12.1924 9.94975
12.8995 10.6569
12.8995 11.6569
13.6066 12.364
12.8995 13.0711
13.6066 13.7782
14.3137 13.0711
15.0208 13.7782
15.7279 14.4853
15.0208 15.1924
14.3137 15.8995
13.6066 16.6066
12.8995 17.3137
13.8995 17.3137
13.8995 18.3137
13.8995 19.3137
14.6066 20.0208
15.3137 20.7279
14.3137 20.7279
14.3137 21.7279
13.3137 21.7279
13.3137 22.7279
14.0208 22.0208
13.0208 22.0208
13.7279 22.7279
13.0208 23.435
12.0208 23.435
11.3137 24.1421
12.0208 23.435
13.0208 23.435
13.7279 22.7279
14.435 22.0208
14.435 21.0208
15.1421 20.3137
15.1421 21.3137
15.8492 20.6066
15.1421 21.3137
15.1421 20.3137
14.1421 20.3137
14.8492 21.0208
14.8492 20.0208
14.1421 19.3137
14.1421 20.3137
14.8492 19.6066
15.5563 20.3137
16.2635 21.0208
16.2635 20.0208
16.9706 19.3137
17.9706 19.3137
18.9706 19.3137
18.2635 18.6066
18.9706 19.3137
19.9706 19.3137
20.6777 20.0208
20.6777 21.0208
19.9706 21.7279
20.6777 22.435
19.9706 23.1421
18.9706 23.1421
18.2635 23.8492
18.9706 24.5563
19.9706 24.5563
20.9706 24.5563
20.9706 25.5563
20.9706 26.5563
21.9706 26.5563
21.9706 25.5563
21.2635 26.2635
21.9706 26.9706
22.9706 26.9706
22.9706 27.9706
22.9706 28.9706
23.6777 29.6777
24.3848 30.3848
25.0919 29.6777
26.0919 29.6777
27.0919 29.6777
27.799 30.3848
27.799 31.3848
27.799 32.3848
27.0919 33.0919
26.3848 33.799
27.0919 34.5061
27.799 35.2132
28.5061 35.9203
29.5061 35.9203
30.2132 36.6274
31.2132 36.6274
32.2132 36.6274
32.2132 37.6274
33.2132 37.6274
32.2132 37.6274
33.2132 37.6274
33.2132 38.6274
32.5061 39.3345
33.2132 38.6274
33.9203 37.9203
34.6274 37.2132
35.6274 37.2132
34.9203 37.9203
34.9203 38.9203
35.6274 38.2132
34.9203 38.9203
35.9203 38.9203
35.2132 39.6274
35.9203 38.9203
35.2132 39.6274
35.9203 40.3345
35.9203 41.3345
35.9203 42.3345
36.6274 43.0416
35.9203 43.7487
35.9203 44.7487
35.9203 43.7487
36.6274 44.4558
37.3345 45.163
38.0416 45.8701
39.0416 45.8701
38.3345 46.5772
39.0416 45.8701
38.3345 45.163
39.0416 45.8701
40.0416 45.8701
40.7487 46.5772
41.7487 46.5772
42.4558 47.2843
41.7487 47.9914
41.7487 48.9914
41.7487 49.9914
42.7487 49.9914
42.7487 50.9914
43.4558 51.6985
43.4558 52.6985
43.4558 53.6985
44.163 52.9914
44.163 53.9914
44.163 52.9914
44.8701 52.2843
45.5772 52.9914
44.8701 52.2843
43.8701 52.2843
42.8701 52.2843
43.5772 51.5772
42.8701 52.2843
43.8701 52.2843
43.163 52.9914
43.8701 53.6985
43.8701 52.6985
44.8701 52.6985
44.8701 53.6985
45.5772 54.4056
46.2843 55.1127
47.2843 55.1127
46.5772 55.8198
47.5772 55.8198
46.8701 56.5269
47.5772 57.234
48.5772 57.234
48.5772 58.234
49.2843 58.9411
48.5772 59.6482
48.5772 60.6482
49.5772 60.6482
49.5772 61.6482
49.5772 62.6482
50.2843 63.3553
50.2843 64.3553
49.5772 65.0624
48.5772 65.0624
49.5772 65.0624
50.5772 65.0624
51.2843 64.3553
51.9914 65.0624
52.6985 65.7696
53.6985 65.7696
52.6985 65.7696
52.6985 66.7696
53.4056 66.0624
54.4056 66.0624
55.1127 65.3553
54.1127 65.3553
53.4056 66.0624
52.6985 66.7696
53.4056 67.4767
52.4056 67.4767
53.4056 67.4767
53.4056 68.4767
53.4056 69.4767
52.6985 70.1838
52.6985 71.1838
53.4056 71.8909
52.6985 72.598
53.4056 73.3051
52.6985 74.0122
52.6985 75.0122
53.4056 75.7193
53.4056 76.7193
54.1127 77.4264
54.8198 78.1335
54.1127 78.8406
53.1127 78.8406
52.1127 78.8406
53.1127 78.8406
53.1127 79.8406
53.1127 80.8406
53.1127 81.8406
53.1127 82.8406
53.1127 83.8406
53.8198 83.1335
54.8198 83.1335
53.8198 83.1335
54.8198 83.1335
55.8198 83.1335
