55 1.03156
40 1.03658
40 1.27718
70 1.08938
51 1.13691
50 1.27019
40 0.834586
48 1.2192
57 0.734475
48 1.23214
62 0.675863
54 -1.42243
32 0.918669
61 1.043
48 0.879292
75 1.22409
37 1.11732
52 0.909271
74 1.18911
60 0.958733
46 0.949112
42 1.03583
55 1.5708
54 0.91766
47 1.30105
43 1.20832
42 -1.50187
49 1.06011
50 0.881323
43 1.05642
44 1.09651
37 0.979822
44 1.15135
46 0.965469
47 0.997229
59 0.845984
41 1.40428
55 1.38616
64 0.581179
35 1.27269
52 1.24684
47 1.13282
48 1.16702
52 1.31947
38 0.793844
55 1.5365
47 -1.29332
38 0.873682
47 -1.56834
37 1.03379
38 1.19336
50 0.986735
58 1.02102
50 0.935727
43 0.848058
53 0.938763
60 0.799611
42 1.31105
30 1.20978
41 1.38923
73 0.923746
54 0.995457
37 1.0379
53 1.17484
52 1.06057
61 1.20178
51 1.28982
31 0.86974
72 1.41062
55 0.756221
40 -1.40088
52 1.29639
55 0.654775
49 1.05563
38 0.875166
46 1.06458
45 1.0991
60 1.24259
45 1.21278
47 0.502144
45 0.906128
45 0.89096
44 1.20484
49 1.02148
36 0.907828
45 0.770894
41 1.17486
36 1.25445
36 1.36729
54 0.982507
61 1.17049
47 1.38751
55 0.970154
51 1.04177
46 0.997972
50 1.24063
54 1.51643
47 0.925397
56 1.33795
39 0.805858
42 1.37476
34 0.941924
70 1.11361
54 1.32993
39 1.20141
63 1.01905
54 0.930454
39 1.32212
45 1.26205
56 0.964994
42 0.811381
41 1.08263
41 1.0283
38 1.55041
31 1.2346
44 1.48103
43 1.26624
49 1.26624
54 1.22049
47 0.947612
37 1.28754
63 0.502144
59 1.04396
53 1.11636
53 0.826649
66 0.742063
32 0.453285
70 1.18884
43 0.906827
47 1.41482
62 0.467388
46 0.791406
40 1.1781
57 1.14342
49 1.1488
67 1.10604
59 1.37714
62 0.986735
60 1.28353
45 1.05642
59 1.23496
52 1.37068
68 0.906128
41 0.679836
41 1.27468
61 1.43864
44 1.06057
37 -1.50631
53 1.043
48 1.06384
56 1.29563
61 1.39391
59 0.826157
62 1.15217
60 1.46612
45 1.42538
58 1.21492
34 1.30515
39 1.05046
42 1.10174
50 1.14487
37 0.799902
39 1.09414
47 -1.38073
34 0.750394
56 0.51023
38 0.793946
48 0.935727
48 1.15665
55 0.942387
41 0.791458
56 1.00181
53 1.08555
50 1.16726
61 1.29977
56 1.2842
47 0.855742
49 1.04
48 0.970683
50 1.1781
53 0.701057
42 1.37602
42 1.12604
67 1.49354
59 1.54162
47 1.08411
44 1.08601
45 1.0283
53 1.13806
54 0.983188
72 1.5673
64 0.953308
39 0.5125
39 0.785398
49 -1.41592
43 0.899617
79 1.41381
45 1.05046
46 1.42574
45 1.21203
47 1.08151
41 0.826157
34 1.1781
40 -1.2931
63 1.40435
56 1.03268
55 0.68608
43 1.14835
47 1.09053
46 1.4525
66 1.1407
44 0.61548
45 0.855742
41 1.37763
51 1.55058
55 0.758883
58 1.19394
36 1.02102
39 1.13379
50 -1.30151
49 0.771303
52 0.89007
67 1.08212
58 1.55895
43 1.37201
38 1.12923
37 1.00114
41 0.948412
39 1.18575
46 1.10224
38 0.876245
56 1.2192
63 1.26624
49 1.09414
50 1.28015
42 1.30796
54 0.813986
60 1.13401
38 1.49289
49 1.07128
60 0.612063
45 1.34347
61 0.634557
47 0.534113
48 0.706553
46 1.29639
36 0.547358
44 0.695631
43 1.17049
47 1.13691
67 0.962289
45 0.975464
86 1.14046
54 0.869032
53 0.578758
49 1.17484
60 0.861297
48 1.22697
56 1.02627
38 1.32037
39 1.49425
64 0.83976
61 -1.46084
45 1.34347
71 0.852844
53 0.859827
65 1.08555
62 1.21516
33 0.751097
51 0.859777
40 1.50865
58 1.15569
41 1.05325
57 1.40088
37 1.06795
44 1.33276
32 0.793844
34 1.1781
58 1.17164
47 1.1857
41 1.04888
40 0.992583
45 0.785398
49 1.10985
48 0.977077
37 1.10081
67 0.918127
43 0.979822
40 0.819416
48 -1.52548
47 1.35897
67 0.647731
50 0.922602
45 1.18599
48 1.25396
51 1.06795
61 1.25062
51 1.28255
51 0.770894
50 1.08601
33 0.953892
44 1.37369
45 1.25555
37 1.05244
45 0.639985
43 1.18599
61 1.33175
47 1.06795
50 -1.50685
57 0.561841
59 0.902708
47 1.51598
42 1.44482
42 0.997972
50 1.23214
46 0.590617
44 1.20036
51 0.970154
51 0.797342
38 1.14127
39 0.962289
51 1.22847
70 0.941924
52 1.17351
63 1.55919
47 0.906128
51 1.06795
45 0.682816
53 1.4364
49 1.08411
48 1.10174
49 0.948412
58 0.75681
37 1.42294
39 1.09414
35 0.853754
53 1.07365
37 0.854905
73 1.26854
50 1.29563
36 1.50685
64 1.48103
60 1.25165
39 1.36248
45 1.19707
61 1.28255
41 0.86974
87 1.33844
39 0.68608
51 -1.53549
43 0.916021
56 1.54807
62 0.85352
52 0.90369
47 0.996187
56 1.04089
57 0.868743
42 1.25694
65 1.04998
39 1.29332
73 1.01256
27 0.881917
44 1.432
44 1.18901
64 1.19854
44 0.875166
45 0.940599
51 1.49354
80 1.05469
52 1.52101
53 0.854905
52 0.983765
40 1.1781
36 1.37922
43 0.799902
70 0.910961
54 1.40565
59 1.09544
43 1.30056
55 1.05563
45 1.18587
35 1.01273
50 1.28818
60 0.742783
40 1.15193
41 1.50814
52 1.41275
43 1.29407
43 0.990836
40 1.01442
49 1.51532
40 1.27019
42 0.950547
58 1.55641
50 0.882721
40 0.945572
54 1.1781
56 0.802147
46 0.84934
30 1.12008
59 0.950376
45 1.25015
38 1.24536
44 1.38452
47 1.04385
50 1.18262
39 1.31016
52 0.989618
30 0.79978
40 0.870459
47 1.32212
52 -1.52298
45 1.06795
70 1.36729
37 0.950376
65 1.28754
53 1.50045
63 1.09359
65 1.33175
44 1.02344
59 1.07848
61 1.53052
38 1.19394
62 0.83321
33 1.13282
60 1.13986
43 1.21695
36 1.08601
71 1.14395
54 1.03268
67 0.873381
43 1.33373
41 1.26567
52 0.941924
55 0.791286
39 0.748444
56 1.27523
33 1.0283
43 0.724812
58 0.970368
52 0.846495
66 1.0044
55 1.09642
44 1.26818
54 0.81169
31 0.389514
46 1.36361
46 0.970683
51 0.779339
33 0.521917
42 0.918669
72 1.30796
53 1.2346
43 -1.52955
71 0.902708
49 1.11732
39 1.30105
49 1.45906
56 1.00925
64 1.1781
54 1.03362
60 1.15584
59 1.09187
33 1.3153
47 1.03287
78 1.19369
50 0.650526
64 1.20861
47 1.04604
36 1.08601
54 1.30713
62 1.15135
44 1.10174
40 1.22697
40 1.38452
51 0.857797
41 1.09544
59 1.05129
43 1.03668
56 0.694168
40 0.992583
47 1.37844
62 1.37912
55 1.42451
56 1.14127
63 0.97905
50 1.27019
41 1.27836
61 1.00001
56 0.667106
44 0.806033
33 1.3153
32 1.03877
31 0.785398
63 1.25555
41 1.26205
60 1.21633
55 0.762862
51 1.2979
47 1.19231
57 1.0835
39 0.997229
57 1.07201
45 1.07032
44 0.516626
43 1.00369
46 1.08247
74 1.15569
61 1.50335
61 1.00001
37 1.04089
37 1.04504
62 1.38551
53 1.32789
56 0.814328
51 0.985084
46 1.08744
40 1.21549
35 1.38297
50 0.932022
46 0.652127
37 1.02246
44 1.48814
47 1.29977
45 1.14835
81 1.07201
53 1.37201
34 1.05222
44 0.914616
55 1.12211
56 1.01082
61 1.32939
58 0.891333
40 1.39948
45 1.13211
64 1.3532
49 1.27771
72 1.04907
65 1.40088
53 0.925397
49 1.29608
44 1.03492
47 1.12123
42 1.38452
41 0.96351
42 0.77077
58 1.20484
62 0.866103
43 1.04888
63 0.962289
60 0.897623
45 1.21203
55 0.811599
41 1.04396
77 0.946929
50 1.16702
38 1.39608
56 0.650526
41 0.595332
67 1.07365
42 0.998244
38 1.45563
61 1.33743
53 1.24635
82 1.46175
38 0.702744
56 0.978234
42 1.53038
38 -1.28987
36 0.937491
56 1.45857
56 0.897522
69 1.18599
40 1.01082
37 0.791458
58 0.750809
48 1.32037
40 1.27523
70 1.22729
48 1.39746
39 0.957302
44 1.36946
40 1.28916
64 1.38551
43 1.27771
40 0.92642
42 1.10174
34 1.28176
56 1.2192
55 1.11636
43 0.852963
36 0.820402
41 1.29977
30 0.799611
46 1.06057
57 1.07201
36 0.841347
41 1.13691
44 0.882721
51 1.08496
48 0.831614
62 1.34909
69 1.17044
42 0.825816
37 1.19666
57 1.54197
39 0.889101
41 1.22738
65 0.965617
76 1.23868
59 1.0835
44 0.691061
38 1.23214
53 0.545366
46 0.820402
40 1.25817
61 0.968682
52 -1.52161
60 0.791237
44 1.27523
46 1.05469
64 1.27372
51 1.22815
36 1.04823
61 1.30105
50 0.630739
37 1.34985
52 0.970368
36 1.36074
43 1.17486
47 0.791286
42 0.977077
35 1.46523
53 1.06287
55 1.02444
52 1.08661
53 0.938763
62 0.737026
47 1.45177
39 0.925397
37 1.39943
55 0.699102
33 1.17049
53 1.0283
48 1.17361
50 1.37369
57 0.874418
53 1.27771
49 0.799902
40 1.48103
61 1.20178
50 1.2313
43 1.19707
57 1.2626
48 0.502782
67 1.0967
47 0.948412
58 1.37602
48 1.29563
40 1.14011
76 1.08601
50 0.872663
43 0.785398
43 1.07848
43 1.14342
56 1.15569
54 1.05871
44 1.15584
49 1.0991
54 0.805786
54 0.945572
64 1.08601
50 1.42417
60 1.38232
75 1.27771
60 1.51485
53 0.577084
68 -1.52242
49 1.09961
42 1.21608
46 1.03877
70 0.917105
52 1.08744
44 0.735616
58 0.859165
63 1.32142
55 0.956766
35 1.1109
41 1.18128
43 0.758883
47 1.40699
41 0.919798
46 0.73621
61 1.07365
45 1.24486
48 1.1781
45 1.43965
42 1.37912
56 1.41614
38 0.866103
73 1.02777
38 0.868052
44 1.1781
40 0.910961
60 1.23214
47 1.25949
40 0.538112
49 1.3153
55 1.30375
46 1.05222
56 0.926588
44 0.989117
62 0.958733
54 0.861297
66 0.943448
40 1.17158
50 0.689208
41 1.28825
43 1.11133
40 0.891333
48 -1.5708
48 1.17178
53 0.980855
52 1.01338
44 0.876245
63 1.23984
45 0.997351
76 1.44692
61 0.779579
66 1.37005
64 1.11845
39 0.845984
51 1.37201
53 1.51532
39 1.0283
55 1.30295
44 0.659424
38 1.06458
49 0.96351
63 1.13781
30 1.09802
50 1.09925
51 0.993713
45 0.913524
53 0.765181
40 0.828013
42 1.07605
51 1.06287
53 1.23984
46 -1.23015
45 1.05046
56 1.20484
52 0.914616
41 1.01273
47 1.25062
45 1.03379
63 1.05244
42 1.19336
41 0.759197
57 1.00095
40 1.18925
68 0.922602
41 0.895353
39 0.93168
38 1.23214
38 1.21608
29 0.750689
45 1.08555
47 0.696378
45 -1.56474
66 1.05417
42 0.825816
51 1.26488
49 1.21635
54 1.32351
37 0.887981
45 0.785398
70 1.16695
46 1.1781
68 0.967137
49 1.53004
55 1.31319
49 1.29734
55 1.1216
54 1.46175
56 1.2313
50 1.11361
42 1.26818
70 1.01968
69 0.89983
45 0.756221
50 1.3362
42 0.962188
41 1.10064
62 1.26462
47 1.03668
54 1.391
58 0.947051
49 1.13211
67 1.35969
56 0.861297
43 0.613495
58 -1.49778
42 0.776952
41 -1.55885
45 0.756569
50 1.25445
65 1.33966
48 0.986735
39 1.10715
48 1.16702
42 0.847542
37 0.840873
75 0.990836
34 0.408195
35 1.15441
46 1.11751
41 0.682816
40 0.868052
36 0.764764
51 1.23888
58 1.06384
45 0.906128
39 1.34359
39 1.0283
40 1.06057
48 1.06632
71 0.67233
53 1.02148
49 1.1109
40 1.21957
47 0.966966
47 1.15912
69 1.41482
50 1.34802
54 1.13986
43 1.20832
45 0.861945
51 1.04396
55 1.09241
54 1.22049
43 1.12719
46 1.31105
50 1.29639
36 1.01442
66 1.27019
48 1.30796
44 0.834586
59 1.03156
81 1.35102
36 1.45677
38 1.1407
39 -1.41743
67 1.26579
52 1.07605
31 1.043
63 1.20785
51 1.21203
56 0.874112
51 1.14815
71 0.48525
32 0.673173
46 1.21549
44 1.10293
51 1.19253
42 1.12405
44 1.44837
46 1.11361
44 1.22697
46 1.33518
54 0.947498
68 0.608609
45 1.10081
47 0.641664
35 0.975464
42 1.21633
67 1.08557
64 0.905106
42 1.19336
52 1.26681
70 1.09522
37 1.13211
44 1.32972
39 1.26205
48 1.09802
49 -1.44566
50 1.07824
71 1.1641
60 0.89007
53 0.908845
67 1.12123
46 1.03658
54 0.667106
53 1.21278
42 1.16702
37 1.20106
47 0.921476
63 1.11193
53 1.04604
43 1.36658
39 0.799902
44 -1.50187
55 0.743135
50 1.02102
66 0.89007
55 1.09414
63 0.791356
52 1.55016
59 0.814575
38 1.10174
38 1.49009
58 1.16225
45 0.898466
49 1.30375
47 0.878961
57 0.826649
43 1.46523
44 1.06625
33 1.28982
43 0.966966
58 1.30713
62 0.997972
51 0.598879
44 1.12405
99 0.727093
56 1.0767
55 1.39268
32 1.15135
50 1.44158
44 0.707491
36 0.949796
52 0.879292
39 1.18587
48 1.11974
58 1.03787
34 1.29748
46 0.887139
45 1.35363
30 0.694551
55 1.00369
68 1.1781
51 1.38297
38 1.08938
48 1.11884
62 1.00556
38 1.38232
37 1.12719
60 1.32351
37 1.05642
42 0.905106
55 0.998393
44 0.659424
52 0.992583
41 0.962289
63 1.0583
53 1.04688
53 1.46523
31 1.10985
48 1.06561
41 1.19666
43 0.62042
63 1.15912
48 1.24747
54 0.820402
48 0.978234
47 1.27269
45 1.39251
40 0.982507
58 0.973878
42 1.15569
55 0.517549
51 1.51598
55 1.00256
57 0.89096
64 0.995457
48 0.971678
42 1.13986
37 0.701057
70 1.55075
54 0.958733
41 0.785398
53 1.37408
59 0.86974
63 0.906128
34 0.79978
53 0.838711
38 1.35795
65 1.24271
61 1.10985
60 1.18262
71 1.39741
41 0.819699
41 1.01654
43 0.97905
53 1.05642
36 0.897522
56 1.53621
52 0.947051
51 1.15493
48 1.36074
