         4.148   5.000   0.100
         5.113  12.000   0.100
         6.078  22.000   0.100
         7.042  22.000   0.100
         8.007  40.000   0.100
         8.972  43.000   0.100
         9.936  38.000   0.100
        10.901  40.000   0.100
        11.866  49.000   0.100
        12.831  41.000   0.100
        13.795  40.000   0.100
        14.760  38.000   0.100
        15.725  37.000   0.100
        16.689  35.000   0.100
        17.654  27.000   0.100
        18.619  44.000   0.100
        19.583  32.000   0.100
        20.548  20.000   0.100
        21.513  27.000   0.100
        22.478  29.000   0.100
        23.442  29.000   0.100
        24.407  26.000   0.100
        25.372  21.000   0.100
        26.336  23.000   0.100
        27.301  12.000   0.100
        28.266  12.000   0.100
        29.230  20.000   0.100
        30.195  19.000   0.100
        31.160  14.000   0.100
        32.125  13.000   0.100
        33.089  11.000   0.100
        34.054   7.000   0.100
        35.019   9.000   0.100
        35.983  12.000   0.100
        36.948   7.000   0.100
        37.913  11.000   0.100
        38.877   9.000   0.100
        39.842   8.000   0.100
        40.807   8.000   0.100
        41.772   8.000   0.100
        42.736   4.000   0.100
        43.701   9.000   0.100
        44.666   7.000   0.100
        45.630   8.000   0.100
        46.595   2.000   0.100
        47.560   6.000   0.100
        48.524   1.000   0.100
        49.489   3.000   0.100
        50.454   2.000   0.100
        51.419   0.000   0.100
        52.383   1.000   0.100
        53.348   2.000   0.100
        54.313   3.000   0.100
        55.277   4.000   0.100
        56.242   3.000   0.100
        57.207   1.000   0.100
        58.172   2.000   0.100
        59.136   0.000   0.100
        60.101   1.000   0.100
        61.066   4.000   0.100
        62.030   1.000   0.100
        62.995   0.000   0.100
        63.960   0.000   0.100
        64.924   2.000   0.100
        65.889   0.000   0.100
        66.854   2.000   0.100
        67.819   1.000   0.100
        68.783   1.000   0.100
        69.748   3.000   0.100
        70.713   0.000   0.100
        71.677   0.000   0.100
        72.642   1.000   0.100
        73.607   0.000   0.100
        74.571   0.000   0.100
        75.536   1.000   0.100
        76.501   0.000   0.100
        77.466   0.000   0.100
        78.430   0.000   0.100
        79.395   1.000   0.100
        80.360   0.000   0.100
        81.324   0.000   0.100
        82.289   1.000   0.100
        83.254   0.000   0.100
        84.218   2.000   0.100
        85.183   0.000   0.100
        86.148   0.000   0.100
        87.113   0.000   0.100
        88.077   0.000   0.100
        89.042   0.000   0.100
        90.007   0.000   0.100
        90.971   0.000   0.100
        91.936   0.000   0.100
        92.901   0.000   0.100
        93.865   0.000   0.100
        94.830   0.000   0.100
        95.795   0.000   0.100
        96.760   0.000   0.100
        97.724   0.000   0.100
        98.689   0.000   0.100
        99.654   1.000   0.100
