         8.455   3.000   0.100
        10.445   9.000   0.100
        12.436  24.000   0.100
        14.426  24.000   0.100
        16.417  40.000   0.100
        18.407  33.000   0.100
        20.397  36.000   0.100
        22.388  59.000   0.100
        24.378  51.000   0.100
        26.369  40.000   0.100
        28.359  50.000   0.100
        30.349  36.000   0.100
        32.340  51.000   0.100
        34.330  29.000   0.100
        36.321  35.000   0.100
        38.311  39.000   0.100
        40.302  32.000   0.100
        42.292  22.000   0.100
        44.282  27.000   0.100
        46.273  23.000   0.100
        48.263  18.000   0.100
        50.254  26.000   0.100
        52.244  23.000   0.100
        54.234  20.000   0.100
        56.225  15.000   0.100
        58.215  24.000   0.100
        60.206  22.000   0.100
        62.196  18.000   0.100
        64.186  17.000   0.100
        66.177  12.000   0.100
        68.167   9.000   0.100
        70.158   9.000   0.100
        72.148   9.000   0.100
        74.139   6.000   0.100
        76.129   5.000   0.100
        78.119  14.000   0.100
        80.110   7.000   0.100
        82.100   6.000   0.100
        84.091   7.000   0.100
        86.081   6.000   0.100
        88.071   2.000   0.100
        90.062   6.000   0.100
        92.052   6.000   0.100
        94.043   3.000   0.100
        96.033   2.000   0.100
        98.024   3.000   0.100
       100.014   3.000   0.100
       102.004   4.000   0.100
       103.995   0.000   0.100
       105.985   5.000   0.100
       107.976   2.000   0.100
       109.966   2.000   0.100
       111.956   0.000   0.100
       113.947   4.000   0.100
       115.937   1.000   0.100
       117.928   2.000   0.100
       119.918   2.000   0.100
       121.908   2.000   0.100
       123.899   1.000   0.100
       125.889   1.000   0.100
       127.880   0.000   0.100
       129.870   2.000   0.100
       131.861   2.000   0.100
       133.851   2.000   0.100
       135.841   1.000   0.100
       137.832   1.000   0.100
       139.822   0.000   0.100
       141.813   1.000   0.100
       143.803   0.000   0.100
       145.793   0.000   0.100
       147.784   0.000   0.100
       149.774   0.000   0.100
       151.765   0.000   0.100
       153.755   0.000   0.100
       155.745   1.000   0.100
       157.736   0.000   0.100
       159.726   0.000   0.100
       161.717   0.000   0.100
       163.707   1.000   0.100
       165.698   0.000   0.100
       167.688   0.000   0.100
       169.678   0.000   0.100
       171.669   0.000   0.100
       173.659   0.000   0.100
       175.650   0.000   0.100
       177.640   0.000   0.100
       179.630   0.000   0.100
       181.621   0.000   0.100
       183.611   0.000   0.100
       185.602   0.000   0.100
       187.592   1.000   0.100
       189.583   0.000   0.100
       191.573   0.000   0.100
       193.563   0.000   0.100
       195.554   0.000   0.100
       197.544   0.000   0.100
       199.535   0.000   0.100
       201.525   0.000   0.100
       203.515   0.000   0.100
       205.506   1.000   0.100
