        13.294   2.000   0.100
        18.536   9.000   0.100
        23.777  33.000   0.100
        29.018  44.000   0.100
        34.259  60.000   0.100
        39.500  44.000   0.100
        44.742  61.000   0.100
        49.983  62.000   0.100
        55.224  66.000   0.100
        60.465  69.000   0.100
        65.707  56.000   0.100
        70.948  58.000   0.100
        76.189  29.000   0.100
        81.430  33.000   0.100
        86.671  43.000   0.100
        91.913  37.000   0.100
        97.154  33.000   0.100
       102.395  29.000   0.100
       107.636  26.000   0.100
       112.878  19.000   0.100
       118.119  19.000   0.100
       123.360   9.000   0.100
       128.601  16.000   0.100
       133.842  15.000   0.100
       139.084  14.000   0.100
       144.325  10.000   0.100
       149.566  10.000   0.100
       154.807   8.000   0.100
       160.049   9.000   0.100
       165.290   7.000   0.100
       170.531   2.000   0.100
       175.772   7.000   0.100
       181.013   7.000   0.100
       186.255   7.000   0.100
       191.496   3.000   0.100
       196.737   3.000   0.100
       201.978   2.000   0.100
       207.220   5.000   0.100
       212.461   2.000   0.100
       217.702   3.000   0.100
       222.943   3.000   0.100
       228.184   3.000   0.100
       233.426   2.000   0.100
       238.667   0.000   0.100
       243.908   1.000   0.100
       249.149   3.000   0.100
       254.391   4.000   0.100
       259.632   2.000   0.100
       264.873   0.000   0.100
       270.114   0.000   0.100
       275.355   3.000   0.100
       280.597   0.000   0.100
       285.838   0.000   0.100
       291.079   0.000   0.100
       296.320   0.000   0.100
       301.562   1.000   0.100
       306.803   4.000   0.100
       312.044   0.000   0.100
       317.285   0.000   0.100
       322.526   0.000   0.100
       327.768   0.000   0.100
       333.009   0.000   0.100
       338.250   0.000   0.100
       343.491   1.000   0.100
       348.733   0.000   0.100
       353.974   0.000   0.100
       359.215   0.000   0.100
       364.456   0.000   0.100
       369.698   0.000   0.100
       374.939   0.000   0.100
       380.180   0.000   0.100
       385.421   0.000   0.100
       390.662   0.000   0.100
       395.904   0.000   0.100
       401.145   0.000   0.100
       406.386   0.000   0.100
       411.627   0.000   0.100
       416.868   0.000   0.100
       422.110   0.000   0.100
       427.351   0.000   0.100
       432.592   0.000   0.100
       437.833   0.000   0.100
       443.075   0.000   0.100
       448.316   0.000   0.100
       453.557   0.000   0.100
       458.798   0.000   0.100
       464.040   1.000   0.100
       469.281   0.000   0.100
       474.522   0.000   0.100
       479.763   0.000   0.100
       485.004   0.000   0.100
       490.246   0.000   0.100
       495.487   0.000   0.100
       500.728   0.000   0.100
       505.969   0.000   0.100
       511.211   0.000   0.100
       516.452   0.000   0.100
       521.693   0.000   0.100
       526.934   0.000   0.100
       532.175   1.000   0.100
