        44.039   8.000   0.100
        54.194  16.000   0.100
        64.350  34.000   0.100
        74.505  24.000   0.100
        84.661  32.000   0.100
        94.816  50.000   0.100
       104.971  59.000   0.100
       115.127  49.000   0.100
       125.282  50.000   0.100
       135.438  55.000   0.100
       145.593  36.000   0.100
       155.749  51.000   0.100
       165.904  38.000   0.100
       176.060  33.000   0.100
       186.215  29.000   0.100
       196.371  26.000   0.100
       206.526  34.000   0.100
       216.682  35.000   0.100
       226.837  20.000   0.100
       236.993  25.000   0.100
       247.148  22.000   0.100
       257.304  19.000   0.100
       267.459  23.000   0.100
       277.615  21.000   0.100
       287.770  22.000   0.100
       297.926  14.000   0.100
       308.081  13.000   0.100
       318.237   5.000   0.100
       328.392   9.000   0.100
       338.548  12.000   0.100
       348.703  13.000   0.100
       358.859   7.000   0.100
       369.014   9.000   0.100
       379.170   8.000   0.100
       389.325   6.000   0.100
       399.481   6.000   0.100
       409.636   5.000   0.100
       419.792   7.000   0.100
       429.947   3.000   0.100
       440.103   5.000   0.100
       450.258   4.000   0.100
       460.414   5.000   0.100
       470.569   7.000   0.100
       480.725   5.000   0.100
       490.880   4.000   0.100
       501.036   1.000   0.100
       511.191   3.000   0.100
       521.347   2.000   0.100
       531.502   2.000   0.100
       541.658   7.000   0.100
       551.813   1.000   0.100
       561.969   1.000   0.100
       572.124   0.000   0.100
       582.280   3.000   0.100
       592.435   1.000   0.100
       602.591   0.000   0.100
       612.746   1.000   0.100
       622.902   0.000   0.100
       633.057   1.000   0.100
       643.213   2.000   0.100
       653.368   0.000   0.100
       663.524   0.000   0.100
       673.679   1.000   0.100
       683.835   0.000   0.100
       693.990   0.000   0.100
       704.146   1.000   0.100
       714.301   2.000   0.100
       724.457   1.000   0.100
       734.612   0.000   0.100
       744.768   1.000   0.100
       754.923   1.000   0.100
       765.078   1.000   0.100
       775.234   0.000   0.100
       785.389   0.000   0.100
       795.545   0.000   0.100
       805.700   0.000   0.100
       815.856   1.000   0.100
       826.011   0.000   0.100
       836.167   1.000   0.100
       846.322   0.000   0.100
       856.478   0.000   0.100
       866.633   2.000   0.100
       876.789   0.000   0.100
       886.944   0.000   0.100
       897.100   0.000   0.100
       907.255   1.000   0.100
       917.411   0.000   0.100
       927.566   0.000   0.100
       937.722   0.000   0.100
       947.877   0.000   0.100
       958.033   1.000   0.100
       968.188   1.000   0.100
       978.344   0.000   0.100
       988.499   0.000   0.100
       998.655   0.000   0.100
      1008.810   1.000   0.100
      1018.966   0.000   0.100
      1029.121   0.000   0.100
      1039.277   1.000   0.100
      1049.432   0.000   0.100
