        82.370   8.000   0.100
       104.955  11.000   0.100
       127.541  31.000   0.100
       150.127  39.000   0.100
       172.712  42.000   0.100
       195.298  38.000   0.100
       217.883  59.000   0.100
       240.469  58.000   0.100
       263.055  43.000   0.100
       285.640  49.000   0.100
       308.226  48.000   0.100
       330.812  43.000   0.100
       353.397  54.000   0.100
       375.983  36.000   0.100
       398.569  35.000   0.100
       421.154  39.000   0.100
       443.740  29.000   0.100
       466.325  26.000   0.100
       488.911  25.000   0.100
       511.497  21.000   0.100
       534.082  23.000   0.100
       556.668  24.000   0.100
       579.254  14.000   0.100
       601.839  16.000   0.100
       624.425  11.000   0.100
       647.010  17.000   0.100
       669.596   8.000   0.100
       692.182  17.000   0.100
       714.767  11.000   0.100
       737.353  15.000   0.100
       759.939   6.000   0.100
       782.524  14.000   0.100
       805.110   7.000   0.100
       827.695   4.000   0.100
       850.281   4.000   0.100
       872.867   9.000   0.100
       895.452   1.000   0.100
       918.038   7.000   0.100
       940.624   6.000   0.100
       963.209   6.000   0.100
       985.795   3.000   0.100
      1008.381   8.000   0.100
      1030.966   4.000   0.100
      1053.552   1.000   0.100
      1076.137   3.000   0.100
      1098.723   1.000   0.100
      1121.309   2.000   0.100
      1143.894   4.000   0.100
      1166.480   2.000   0.100
      1189.066   5.000   0.100
      1211.651   1.000   0.100
      1234.237   1.000   0.100
      1256.823   1.000   0.100
      1279.408   2.000   0.100
      1301.994   0.000   0.100
      1324.579   2.000   0.100
      1347.165   0.000   0.100
      1369.751   1.000   0.100
      1392.336   1.000   0.100
      1414.922   0.000   0.100
      1437.508   0.000   0.100
      1460.093   0.000   0.100
      1482.679   0.000   0.100
      1505.265   1.000   0.100
      1527.850   0.000   0.100
      1550.436   0.000   0.100
      1573.021   0.000   0.100
      1595.607   0.000   0.100
      1618.193   0.000   0.100
      1640.778   1.000   0.100
      1663.364   0.000   0.100
      1685.949   0.000   0.100
      1708.535   0.000   0.100
      1731.121   0.000   0.100
      1753.706   0.000   0.100
      1776.292   0.000   0.100
      1798.878   0.000   0.100
      1821.463   0.000   0.100
      1844.049   1.000   0.100
      1866.635   0.000   0.100
      1889.220   0.000   0.100
      1911.806   0.000   0.100
      1934.391   0.000   0.100
      1956.977   0.000   0.100
      1979.563   0.000   0.100
      2002.148   0.000   0.100
      2024.734   0.000   0.100
      2047.320   0.000   0.100
      2069.905   0.000   0.100
      2092.491   0.000   0.100
      2115.076   0.000   0.100
      2137.662   0.000   0.100
      2160.248   0.000   0.100
      2182.833   0.000   0.100
      2205.419   0.000   0.100
      2228.005   0.000   0.100
      2250.590   0.000   0.100
      2273.176   0.000   0.100
      2295.761   1.000   0.100
      2318.347   0.000   0.100
