       142.470   5.000   0.100
       190.171  12.000   0.100
       237.873  28.000   0.100
       285.574  34.000   0.100
       333.276  49.000   0.100
       380.977  50.000   0.100
       428.679  68.000   0.100
       476.380  47.000   0.100
       524.082  67.000   0.100
       571.783  49.000   0.100
       619.485  51.000   0.100
       667.186  39.000   0.100
       714.888  47.000   0.100
       762.589  39.000   0.100
       810.291  30.000   0.100
       857.992  50.000   0.100
       905.694  24.000   0.100
       953.395  27.000   0.100
      1001.097  31.000   0.100
      1048.798  15.000   0.100
      1096.500  23.000   0.100
      1144.201  17.000   0.100
      1191.903  16.000   0.100
      1239.604  14.000   0.100
      1287.306  20.000   0.100
      1335.007  14.000   0.100
      1382.709   5.000   0.100
      1430.410  12.000   0.100
      1478.112   9.000   0.100
      1525.813   7.000   0.100
      1573.515   6.000   0.100
      1621.216   8.000   0.100
      1668.918  11.000   0.100
      1716.620  14.000   0.100
      1764.321   5.000   0.100
      1812.022   3.000   0.100
      1859.724   4.000   0.100
      1907.426   4.000   0.100
      1955.127   3.000   0.100
      2002.828   6.000   0.100
      2050.530   5.000   0.100
      2098.232   1.000   0.100
      2145.933   2.000   0.100
      2193.635   3.000   0.100
      2241.336   2.000   0.100
      2289.038   2.000   0.100
      2336.739   1.000   0.100
      2384.441   2.000   0.100
      2432.142   3.000   0.100
      2479.844   0.000   0.100
      2527.545   0.000   0.100
      2575.247   1.000   0.100
      2622.948   0.000   0.100
      2670.650   0.000   0.100
      2718.351   0.000   0.100
      2766.053   1.000   0.100
      2813.754   0.000   0.100
      2861.456   1.000   0.100
      2909.157   0.000   0.100
      2956.859   2.000   0.100
      3004.560   0.000   0.100
      3052.262   1.000   0.100
      3099.963   0.000   0.100
      3147.665   2.000   0.100
      3195.366   1.000   0.100
      3243.068   0.000   0.100
      3290.769   0.000   0.100
      3338.471   1.000   0.100
      3386.172   0.000   0.100
      3433.874   0.000   0.100
      3481.575   0.000   0.100
      3529.277   0.000   0.100
      3576.978   2.000   0.100
      3624.680   0.000   0.100
      3672.381   0.000   0.100
      3720.083   0.000   0.100
      3767.784   1.000   0.100
      3815.486   0.000   0.100
      3863.187   0.000   0.100
      3910.889   1.000   0.100
      3958.590   0.000   0.100
      4006.292   0.000   0.100
      4053.993   0.000   0.100
      4101.695   0.000   0.100
      4149.396   0.000   0.100
      4197.098   1.000   0.100
      4244.799   0.000   0.100
      4292.501   0.000   0.100
      4340.202   0.000   0.100
      4387.904   0.000   0.100
      4435.605   0.000   0.100
      4483.307   0.000   0.100
      4531.008   0.000   0.100
      4578.710   0.000   0.100
      4626.412   0.000   0.100
      4674.113   0.000   0.100
      4721.814   0.000   0.100
      4769.516   0.000   0.100
      4817.217   0.000   0.100
      4864.919   1.000   0.100
