       370.968   3.000   0.100
       457.682   5.000   0.100
       544.395  13.000   0.100
       631.109  23.000   0.100
       717.823  28.000   0.100
       804.536  34.000   0.100
       891.250  39.000   0.100
       977.964  36.000   0.100
      1064.677  43.000   0.100
      1151.391  36.000   0.100
      1238.105  36.000   0.100
      1324.818  47.000   0.100
      1411.532  39.000   0.100
      1498.246  39.000   0.100
      1584.959  28.000   0.100
      1671.673  32.000   0.100
      1758.387  37.000   0.100
      1845.101  27.000   0.100
      1931.814  30.000   0.100
      2018.528  26.000   0.100
      2105.242  21.000   0.100
      2191.956  18.000   0.100
      2278.669  23.000   0.100
      2365.383  21.000   0.100
      2452.097  18.000   0.100
      2538.810  23.000   0.100
      2625.524  16.000   0.100
      2712.238  17.000   0.100
      2798.951  12.000   0.100
      2885.665  12.000   0.100
      2972.379  13.000   0.100
      3059.093  12.000   0.100
      3145.806  10.000   0.100
      3232.520   5.000   0.100
      3319.234  17.000   0.100
      3405.947  15.000   0.100
      3492.661  11.000   0.100
      3579.375   6.000   0.100
      3666.088   4.000   0.100
      3752.802   7.000   0.100
      3839.516   4.000   0.100
      3926.229   4.000   0.100
      4012.943   8.000   0.100
      4099.657   4.000   0.100
      4186.370   6.000   0.100
      4273.084   6.000   0.100
      4359.798   3.000   0.100
      4446.511   1.000   0.100
      4533.225   3.000   0.100
      4619.938   5.000   0.100
      4706.652   4.000   0.100
      4793.366   6.000   0.100
      4880.080   4.000   0.100
      4966.793   6.000   0.100
      5053.507   1.000   0.100
      5140.221   2.000   0.100
      5226.935   4.000   0.100
      5313.648   3.000   0.100
      5400.362   2.000   0.100
      5487.076   1.000   0.100
      5573.789   1.000   0.100
      5660.503   2.000   0.100
      5747.217   7.000   0.100
      5833.930   2.000   0.100
      5920.644   1.000   0.100
      6007.358   0.000   0.100
      6094.071   2.000   0.100
      6180.785   4.000   0.100
      6267.499   5.000   0.100
      6354.212   3.000   0.100
      6440.926   0.000   0.100
      6527.640   0.000   0.100
      6614.354   1.000   0.100
      6701.067   1.000   0.100
      6787.781   1.000   0.100
      6874.495   1.000   0.100
      6961.208   0.000   0.100
      7047.922   3.000   0.100
      7134.636   1.000   0.100
      7221.350   1.000   0.100
      7308.063   1.000   0.100
      7394.777   0.000   0.100
      7481.491   0.000   0.100
      7568.204   0.000   0.100
      7654.918   0.000   0.100
      7741.631   1.000   0.100
      7828.345   0.000   0.100
      7915.059   0.000   0.100
      8001.772   0.000   0.100
      8088.486   0.000   0.100
      8175.200   0.000   0.100
      8261.913   2.000   0.100
      8348.627   0.000   0.100
      8435.341   0.000   0.100
      8522.055   0.000   0.100
      8608.769   0.000   0.100
      8695.482   0.000   0.100
      8782.196   0.000   0.100
      8868.909   1.000   0.100
      8955.623   0.000   0.100
