        15.195   6.000   0.100
        21.521  17.000   0.100
        27.847  36.000   0.100
        34.174  48.000   0.100
        40.500  51.000   0.100
        46.826  59.000   0.100
        53.152  50.000   0.100
        59.478  36.000   0.100
        65.804  62.000   0.100
        72.131  52.000   0.100
        78.457  52.000   0.100
        84.783  56.000   0.100
        91.109  48.000   0.100
        97.435  41.000   0.100
       103.761  36.000   0.100
       110.088  31.000   0.100
       116.414  32.000   0.100
       122.740  24.000   0.100
       129.066  23.000   0.100
       135.392  19.000   0.100
       141.718  19.000   0.100
       148.045  11.000   0.100
       154.371  14.000   0.100
       160.697  15.000   0.100
       167.023  10.000   0.100
       173.349  16.000   0.100
       179.675  15.000   0.100
       186.002   5.000   0.100
       192.328   8.000   0.100
       198.654  11.000   0.100
       204.980  10.000   0.100
       211.306   7.000   0.100
       217.632   3.000   0.100
       223.959   9.000   0.100
       230.285   4.000   0.100
       236.611   3.000   0.100
       242.937   8.000   0.100
       249.263   3.000   0.100
       255.589   3.000   0.100
       261.916   3.000   0.100
       268.242   1.000   0.100
       274.568   2.000   0.100
       280.894   5.000   0.100
       287.220   6.000   0.100
       293.546   0.000   0.100
       299.873   2.000   0.100
       306.199   1.000   0.100
       312.525   3.000   0.100
       318.851   1.000   0.100
       325.177   1.000   0.100
       331.504   2.000   0.100
       337.830   0.000   0.100
       344.156   3.000   0.100
       350.482   1.000   0.100
       356.808   0.000   0.100
       363.134   3.000   0.100
       369.461   2.000   0.100
       375.787   2.000   0.100
       382.113   0.000   0.100
       388.439   0.000   0.100
       394.765   1.000   0.100
       401.091   2.000   0.100
       407.418   1.000   0.100
       413.744   0.000   0.100
       420.070   0.000   0.100
       426.396   0.000   0.100
       432.722   0.000   0.100
       439.048   0.000   0.100
       445.375   2.000   0.100
       451.701   0.000   0.100
       458.027   0.000   0.100
       464.353   1.000   0.100
       470.679   0.000   0.100
       477.005   0.000   0.100
       483.332   0.000   0.100
       489.658   0.000   0.100
       495.984   0.000   0.100
       502.310   0.000   0.100
       508.636   0.000   0.100
       514.962   0.000   0.100
       521.289   0.000   0.100
       527.615   0.000   0.100
       533.941   0.000   0.100
       540.267   0.000   0.100
       546.593   0.000   0.100
       552.919   0.000   0.100
       559.246   0.000   0.100
       565.572   1.000   0.100
       571.898   0.000   0.100
       578.224   0.000   0.100
       584.550   0.000   0.100
       590.876   0.000   0.100
       597.203   0.000   0.100
       603.529   0.000   0.100
       609.855   0.000   0.100
       616.181   0.000   0.100
       622.507   0.000   0.100
       628.833   0.000   0.100
       635.160   1.000   0.100
       641.486   0.000   0.100
