        33.751   8.000   0.100
        44.070  13.000   0.100
        54.390  22.000   0.100
        64.709  20.000   0.100
        75.028  61.000   0.100
        85.348  54.000   0.100
        95.667  47.000   0.100
       105.987  45.000   0.100
       116.306  51.000   0.100
       126.625  49.000   0.100
       136.945  44.000   0.100
       147.264  42.000   0.100
       157.583  40.000   0.100
       167.903  41.000   0.100
       178.222  34.000   0.100
       188.542  31.000   0.100
       198.861  19.000   0.100
       209.180  24.000   0.100
       219.500  20.000   0.100
       229.819  18.000   0.100
       240.139  27.000   0.100
       250.458  18.000   0.100
       260.777  24.000   0.100
       271.097  13.000   0.100
       281.416   9.000   0.100
       291.736  22.000   0.100
       302.055  17.000   0.100
       312.374  19.000   0.100
       322.694   9.000   0.100
       333.013  14.000   0.100
       343.333   3.000   0.100
       353.652   9.000   0.100
       363.971   7.000   0.100
       374.291   7.000   0.100
       384.610  12.000   0.100
       394.929   4.000   0.100
       405.249   7.000   0.100
       415.568   3.000   0.100
       425.888   2.000   0.100
       436.207   2.000   0.100
       446.526   9.000   0.100
       456.846   6.000   0.100
       467.165   5.000   0.100
       477.485   7.000   0.100
       487.804   9.000   0.100
       498.123   4.000   0.100
       508.443   1.000   0.100
       518.762   2.000   0.100
       529.082   3.000   0.100
       539.401   2.000   0.100
       549.720   3.000   0.100
       560.040   8.000   0.100
       570.359   2.000   0.100
       580.679   2.000   0.100
       590.998   1.000   0.100
       601.317   3.000   0.100
       611.637   0.000   0.100
       621.956   1.000   0.100
       632.276   1.000   0.100
       642.595   2.000   0.100
       652.914   2.000   0.100
       663.234   1.000   0.100
       673.553   1.000   0.100
       683.872   2.000   0.100
       694.192   2.000   0.100
       704.511   1.000   0.100
       714.831   0.000   0.100
       725.150   0.000   0.100
       735.469   0.000   0.100
       745.789   1.000   0.100
       756.108   0.000   0.100
       766.428   1.000   0.100
       776.747   0.000   0.100
       787.066   0.000   0.100
       797.386   1.000   0.100
       807.705   1.000   0.100
       818.025   0.000   0.100
       828.344   0.000   0.100
       838.663   0.000   0.100
       848.983   1.000   0.100
       859.302   1.000   0.100
       869.621   0.000   0.100
       879.941   0.000   0.100
       890.260   0.000   0.100
       900.580   0.000   0.100
       910.899   0.000   0.100
       921.218   0.000   0.100
       931.538   0.000   0.100
       941.857   0.000   0.100
       952.177   1.000   0.100
       962.496   0.000   0.100
       972.815   1.000   0.100
       983.135   0.000   0.100
       993.454   0.000   0.100
      1003.774   0.000   0.100
      1014.093   0.000   0.100
      1024.412   0.000   0.100
      1034.732   0.000   0.100
      1045.051   1.000   0.100
      1055.371   0.000   0.100
