        51.999   3.000   0.100
        81.525  17.000   0.100
       111.050  32.000   0.100
       140.576  60.000   0.100
       170.101  63.000   0.100
       199.627  72.000   0.100
       229.153  58.000   0.100
       258.678  67.000   0.100
       288.204  65.000   0.100
       317.729  57.000   0.100
       347.255  45.000   0.100
       376.781  47.000   0.100
       406.306  44.000   0.100
       435.832  50.000   0.100
       465.357  35.000   0.100
       494.883  21.000   0.100
       524.409  33.000   0.100
       553.934  35.000   0.100
       583.460  20.000   0.100
       612.985  24.000   0.100
       642.511  23.000   0.100
       672.037   9.000   0.100
       701.562  12.000   0.100
       731.088   9.000   0.100
       760.614   7.000   0.100
       790.139   8.000   0.100
       819.665   7.000   0.100
       849.190   6.000   0.100
       878.716   3.000   0.100
       908.242   9.000   0.100
       937.767   5.000   0.100
       967.293   3.000   0.100
       996.818   4.000   0.100
      1026.344   1.000   0.100
      1055.870   6.000   0.100
      1085.395   3.000   0.100
      1114.921   5.000   0.100
      1144.446   2.000   0.100
      1173.972   1.000   0.100
      1203.498   2.000   0.100
      1233.023   4.000   0.100
      1262.549   3.000   0.100
      1292.074   1.000   0.100
      1321.600   1.000   0.100
      1351.126   0.000   0.100
      1380.651   2.000   0.100
      1410.177   3.000   0.100
      1439.703   2.000   0.100
      1469.228   0.000   0.100
      1498.754   2.000   0.100
      1528.279   1.000   0.100
      1557.805   0.000   0.100
      1587.331   3.000   0.100
      1616.856   0.000   0.100
      1646.382   0.000   0.100
      1675.907   1.000   0.100
      1705.433   0.000   0.100
      1734.959   2.000   0.100
      1764.484   0.000   0.100
      1794.010   0.000   0.100
      1823.536   0.000   0.100
      1853.061   0.000   0.100
      1882.587   0.000   0.100
      1912.112   0.000   0.100
      1941.638   0.000   0.100
      1971.164   1.000   0.100
      2000.689   0.000   0.100
      2030.215   0.000   0.100
      2059.740   0.000   0.100
      2089.266   0.000   0.100
      2118.792   0.000   0.100
      2148.317   0.000   0.100
      2177.843   0.000   0.100
      2207.369   0.000   0.100
      2236.894   0.000   0.100
      2266.419   0.000   0.100
      2295.945   0.000   0.100
      2325.471   0.000   0.100
      2354.997   0.000   0.100
      2384.522   0.000   0.100
      2414.048   0.000   0.100
      2443.573   0.000   0.100
      2473.099   0.000   0.100
      2502.625   0.000   0.100
      2532.150   0.000   0.100
      2561.676   0.000   0.100
      2591.201   0.000   0.100
      2620.727   0.000   0.100
      2650.252   0.000   0.100
      2679.778   0.000   0.100
      2709.304   0.000   0.100
      2738.830   0.000   0.100
      2768.355   0.000   0.100
      2797.881   0.000   0.100
      2827.406   0.000   0.100
      2856.932   0.000   0.100
      2886.458   0.000   0.100
      2915.983   0.000   0.100
      2945.509   1.000   0.100
      2975.034   0.000   0.100
