       159.219   5.000   0.100
       201.539  16.000   0.100
       243.859   8.000   0.100
       286.179  21.000   0.100
       328.499  16.000   0.100
       370.819  26.000   0.100
       413.139  38.000   0.100
       455.459  39.000   0.100
       497.779  51.000   0.100
       540.099  27.000   0.100
       582.419  43.000   0.100
       624.739  37.000   0.100
       667.059  40.000   0.100
       709.379  43.000   0.100
       751.699  30.000   0.100
       794.019  28.000   0.100
       836.339  32.000   0.100
       878.659  23.000   0.100
       920.979  21.000   0.100
       963.299  23.000   0.100
      1005.619  24.000   0.100
      1047.939  20.000   0.100
      1090.259  31.000   0.100
      1132.579  26.000   0.100
      1174.899  27.000   0.100
      1217.219  26.000   0.100
      1259.539  12.000   0.100
      1301.859  15.000   0.100
      1344.179  19.000   0.100
      1386.499  11.000   0.100
      1428.819  16.000   0.100
      1471.139   8.000   0.100
      1513.459  13.000   0.100
      1555.779  19.000   0.100
      1598.099   7.000   0.100
      1640.419   9.000   0.100
      1682.739   6.000   0.100
      1725.059   6.000   0.100
      1767.379   4.000   0.100
      1809.699   3.000   0.100
      1852.019   6.000   0.100
      1894.339  12.000   0.100
      1936.659  10.000   0.100
      1978.979   6.000   0.100
      2021.299   8.000   0.100
      2063.620   9.000   0.100
      2105.939   8.000   0.100
      2148.260   5.000   0.100
      2190.580   2.000   0.100
      2232.900   6.000   0.100
      2275.219   3.000   0.100
      2317.540   6.000   0.100
      2359.860   4.000   0.100
      2402.180   2.000   0.100
      2444.500   4.000   0.100
      2486.820   5.000   0.100
      2529.140   6.000   0.100
      2571.460   0.000   0.100
      2613.780   1.000   0.100
      2656.100   4.000   0.100
      2698.420   3.000   0.100
      2740.740   3.000   0.100
      2783.060   1.000   0.100
      2825.380   3.000   0.100
      2867.700   1.000   0.100
      2910.020   0.000   0.100
      2952.340   0.000   0.100
      2994.660   0.000   0.100
      3036.980   0.000   0.100
      3079.300   0.000   0.100
      3121.620   0.000   0.100
      3163.940   0.000   0.100
      3206.260   0.000   0.100
      3248.580   0.000   0.100
      3290.900   0.000   0.100
      3333.220   0.000   0.100
      3375.540   0.000   0.100
      3417.860   0.000   0.100
      3460.180   0.000   0.100
      3502.500   1.000   0.100
      3544.820   1.000   0.100
      3587.140   2.000   0.100
      3629.460   4.000   0.100
      3671.780   0.000   0.100
      3714.100   0.000   0.100
      3756.420   0.000   0.100
      3798.740   1.000   0.100
      3841.060   0.000   0.100
      3883.380   1.000   0.100
      3925.700   0.000   0.100
      3968.020   0.000   0.100
      4010.340   0.000   0.100
      4052.660   1.000   0.100
      4094.980   0.000   0.100
      4137.300   0.000   0.100
      4179.620   0.000   0.100
      4221.940   0.000   0.100
      4264.260   0.000   0.100
      4306.580   0.000   0.100
      4348.900   2.000   0.100
