       317.423   9.000   0.100
       453.238  19.000   0.100
       589.053  44.000   0.100
       724.867  56.000   0.100
       860.682  40.000   0.100
       996.497  52.000   0.100
      1132.312  65.000   0.100
      1268.126  66.000   0.100
      1403.941  72.000   0.100
      1539.756  65.000   0.100
      1675.571  46.000   0.100
      1811.385  51.000   0.100
      1947.200  35.000   0.100
      2083.015  22.000   0.100
      2218.830  23.000   0.100
      2354.645  21.000   0.100
      2490.459  31.000   0.100
      2626.274  21.000   0.100
      2762.089  17.000   0.100
      2897.904  12.000   0.100
      3033.719  21.000   0.100
      3169.533  17.000   0.100
      3305.348  16.000   0.100
      3441.163  11.000   0.100
      3576.978  13.000   0.100
      3712.792  13.000   0.100
      3848.607  17.000   0.100
      3984.422  10.000   0.100
      4120.237  14.000   0.100
      4256.051  15.000   0.100
      4391.866   5.000   0.100
      4527.681   8.000   0.100
      4663.496   7.000   0.100
      4799.311   6.000   0.100
      4935.125   5.000   0.100
      5070.940   5.000   0.100
      5206.755   6.000   0.100
      5342.569   0.000   0.100
      5478.384   5.000   0.100
      5614.199   1.000   0.100
      5750.014   1.000   0.100
      5885.829   4.000   0.100
      6021.644   2.000   0.100
      6157.458   1.000   0.100
      6293.273   3.000   0.100
      6429.088   0.000   0.100
      6564.902   1.000   0.100
      6700.717   0.000   0.100
      6836.532   1.000   0.100
      6972.347   5.000   0.100
      7108.162   2.000   0.100
      7243.976   4.000   0.100
      7379.791   0.000   0.100
      7515.606   3.000   0.100
      7651.420   2.000   0.100
      7787.235   0.000   0.100
      7923.050   0.000   0.100
      8058.865   0.000   0.100
      8194.680   1.000   0.100
      8330.495   0.000   0.100
      8466.310   0.000   0.100
      8602.124   0.000   0.100
      8737.938   1.000   0.100
      8873.754   0.000   0.100
      9009.568   0.000   0.100
      9145.383   0.000   0.100
      9281.198   0.000   0.100
      9417.013   2.000   0.100
      9552.827   0.000   0.100
      9688.643   0.000   0.100
      9824.457   0.000   0.100
      9960.271   1.000   0.100
     10096.087   0.000   0.100
     10231.901   0.000   0.100
     10367.716   0.000   0.100
     10503.531   0.000   0.100
     10639.346   0.000   0.100
     10775.160   0.000   0.100
     10910.976   0.000   0.100
     11046.790   0.000   0.100
     11182.604   0.000   0.100
     11318.420   0.000   0.100
     11454.234   2.000   0.100
     11590.049   0.000   0.100
     11725.864   0.000   0.100
     11861.679   0.000   0.100
     11997.493   0.000   0.100
     12133.309   0.000   0.100
     12269.123   0.000   0.100
     12404.938   0.000   0.100
     12540.753   0.000   0.100
     12676.567   0.000   0.100
     12812.382   0.000   0.100
     12948.197   0.000   0.100
     13084.012   0.000   0.100
     13219.826   0.000   0.100
     13355.642   0.000   0.100
     13491.456   0.000   0.100
     13627.271   2.000   0.100
     13763.085   0.000   0.100
