       677.378   5.000   0.100
       873.810  12.000   0.100
      1070.242  17.000   0.100
      1266.675  22.000   0.100
      1463.107  37.000   0.100
      1659.539  53.000   0.100
      1855.971  37.000   0.100
      2052.403  50.000   0.100
      2248.836  55.000   0.100
      2445.268  50.000   0.100
      2641.700  33.000   0.100
      2838.132  38.000   0.100
      3034.564  44.000   0.100
      3230.997  42.000   0.100
      3427.429  32.000   0.100
      3623.861  29.000   0.100
      3820.293  24.000   0.100
      4016.725  29.000   0.100
      4213.158  22.000   0.100
      4409.590  27.000   0.100
      4606.022  26.000   0.100
      4802.454  21.000   0.100
      4998.886  16.000   0.100
      5195.319  20.000   0.100
      5391.751  16.000   0.100
      5588.183  13.000   0.100
      5784.615  13.000   0.100
      5981.047  16.000   0.100
      6177.479  11.000   0.100
      6373.912  16.000   0.100
      6570.344  16.000   0.100
      6766.776  18.000   0.100
      6963.208  16.000   0.100
      7159.641   9.000   0.100
      7356.073   4.000   0.100
      7552.505  11.000   0.100
      7748.938   6.000   0.100
      7945.370   7.000   0.100
      8141.802  11.000   0.100
      8338.234   1.000   0.100
      8534.666   6.000   0.100
      8731.099   6.000   0.100
      8927.530   6.000   0.100
      9123.963   3.000   0.100
      9320.395   3.000   0.100
      9516.827   3.000   0.100
      9713.260   3.000   0.100
      9909.691   2.000   0.100
     10106.124   2.000   0.100
     10302.556   3.000   0.100
     10498.988   2.000   0.100
     10695.420   1.000   0.100
     10891.853   5.000   0.100
     11088.285   1.000   0.100
     11284.717   2.000   0.100
     11481.149   3.000   0.100
     11677.581   0.000   0.100
     11874.014   2.000   0.100
     12070.446   2.000   0.100
     12266.878   2.000   0.100
     12463.311   0.000   0.100
     12659.742   2.000   0.100
     12856.175   2.000   0.100
     13052.606   0.000   0.100
     13249.039   0.000   0.100
     13445.472   1.000   0.100
     13641.903   1.000   0.100
     13838.336   1.000   0.100
     14034.768   2.000   0.100
     14231.200   0.000   0.100
     14427.632   2.000   0.100
     14624.064   1.000   0.100
     14820.497   1.000   0.100
     15016.929   0.000   0.100
     15213.361   0.000   0.100
     15409.793   1.000   0.100
     15606.226   1.000   0.100
     15802.658   0.000   0.100
     15999.090   2.000   0.100
     16195.522   0.000   0.100
     16391.955   0.000   0.100
     16588.387   0.000   0.100
     16784.818   0.000   0.100
     16981.252   0.000   0.100
     17177.684   0.000   0.100
     17374.117   0.000   0.100
     17570.549   0.000   0.100
     17766.980   0.000   0.100
     17963.412   0.000   0.100
     18159.846   0.000   0.100
     18356.277   0.000   0.100
     18552.709   0.000   0.100
     18749.143   0.000   0.100
     18945.574   0.000   0.100
     19142.006   0.000   0.100
     19338.438   0.000   0.100
     19534.871   0.000   0.100
     19731.303   0.000   0.100
     19927.734   1.000   0.100
     20124.168   0.000   0.100
