      1884.490   9.000   0.100
      2443.164  25.000   0.100
      3001.838  28.000   0.100
      3560.512  42.000   0.100
      4119.187  50.000   0.100
      4677.860  48.000   0.100
      5236.534  52.000   0.100
      5795.208  54.000   0.100
      6353.883  56.000   0.100
      6912.557  47.000   0.100
      7471.230  53.000   0.100
      8029.905  43.000   0.100
      8588.579  28.000   0.100
      9147.253  40.000   0.100
      9705.927  30.000   0.100
     10264.602  23.000   0.100
     10823.275  26.000   0.100
     11381.949  29.000   0.100
     11940.623  42.000   0.100
     12499.298  35.000   0.100
     13057.972   9.000   0.100
     13616.646  14.000   0.100
     14175.320  15.000   0.100
     14733.994  15.000   0.100
     15292.668  14.000   0.100
     15851.342  16.000   0.100
     16410.016   7.000   0.100
     16968.689  10.000   0.100
     17527.363  12.000   0.100
     18086.037   7.000   0.100
     18644.713   5.000   0.100
     19203.387   5.000   0.100
     19762.061   8.000   0.100
     20320.734  12.000   0.100
     20879.408   8.000   0.100
     21438.082   7.000   0.100
     21996.756   2.000   0.100
     22555.432   9.000   0.100
     23114.105  10.000   0.100
     23672.779   4.000   0.100
     24231.453   2.000   0.100
     24790.127   2.000   0.100
     25348.801   7.000   0.100
     25907.475   3.000   0.100
     26466.150   1.000   0.100
     27024.824   3.000   0.100
     27583.498   5.000   0.100
     28142.172   0.000   0.100
     28700.846   3.000   0.100
     29259.520   0.000   0.100
     29818.193   1.000   0.100
     30376.867   2.000   0.100
     30935.541   2.000   0.100
     31494.217   3.000   0.100
     32052.891   1.000   0.100
     32611.564   1.000   0.100
     33170.238   2.000   0.100
     33728.910   0.000   0.100
     34287.586   1.000   0.100
     34846.258   1.000   0.100
     35404.934   0.000   0.100
     35963.605   2.000   0.100
     36522.281   0.000   0.100
     37080.953   0.000   0.100
     37639.629   0.000   0.100
     38198.305   0.000   0.100
     38756.977   0.000   0.100
     39315.652   1.000   0.100
     39874.324   1.000   0.100
     40433.000   3.000   0.100
     40991.672   0.000   0.100
     41550.348   1.000   0.100
     42109.020   1.000   0.100
     42667.695   0.000   0.100
     43226.371   1.000   0.100
     43785.043   0.000   0.100
     44343.719   0.000   0.100
     44902.391   0.000   0.100
     45461.066   0.000   0.100
     46019.738   0.000   0.100
     46578.414   0.000   0.100
     47137.090   0.000   0.100
     47695.762   0.000   0.100
     48254.438   0.000   0.100
     48813.109   0.000   0.100
     49371.785   0.000   0.100
     49930.457   0.000   0.100
     50489.133   0.000   0.100
     51047.809   0.000   0.100
     51606.480   0.000   0.100
     52165.156   0.000   0.100
     52723.828   0.000   0.100
     53282.504   0.000   0.100
     53841.176   0.000   0.100
     54399.852   0.000   0.100
     54958.523   0.000   0.100
     55517.199   0.000   0.100
     56075.875   0.000   0.100
     56634.547   1.000   0.100
     57193.223   0.000   0.100
