0.100000 180.967483 2.66026e-06
0.200000 163.746150 2.4071e-06
0.300000 148.163644 2.17803e-06
0.400000 134.064009 1.97077e-06
0.500000 121.306131 1.78322e-06
0.600000 109.762327 1.61353e-06
0.700000 99.317060 1.45998e-06
0.800000 89.865792 1.32104e-06
0.900000 81.313931 1.19533e-06
1.000000 73.575888 1.08158e-06
1.100000 66.574216 9.78654e-07
1.200000 60.238842 8.85522e-07
1.300000 54.506358 8.01254e-07
1.400000 49.319392 7.25004e-07
1.500000 44.626031 6.56011e-07
1.600000 40.379303 5.93583e-07
1.700000 36.536704 5.37096e-07
1.800000 33.059777 4.85985e-07
1.900000 29.913723 4.39737e-07
2.000000 27.067056 3.97891e-07
2.100000 24.491285 3.60027e-07
2.200000 22.160631 3.25765e-07
2.300000 20.051768 2.94765e-07
2.400000 18.143590 2.66714e-07
2.500000 16.416999 2.41333e-07
2.600000 14.854715 2.18367e-07
2.700000 13.441102 1.97587e-07
2.800000 12.162012 1.78784e-07
2.900000 11.004644 1.6177e-07
3.000000 9.957413 1.46376e-07
3.100000 9.009840 1.32446e-07
3.200000 8.152441 1.19842e-07
3.300000 7.376633 1.08438e-07
3.400000 6.674654 9.81187e-08
3.500000 6.039476 8.87815e-08
3.600000 5.464744 8.03328e-08
3.700000 4.944705 7.26881e-08
3.800000 4.474154 6.57709e-08
3.900000 4.048382 5.9512e-08
4.000000 3.663128 5.38487e-08
4.100000 3.314535 4.87243e-08
4.200000 2.999115 4.40876e-08
4.300000 2.713712 3.98921e-08
4.400000 2.455468 3.60958e-08
4.500000 2.221799 3.26609e-08
4.600000 2.010367 2.95528e-08
4.700000 1.819055 2.67405e-08
4.800000 1.645949 2.41958e-08
4.900000 1.489317 2.18932e-08
5.000000 1.347589 1.98098e-08
5.100000 1.219349 1.79247e-08
5.200000 1.103313 1.62189e-08
5.300000 0.998319 1.46755e-08
5.400000 0.903316 1.32789e-08
5.500000 0.817354 1.20153e-08
5.600000 0.739573 1.08719e-08
5.700000 0.669193 9.83727e-09
5.800000 0.605511 8.90113e-09
5.900000 0.547889 8.05407e-09
6.000000 0.495750 7.28763e-09
6.100000 0.448574 6.59412e-09
6.200000 0.405886 5.9666e-09
6.300000 0.367261 5.39881e-09
6.400000 0.332311 4.88504e-09
6.500000 0.300688 4.42017e-09
6.600000 0.272074 3.99953e-09
6.700000 0.246182 3.61893e-09
6.800000 0.222755 3.27454e-09
6.900000 0.201557 2.96293e-09
7.000000 0.182376 2.68097e-09
7.100000 0.165021 2.42584e-09
7.200000 0.149317 2.19499e-09
7.300000 0.135108 1.98611e-09
7.400000 0.122251 1.79711e-09
7.500000 0.110617 1.62609e-09
7.600000 0.100090 1.47135e-09
7.700000 0.090565 1.33133e-09
7.800000 0.081947 1.20464e-09
7.900000 0.074149 1.09e-09
8.000000 0.067093 9.86273e-10
8.100000 0.060708 8.92417e-10
8.200000 0.054931 8.07492e-10
8.300000 0.049703 7.30649e-10
8.400000 0.044973 6.61118e-10
8.500000 0.040694 5.98205e-10
8.600000 0.036821 5.41278e-10
8.700000 0.033317 4.89769e-10
8.800000 0.030147 4.43161e-10
8.900000 0.027278 4.00989e-10
9.000000 0.024682 3.62829e-10
9.100000 0.022333 3.28302e-10
9.200000 0.020208 2.9706e-10
9.300000 0.018285 2.68791e-10
9.400000 0.016545 2.43212e-10
9.500000 0.014970 2.20067e-10
9.600000 0.013546 1.99125e-10
9.700000 0.012257 1.80176e-10
9.800000 0.011090 1.6303e-10
9.900000 0.010035 1.47515e-10
10.000000 0.009080 1.33478e-10
