0.010000 1.010050 1.27898e-13
0.020000 1.020201 1.29008e-13
0.030000 1.030455 1.3034e-13
0.040000 1.040811 1.31672e-13
0.050000 1.051271 1.33005e-13
0.060000 1.061837 1.34115e-13
0.070000 1.072508 1.35669e-13
0.080000 1.083287 1.37002e-13
0.090000 1.094174 1.38334e-13
0.100000 1.105171 1.39666e-13
0.110000 1.116278 1.4122e-13
0.120000 1.127497 1.42553e-13
0.130000 1.138828 1.44107e-13
0.140000 1.150274 1.45439e-13
0.150000 1.161834 1.46994e-13
0.160000 1.173511 1.48326e-13
0.170000 1.185305 1.4988e-13
0.180000 1.197217 1.51434e-13
0.190000 1.209250 1.52989e-13
0.200000 1.221403 1.54543e-13
0.210000 1.233678 1.56097e-13
0.220000 1.246077 1.5743e-13
0.230000 1.258600 1.58984e-13
0.240000 1.271249 1.6076e-13
0.250000 1.284025 1.62315e-13
0.260000 1.296930 1.64091e-13
0.270000 1.309964 1.65645e-13
0.280000 1.323130 1.67422e-13
0.290000 1.336427 1.68976e-13
0.300000 1.349859 1.70752e-13
0.310000 1.363425 1.72307e-13
0.320000 1.377128 1.74305e-13
0.330000 1.390968 1.75859e-13
0.340000 1.404948 1.77636e-13
0.350000 1.419068 1.79412e-13
0.360000 1.433329 1.81188e-13
0.370000 1.447735 1.83187e-13
0.380000 1.462285 1.84741e-13
0.390000 1.476981 1.8674e-13
0.400000 1.491825 1.88738e-13
0.410000 1.506818 1.90514e-13
0.420000 1.521962 1.92513e-13
0.430000 1.537258 1.94511e-13
0.440000 1.552707 1.96287e-13
0.450000 1.568312 1.98286e-13
0.460000 1.584074 2.00284e-13
0.470000 1.599994 2.02283e-13
0.480000 1.616074 2.04281e-13
0.490000 1.632316 2.06279e-13
0.500000 1.648721 2.085e-13
0.510000 1.665291 2.10498e-13
0.520000 1.682028 2.12719e-13
0.530000 1.698932 2.14939e-13
0.540000 1.716007 2.16938e-13
0.550000 1.733253 2.19158e-13
0.560000 1.750673 2.21378e-13
0.570000 1.768267 2.23599e-13
0.580000 1.786038 2.25819e-13
0.590000 1.803988 2.2804e-13
0.600000 1.822119 2.3026e-13
0.610000 1.840431 2.32703e-13
0.620000 1.858928 2.34923e-13
0.630000 1.877611 2.37366e-13
0.640000 1.896481 2.39808e-13
0.650000 1.915541 2.42251e-13
0.660000 1.934792 2.44693e-13
0.670000 1.954237 2.47136e-13
0.680000 1.973878 2.498e-13
0.690000 1.993716 2.52243e-13
0.700000 2.013753 2.54463e-13
0.710000 2.033991 2.57572e-13
0.720000 2.054433 2.59792e-13
0.730000 2.075081 2.62457e-13
0.740000 2.095936 2.64677e-13
0.750000 2.117000 2.67786e-13
0.760000 2.138276 2.7045e-13
0.770000 2.159766 2.73115e-13
0.780000 2.181472 2.75779e-13
0.790000 2.203396 2.78888e-13
0.800000 2.225541 2.81553e-13
0.810000 2.247908 2.84217e-13
0.820000 2.270500 2.86882e-13
0.830000 2.293319 2.8999e-13
0.840000 2.316367 2.93099e-13
0.850000 2.339647 2.95763e-13
0.860000 2.363161 2.98872e-13
0.870000 2.386911 3.01981e-13
0.880000 2.410900 3.04645e-13
0.890000 2.435130 3.07754e-13
0.900000 2.459603 3.10862e-13
0.910000 2.484323 3.14415e-13
0.920000 2.509290 3.17524e-13
0.930000 2.534509 3.20632e-13
0.940000 2.559981 3.23741e-13
0.950000 2.585710 3.2685e-13
0.960000 2.611696 3.30402e-13
0.970000 2.637944 3.33511e-13
0.980000 2.664456 3.37064e-13
0.990000 2.691234 3.40172e-13
1.000000 2.718282 3.43725e-13
