0.100000 90.483742 1.33013e-06
0.200000 81.873075 1.20355e-06
0.300000 74.081822 1.08902e-06
0.400000 67.032004 9.85383e-07
0.500000 60.653066 8.91612e-07
0.600000 54.881163 8.06764e-07
0.700000 49.658530 7.2999e-07
0.800000 44.932896 6.60522e-07
0.900000 40.656966 5.97665e-07
1.000000 36.787944 5.4079e-07
1.100000 33.287108 4.89327e-07
1.200000 30.119421 4.42761e-07
1.300000 27.253179 4.00627e-07
1.400000 24.659696 3.62502e-07
1.500000 22.313016 3.28006e-07
1.600000 20.189651 2.96792e-07
1.700000 18.268352 2.68548e-07
1.800000 16.529889 2.42993e-07
1.900000 14.956862 2.19869e-07
2.000000 13.533528 1.98945e-07
2.100000 12.245643 1.80013e-07
2.200000 11.080316 1.62883e-07
2.300000 10.025884 1.47382e-07
2.400000 9.071795 1.33357e-07
2.500000 8.208500 1.20667e-07
2.600000 7.427358 1.09184e-07
2.700000 6.720551 9.87934e-08
2.800000 6.081006 8.93919e-08
2.900000 5.502322 8.08852e-08
3.000000 4.978707 7.31879e-08
3.100000 4.504920 6.62232e-08
3.200000 4.076220 5.99212e-08
3.300000 3.688317 5.4219e-08
3.400000 3.337327 4.90593e-08
3.500000 3.019738 4.43907e-08
3.600000 2.732372 4.01664e-08
3.700000 2.472353 3.63441e-08
3.800000 2.237077 3.28855e-08
3.900000 2.024191 2.9756e-08
4.000000 1.831564 2.69243e-08
4.100000 1.657267 2.43621e-08
4.200000 1.499558 2.20438e-08
4.300000 1.356856 1.9946e-08
4.400000 1.227734 1.80479e-08
4.500000 1.110900 1.63304e-08
4.600000 1.005184 1.47764e-08
4.700000 0.909528 1.33702e-08
4.800000 0.822975 1.20979e-08
4.900000 0.744658 1.09466e-08
5.000000 0.673795 9.90491e-09
5.100000 0.609675 8.96233e-09
5.200000 0.551656 8.10945e-09
5.300000 0.499159 7.33774e-09
5.400000 0.451658 6.63946e-09
5.500000 0.408677 6.00763e-09
5.600000 0.369786 5.43593e-09
5.700000 0.334597 4.91863e-09
5.800000 0.302755 4.45056e-09
5.900000 0.273944 4.02704e-09
6.000000 0.247875 3.64381e-09
6.100000 0.224287 3.29706e-09
6.200000 0.202943 2.9833e-09
6.300000 0.183630 2.6994e-09
6.400000 0.166156 2.44252e-09
6.500000 0.150344 2.21008e-09
6.600000 0.136037 1.99977e-09
6.700000 0.123091 1.80946e-09
6.800000 0.111378 1.63727e-09
6.900000 0.100779 1.48146e-09
7.000000 0.091188 1.34048e-09
7.100000 0.082510 1.21292e-09
7.200000 0.074659 1.0975e-09
7.300000 0.067554 9.93055e-10
7.400000 0.061125 8.98553e-10
7.500000 0.055308 8.13044e-10
7.600000 0.050045 7.35673e-10
7.700000 0.045283 6.65665e-10
7.800000 0.040973 6.02318e-10
7.900000 0.037074 5.45e-10
8.000000 0.033546 4.93136e-10
8.100000 0.030354 4.46208e-10
8.200000 0.027465 4.03746e-10
8.300000 0.024852 3.65324e-10
8.400000 0.022487 3.30559e-10
8.500000 0.020347 2.99102e-10
8.600000 0.018411 2.70639e-10
8.700000 0.016659 2.44884e-10
8.800000 0.015073 2.2158e-10
8.900000 0.013639 2.00494e-10
9.000000 0.012341 1.81415e-10
9.100000 0.011167 1.64151e-10
9.200000 0.010104 1.4853e-10
9.300000 0.009142 1.34395e-10
9.400000 0.008272 1.21606e-10
9.500000 0.007485 1.10034e-10
9.600000 0.006773 9.95625e-11
9.700000 0.006128 9.00879e-11
9.800000 0.005545 8.15149e-11
9.900000 0.005017 7.37577e-11
10.000000 0.004540 6.67388e-11
