0.1 1.10517 1.23397e-08 1.10517 9.28212e-10
0.2 1.2214 1.36375e-08 1.2214 2.05167e-09
0.3 1.34986 1.50718e-08 1.34986 3.40116e-09
0.4 1.49182 1.66569e-08 1.49182 5.01182e-09
0.5 1.64872 1.84087e-08 1.64872 6.92365e-09
0.6 1.82212 2.03448e-08 1.82212 9.18217e-09
0.7 2.01375 2.24845e-08 2.01375 1.18392e-08
0.8 2.22554 2.48492e-08 2.22554 1.49535e-08
0.9 2.4596 2.74626e-08 2.4596 1.8592e-08
1 2.71828 3.03509e-08 2.71828 2.28303e-08
1.1 3.00417 3.35429e-08 3.00417 2.77546e-08
1.2 3.32012 3.70706e-08 3.32012 3.3462e-08
1.3 3.6693 4.09694e-08 3.6693 4.0063e-08
1.4 4.0552 4.52782e-08 4.0552 4.76824e-08
1.5 4.48169 5.00401e-08 4.48169 5.64613e-08
1.6 4.95303 5.53029e-08 4.95303 6.65593e-08
1.7 5.47395 6.11191e-08 5.47395 7.81569e-08
1.8 6.04965 6.75471e-08 6.04965 9.14577e-08
1.9 6.68589 7.46511e-08 6.68589 1.06692e-07
2 7.38906 8.25022e-08 7.38906 1.24119e-07
2.1 8.16617 9.11791e-08 8.16617 1.44031e-07
2.2 9.02501 1.00768e-07 9.02501 1.66759e-07
2.3 9.97418 1.11366e-07 9.97418 1.92674e-07
2.4 11.0232 1.23079e-07 11.0232 2.22196e-07
2.5 12.1825 1.36023e-07 12.1825 2.55796e-07
2.6 13.4637 1.50329e-07 13.4637 2.94006e-07
2.7 14.8797 1.66139e-07 14.8797 3.37424e-07
2.8 16.4446 1.83612e-07 16.4446 3.86723e-07
2.9 18.1741 2.02923e-07 18.1741 4.42659e-07
3 20.0855 2.24264e-07 20.0855 5.06084e-07
3.1 22.198 2.4785e-07 22.198 5.77953e-07
3.2 24.5325 2.73917e-07 24.5325 6.59341e-07
3.3 27.1126 3.02725e-07 27.1126 7.51456e-07
3.4 29.9641 3.34563e-07 29.9641 8.55653e-07
3.5 33.1155 3.69749e-07 33.1155 9.73456e-07
3.6 36.5982 4.08636e-07 36.5982 1.10657e-06
3.7 40.4473 4.51613e-07 40.4473 1.25692e-06
3.8 44.7012 4.99109e-07 44.7012 1.42666e-06
3.9 49.4024 5.51601e-07 49.4024 1.61819e-06
4 54.5981 6.09614e-07 54.5982 1.83424e-06
4.1 60.3403 6.73727e-07 60.3403 2.07782e-06
4.2 66.6863 7.44584e-07 66.6863 2.35236e-06
4.3 73.6998 8.22892e-07 73.6998 2.66166e-06
4.4 81.4509 9.09437e-07 81.4509 3.01e-06
4.5 90.0171 1.00508e-06 90.0171 3.40216e-06
4.6 99.4843 1.11079e-06 99.4843 3.84353e-06
4.7 109.947 1.22761e-06 109.947 4.3401e-06
4.8 121.51 1.35672e-06 121.51 4.8986e-06
4.9 134.29 1.49941e-06 134.29 5.52658e-06
5 148.413 1.6571e-06 148.413 6.23247e-06
5.1 164.022 1.83138e-06 164.022 7.0257e-06
5.2 181.272 2.02399e-06 181.272 7.91685e-06
5.3 200.337 2.23685e-06 200.337 8.91773e-06
5.4 221.406 2.4721e-06 221.406 1.00416e-05
5.5 244.692 2.7321e-06 244.692 1.13032e-05
5.6 270.426 3.01944e-06 270.426 1.27191e-05
5.7 298.867 3.33699e-06 298.867 1.43077e-05
5.8 330.3 3.68795e-06 330.3 1.60899e-05
5.9 365.037 4.07581e-06 365.037 1.80887e-05
6 403.429 4.50447e-06 403.429 2.03299e-05
6.1 445.858 4.97821e-06 445.858 2.28425e-05
6.2 492.749 5.50177e-06 492.749 2.56587e-05
6.3 544.572 6.0804e-06 544.572 2.88146e-05
6.4 601.845 6.71988e-06 601.845 3.23506e-05
6.5 665.142 7.42661e-06 665.142 3.63116e-05
6.6 735.095 8.20768e-06 735.095 4.07479e-05
6.7 812.406 9.07089e-06 812.406 4.57157e-05
6.8 897.847 1.00249e-05 897.847 5.12777e-05
6.9 992.275 1.10792e-05 992.275 5.75041e-05
7 1096.63 1.22444e-05 1096.63 6.44729e-05
7.1 1211.97 1.35322e-05 1211.97 7.22714e-05
7.2 1339.43 1.49554e-05 1339.43 8.09973e-05
7.3 1480.3 1.65282e-05 1480.3 9.07591e-05
7.4 1635.98 1.82665e-05 1635.98 0.000101678
7.5 1808.04 2.01876e-05 1808.04 0.00011389
7.6 1998.2 2.23108e-05 1998.2 0.000127547
7.7 2208.35 2.46572e-05 2208.35 0.000142816
7.8 2440.6 2.72504e-05 2440.6 0.000159885
7.9 2697.28 3.01164e-05 2697.28 0.000178966
8 2980.96 3.32838e-05 2980.96 0.000200292
8.1 3294.47 3.67843e-05 3294.47 0.000224124
8.2 3640.95 4.06529e-05 3640.95 0.000250753
8.3 4023.87 4.49284e-05 4023.87 0.000280504
8.4 4447.07 4.96536e-05 4447.07 0.00031374
8.5 4914.77 5.48757e-05 4914.77 0.000350865
8.6 5431.66 6.0647e-05 5431.66 0.000392327
8.7 6002.91 6.70253e-05 6002.91 0.00043863
8.8 6634.24 7.40744e-05 6634.24 0.000490334
8.9 7331.97 8.18649e-05 7331.97 0.00054806
9 8103.08 9.04747e-05 8103.08 0.000612506
9.1 8955.29 9.999e-05 8955.29 0.000684445
9.2 9897.13 0.000110506 9897.13 0.000764741
9.3 10938 0.000122128 10938 0.000854356
9.4 12088.4 0.000134972 12088.4 0.000954363
9.5 13359.7 0.000149168 13359.7 0.00106595
9.6 14764.8 0.000164856 14764.8 0.00119046
9.7 16317.6 0.000182194 16317.6 0.00132937
9.8 18033.7 0.000201355 18033.7 0.00148433
9.9 19930.4 0.000222532 19930.4 0.00165717
10 22026.5 0.000245936 22026.5 0.00184996
