         4.564   7.000   0.100
         5.640  15.000   0.100
         6.716  31.000   0.100
         7.792  38.000   0.100
         8.868  46.000   0.100
         9.944  45.000   0.100
        11.020  29.000   0.100
        12.096  44.000   0.100
        13.172  41.000   0.100
        14.248  54.000   0.100
        15.324  46.000   0.100
        16.400  51.000   0.100
        17.476  37.000   0.100
        18.552  28.000   0.100
        19.629  43.000   0.100
        20.705  37.000   0.100
        21.781  23.000   0.100
        22.857  32.000   0.100
        23.933  26.000   0.100
        25.009  22.000   0.100
        26.085  30.000   0.100
        27.161  20.000   0.100
        28.237  23.000   0.100
        29.313  19.000   0.100
        30.389  18.000   0.100
        31.465   9.000   0.100
        32.541  13.000   0.100
        33.617   7.000   0.100
        34.693   8.000   0.100
        35.769  14.000   0.100
        36.846  11.000   0.100
        37.922  10.000   0.100
        38.998  13.000   0.100
        40.074   5.000   0.100
        41.150  10.000   0.100
        42.226   7.000   0.100
        43.302   8.000   0.100
        44.378   6.000   0.100
        45.454   8.000   0.100
        46.530   9.000   0.100
        47.606   6.000   0.100
        48.682   2.000   0.100
        49.758   3.000   0.100
        50.834   4.000   0.100
        51.910   4.000   0.100
        52.987   5.000   0.100
        54.063   3.000   0.100
        55.139   3.000   0.100
        56.215   1.000   0.100
        57.291   2.000   0.100
        58.367   0.000   0.100
        59.443   1.000   0.100
        60.519   0.000   0.100
        61.595   3.000   0.100
        62.671   1.000   0.100
        63.747   1.000   0.100
        64.823   1.000   0.100
        65.899   1.000   0.100
        66.975   1.000   0.100
        68.051   1.000   0.100
        69.127   1.000   0.100
        70.204   0.000   0.100
        71.280   0.000   0.100
        72.356   1.000   0.100
        73.432   0.000   0.100
        74.508   2.000   0.100
        75.584   2.000   0.100
        76.660   0.000   0.100
        77.736   2.000   0.100
        78.812   0.000   0.100
        79.888   0.000   0.100
        80.964   0.000   0.100
        82.040   0.000   0.100
        83.116   0.000   0.100
        84.192   0.000   0.100
        85.268   0.000   0.100
        86.344   0.000   0.100
        87.421   0.000   0.100
        88.497   1.000   0.100
        89.573   1.000   0.100
        90.649   1.000   0.100
        91.725   0.000   0.100
        92.801   0.000   0.100
        93.877   1.000   0.100
        94.953   1.000   0.100
        96.029   0.000   0.100
        97.105   0.000   0.100
        98.181   0.000   0.100
        99.257   0.000   0.100
       100.333   0.000   0.100
       101.409   0.000   0.100
       102.485   0.000   0.100
       103.562   0.000   0.100
       104.638   0.000   0.100
       105.714   0.000   0.100
       106.790   0.000   0.100
       107.866   0.000   0.100
       108.942   0.000   0.100
       110.018   1.000   0.100
       111.094   0.000   0.100
