         7.620   5.000   0.100
         9.766   9.000   0.100
        11.912  11.000   0.100
        14.058  35.000   0.100
        16.204  39.000   0.100
        18.350  48.000   0.100
        20.496  53.000   0.100
        22.642  55.000   0.100
        24.788  46.000   0.100
        26.934  53.000   0.100
        29.080  46.000   0.100
        31.226  43.000   0.100
        33.372  36.000   0.100
        35.518  34.000   0.100
        37.664  35.000   0.100
        39.810  33.000   0.100
        41.955  42.000   0.100
        44.101  33.000   0.100
        46.247  20.000   0.100
        48.393  32.000   0.100
        50.539  28.000   0.100
        52.685  17.000   0.100
        54.831  14.000   0.100
        56.977  12.000   0.100
        59.123  14.000   0.100
        61.269  19.000   0.100
        63.415  14.000   0.100
        65.561  16.000   0.100
        67.707  14.000   0.100
        69.853  13.000   0.100
        71.999   8.000   0.100
        74.145   7.000   0.100
        76.291   6.000   0.100
        78.437  13.000   0.100
        80.582   9.000   0.100
        82.728   6.000   0.100
        84.874  10.000   0.100
        87.020   9.000   0.100
        89.166   6.000   0.100
        91.312   3.000   0.100
        93.458   5.000   0.100
        95.604   5.000   0.100
        97.750   2.000   0.100
        99.896   2.000   0.100
       102.042   6.000   0.100
       104.188   2.000   0.100
       106.334   2.000   0.100
       108.480   0.000   0.100
       110.626   4.000   0.100
       112.772   6.000   0.100
       114.918   3.000   0.100
       117.064   1.000   0.100
       119.210   2.000   0.100
       121.355   1.000   0.100
       123.501   0.000   0.100
       125.647   1.000   0.100
       127.793   2.000   0.100
       129.939   1.000   0.100
       132.085   0.000   0.100
       134.231   0.000   0.100
       136.377   0.000   0.100
       138.523   1.000   0.100
       140.669   0.000   0.100
       142.815   0.000   0.100
       144.961   0.000   0.100
       147.107   1.000   0.100
       149.253   0.000   0.100
       151.399   1.000   0.100
       153.545   0.000   0.100
       155.691   0.000   0.100
       157.837   0.000   0.100
       159.983   2.000   0.100
       162.128   1.000   0.100
       164.274   0.000   0.100
       166.420   0.000   0.100
       168.566   0.000   0.100
       170.712   0.000   0.100
       172.858   0.000   0.100
       175.004   0.000   0.100
       177.150   0.000   0.100
       179.296   0.000   0.100
       181.442   0.000   0.100
       183.588   0.000   0.100
       185.734   0.000   0.100
       187.880   0.000   0.100
       190.026   0.000   0.100
       192.172   0.000   0.100
       194.318   0.000   0.100
       196.464   0.000   0.100
       198.610   1.000   0.100
       200.756   0.000   0.100
       202.901   0.000   0.100
       205.047   0.000   0.100
       207.193   0.000   0.100
       209.339   0.000   0.100
       211.485   0.000   0.100
       213.631   1.000   0.100
       215.777   0.000   0.100
       217.923   0.000   0.100
       220.069   1.000   0.100
