        17.176   6.000   0.100
        21.235  16.000   0.100
        25.295  33.000   0.100
        29.354  29.000   0.100
        33.414  33.000   0.100
        37.473  34.000   0.100
        41.533  48.000   0.100
        45.592  47.000   0.100
        49.652  42.000   0.100
        53.711  50.000   0.100
        57.771  59.000   0.100
        61.830  40.000   0.100
        65.890  45.000   0.100
        69.949  32.000   0.100
        74.009  31.000   0.100
        78.068  33.000   0.100
        82.128  32.000   0.100
        86.187  31.000   0.100
        90.247  26.000   0.100
        94.306  26.000   0.100
        98.366  31.000   0.100
       102.425  18.000   0.100
       106.485  22.000   0.100
       110.544  24.000   0.100
       114.604  15.000   0.100
       118.663  15.000   0.100
       122.723  11.000   0.100
       126.783  10.000   0.100
       130.842  13.000   0.100
       134.902  12.000   0.100
       138.961   7.000   0.100
       143.021  12.000   0.100
       147.080  18.000   0.100
       151.140  13.000   0.100
       155.199   8.000   0.100
       159.259   4.000   0.100
       163.318  11.000   0.100
       167.378   5.000   0.100
       171.437   3.000   0.100
       175.497   5.000   0.100
       179.556   2.000   0.100
       183.616   5.000   0.100
       187.675   4.000   0.100
       191.735   4.000   0.100
       195.794   4.000   0.100
       199.854   2.000   0.100
       203.913   3.000   0.100
       207.973   2.000   0.100
       212.032   4.000   0.100
       216.092   0.000   0.100
       220.151   3.000   0.100
       224.211   4.000   0.100
       228.270   0.000   0.100
       232.330   0.000   0.100
       236.389   3.000   0.100
       240.449   1.000   0.100
       244.508   1.000   0.100
       248.568   1.000   0.100
       252.627   0.000   0.100
       256.687   0.000   0.100
       260.746   0.000   0.100
       264.806   1.000   0.100
       268.865   1.000   0.100
       272.925   0.000   0.100
       276.984   0.000   0.100
       281.044   0.000   0.100
       285.103   0.000   0.100
       289.163   1.000   0.100
       293.222   0.000   0.100
       297.282   0.000   0.100
       301.341   0.000   0.100
       305.401   1.000   0.100
       309.460   1.000   0.100
       313.520   1.000   0.100
       317.579   0.000   0.100
       321.639   0.000   0.100
       325.698   0.000   0.100
       329.758   0.000   0.100
       333.818   0.000   0.100
       337.877   0.000   0.100
       341.937   0.000   0.100
       345.996   0.000   0.100
       350.056   0.000   0.100
       354.115   0.000   0.100
       358.175   0.000   0.100
       362.234   0.000   0.100
       366.294   0.000   0.100
       370.353   0.000   0.100
       374.413   0.000   0.100
       378.472   0.000   0.100
       382.532   0.000   0.100
       386.591   0.000   0.100
       390.651   0.000   0.100
       394.710   0.000   0.100
       398.770   0.000   0.100
       402.829   0.000   0.100
       406.889   0.000   0.100
       410.948   0.000   0.100
       415.008   0.000   0.100
       419.067   1.000   0.100
