        42.341   8.000   0.100
        52.914  12.000   0.100
        63.487  25.000   0.100
        74.060  32.000   0.100
        84.634  36.000   0.100
        95.207  57.000   0.100
       105.780  45.000   0.100
       116.353  54.000   0.100
       126.926  44.000   0.100
       137.499  64.000   0.100
       148.072  52.000   0.100
       158.645  29.000   0.100
       169.218  47.000   0.100
       179.791  44.000   0.100
       190.364  32.000   0.100
       200.937  30.000   0.100
       211.510  31.000   0.100
       222.083  18.000   0.100
       232.656  28.000   0.100
       243.229  26.000   0.100
       253.802  34.000   0.100
       264.375  14.000   0.100
       274.948  24.000   0.100
       285.522  20.000   0.100
       296.095  10.000   0.100
       306.668  17.000   0.100
       317.241  16.000   0.100
       327.814   8.000   0.100
       338.387  10.000   0.100
       348.960  14.000   0.100
       359.533  14.000   0.100
       370.106  10.000   0.100
       380.679   9.000   0.100
       391.252   5.000   0.100
       401.825   8.000   0.100
       412.398   6.000   0.100
       422.971   5.000   0.100
       433.544   8.000   0.100
       444.117   3.000   0.100
       454.690   4.000   0.100
       465.263   4.000   0.100
       475.836   3.000   0.100
       486.410   6.000   0.100
       496.983   3.000   0.100
       507.556   3.000   0.100
       518.129   3.000   0.100
       528.702   1.000   0.100
       539.275   1.000   0.100
       549.848   3.000   0.100
       560.421   1.000   0.100
       570.994   1.000   0.100
       581.567   3.000   0.100
       592.140   1.000   0.100
       602.713   4.000   0.100
       613.286   0.000   0.100
       623.859   2.000   0.100
       634.432   0.000   0.100
       645.005   0.000   0.100
       655.578   0.000   0.100
       666.151   1.000   0.100
       676.724   0.000   0.100
       687.297   1.000   0.100
       697.870   0.000   0.100
       708.444   0.000   0.100
       719.017   2.000   0.100
       729.590   0.000   0.100
       740.163   0.000   0.100
       750.736   1.000   0.100
       761.309   0.000   0.100
       771.882   0.000   0.100
       782.455   1.000   0.100
       793.028   0.000   0.100
       803.601   0.000   0.100
       814.174   0.000   0.100
       824.747   0.000   0.100
       835.320   0.000   0.100
       845.893   0.000   0.100
       856.466   0.000   0.100
       867.039   0.000   0.100
       877.612   1.000   0.100
       888.185   0.000   0.100
       898.758   0.000   0.100
       909.332   0.000   0.100
       919.905   0.000   0.100
       930.478   0.000   0.100
       941.051   0.000   0.100
       951.624   0.000   0.100
       962.197   0.000   0.100
       972.770   0.000   0.100
       983.343   0.000   0.100
       993.916   0.000   0.100
      1004.489   0.000   0.100
      1015.062   0.000   0.100
      1025.635   0.000   0.100
      1036.208   0.000   0.100
      1046.781   0.000   0.100
      1057.354   0.000   0.100
      1067.927   0.000   0.100
      1078.500   1.000   0.100
      1089.073   0.000   0.100
