        85.299   6.000   0.100
       101.611  16.000   0.100
       117.924  16.000   0.100
       134.237  30.000   0.100
       150.549  30.000   0.100
       166.862  20.000   0.100
       183.175  34.000   0.100
       199.487  41.000   0.100
       215.800  40.000   0.100
       232.113  37.000   0.100
       248.426  44.000   0.100
       264.738  40.000   0.100
       281.051  31.000   0.100
       297.364  34.000   0.100
       313.676  27.000   0.100
       329.989  24.000   0.100
       346.302  29.000   0.100
       362.614  28.000   0.100
       378.927  26.000   0.100
       395.240  22.000   0.100
       411.552  20.000   0.100
       427.865  27.000   0.100
       444.178  22.000   0.100
       460.490  20.000   0.100
       476.803  17.000   0.100
       493.116  19.000   0.100
       509.428  13.000   0.100
       525.741  17.000   0.100
       542.054  19.000   0.100
       558.366  19.000   0.100
       574.679  19.000   0.100
       590.992  15.000   0.100
       607.304   4.000   0.100
       623.617  14.000   0.100
       639.930  16.000   0.100
       656.242   6.000   0.100
       672.555   8.000   0.100
       688.868   7.000   0.100
       705.180   7.000   0.100
       721.493   6.000   0.100
       737.806   4.000   0.100
       754.118   2.000   0.100
       770.431   6.000   0.100
       786.744   7.000   0.100
       803.056   5.000   0.100
       819.369   5.000   0.100
       835.682   7.000   0.100
       851.994   4.000   0.100
       868.307   8.000   0.100
       884.620   7.000   0.100
       900.932   8.000   0.100
       917.245   4.000   0.100
       933.558   2.000   0.100
       949.870   1.000   0.100
       966.183   6.000   0.100
       982.496   1.000   0.100
       998.809   3.000   0.100
      1015.121  10.000   0.100
      1031.434   0.000   0.100
      1047.747   6.000   0.100
      1064.059   5.000   0.100
      1080.372   0.000   0.100
      1096.685   6.000   0.100
      1112.997   0.000   0.100
      1129.310   3.000   0.100
      1145.623   0.000   0.100
      1161.935   4.000   0.100
      1178.248   0.000   0.100
      1194.561   0.000   0.100
      1210.873   1.000   0.100
      1227.186   0.000   0.100
      1243.499   1.000   0.100
      1259.812   1.000   0.100
      1276.124   1.000   0.100
      1292.437   2.000   0.100
      1308.750   0.000   0.100
      1325.062   0.000   0.100
      1341.375   0.000   0.100
      1357.688   2.000   0.100
      1374.000   0.000   0.100
      1390.313   0.000   0.100
      1406.625   2.000   0.100
      1422.938   0.000   0.100
      1439.251   0.000   0.100
      1455.564   0.000   0.100
      1471.876   1.000   0.100
      1488.189   0.000   0.100
      1504.502   1.000   0.100
      1520.814   1.000   0.100
      1537.127   0.000   0.100
      1553.440   0.000   0.100
      1569.752   0.000   0.100
      1586.065   0.000   0.100
      1602.378   1.000   0.100
      1618.690   0.000   0.100
      1635.003   0.000   0.100
      1651.316   0.000   0.100
      1667.628   0.000   0.100
      1683.941   2.000   0.100
      1700.254   0.000   0.100
