       133.310   6.000   0.100
       162.863   0.000   0.100
       192.415   6.000   0.100
       221.968  16.000   0.100
       251.521  10.000   0.100
       281.073  24.000   0.100
       310.626  30.000   0.100
       340.178  48.000   0.100
       369.731  24.000   0.100
       399.283  30.000   0.100
       428.836  32.000   0.100
       458.388  18.000   0.100
       487.941  18.000   0.100
       517.494  22.000   0.100
       547.046  28.000   0.100
       576.599  50.000   0.100
       606.151  30.000   0.100
       635.704  26.000   0.100
       665.256  42.000   0.100
       694.809  32.000   0.100
       724.362  40.000   0.100
       753.914  38.000   0.100
       783.467  16.000   0.100
       813.019  32.000   0.100
       842.572  20.000   0.100
       872.124  14.000   0.100
       901.677  36.000   0.100
       931.229   2.000   0.100
       960.782  10.000   0.100
       990.335   8.000   0.100
      1019.887  16.000   0.100
      1049.440  22.000   0.100
      1078.992  10.000   0.100
      1108.545  14.000   0.100
      1138.097   8.000   0.100
      1167.650   6.000   0.100
      1197.203  16.000   0.100
      1226.755   4.000   0.100
      1256.307   4.000   0.100
      1285.860   8.000   0.100
      1315.413   6.000   0.100
      1344.965  12.000   0.100
      1374.518  12.000   0.100
      1404.070   2.000   0.100
      1433.623   4.000   0.100
      1463.175   6.000   0.100
      1492.728   2.000   0.100
      1522.281  18.000   0.100
      1551.833  10.000   0.100
      1581.386   8.000   0.100
      1610.938   8.000   0.100
      1640.491   8.000   0.100
      1670.043   4.000   0.100
      1699.596  10.000   0.100
      1729.149   2.000   0.100
      1758.701   4.000   0.100
      1788.254   2.000   0.100
      1817.806   0.000   0.100
      1847.359   6.000   0.100
      1876.911   0.000   0.100
      1906.464   0.000   0.100
      1936.016   0.000   0.100
      1965.569   4.000   0.100
      1995.121   8.000   0.100
      2024.674   4.000   0.100
      2054.227   4.000   0.100
      2083.779   0.000   0.100
      2113.332   0.000   0.100
      2142.885   6.000   0.100
      2172.437   2.000   0.100
      2201.990   0.000   0.100
      2231.542   2.000   0.100
      2261.095   0.000   0.100
      2290.647   2.000   0.100
      2320.200   0.000   0.100
      2349.752   0.000   0.100
      2379.305   0.000   0.100
      2408.857   0.000   0.100
      2438.410   4.000   0.100
      2467.963   0.000   0.100
      2497.515   2.000   0.100
      2527.068   4.000   0.100
      2556.620   0.000   0.100
      2586.173   0.000   0.100
      2615.725   0.000   0.100
      2645.278   8.000   0.100
      2674.831   0.000   0.100
      2704.383   0.000   0.100
      2733.936   0.000   0.100
      2763.488   0.000   0.100
      2793.041   2.000   0.100
      2822.593   0.000   0.100
      2852.146   0.000   0.100
      2881.698   2.000   0.100
      2911.251   0.000   0.100
      2940.803   0.000   0.100
      2970.356   0.000   0.100
      2999.909   0.000   0.100
      3029.461   2.000   0.100
      3059.014   4.000   0.100
