       472.821   6.000   0.100
       555.132  16.000   0.100
       637.444  26.000   0.100
       719.755  31.000   0.100
       802.066  29.000   0.100
       884.378  50.000   0.100
       966.689  24.000   0.100
      1049.001  37.000   0.100
      1131.312  31.000   0.100
      1213.624  29.000   0.100
      1295.935  48.000   0.100
      1378.247  35.000   0.100
      1460.558  28.000   0.100
      1542.870  46.000   0.100
      1625.181  36.000   0.100
      1707.493  31.000   0.100
      1789.804  45.000   0.100
      1872.115  17.000   0.100
      1954.427  13.000   0.100
      2036.738  30.000   0.100
      2119.050  21.000   0.100
      2201.361  24.000   0.100
      2283.673  17.000   0.100
      2365.984  24.000   0.100
      2448.295  17.000   0.100
      2530.607  19.000   0.100
      2612.918  25.000   0.100
      2695.230  11.000   0.100
      2777.541  21.000   0.100
      2859.853  17.000   0.100
      2942.164   6.000   0.100
      3024.476  19.000   0.100
      3106.787  14.000   0.100
      3189.099  12.000   0.100
      3271.410   5.000   0.100
      3353.721   9.000   0.100
      3436.033  10.000   0.100
      3518.344   4.000   0.100
      3600.656   7.000   0.100
      3682.967  11.000   0.100
      3765.279   2.000   0.100
      3847.590   2.000   0.100
      3929.902   7.000   0.100
      4012.213   7.000   0.100
      4094.524   1.000   0.100
      4176.836   3.000   0.100
      4259.147   7.000   0.100
      4341.458   9.000   0.100
      4423.770   1.000   0.100
      4506.082   1.000   0.100
      4588.393   7.000   0.100
      4670.705  12.000   0.100
      4753.016   0.000   0.100
      4835.328   0.000   0.100
      4917.639   6.000   0.100
      4999.950   1.000   0.100
      5082.262   3.000   0.100
      5164.573   5.000   0.100
      5246.885   2.000   0.100
      5329.196   0.000   0.100
      5411.508   4.000   0.100
      5493.819   0.000   0.100
      5576.130   3.000   0.100
      5658.442   3.000   0.100
      5740.753   0.000   0.100
      5823.065   1.000   0.100
      5905.376   7.000   0.100
      5987.688   0.000   0.100
      6069.999   0.000   0.100
      6152.311   1.000   0.100
      6234.622   0.000   0.100
      6316.934   0.000   0.100
      6399.245   0.000   0.100
      6481.557   0.000   0.100
      6563.868   0.000   0.100
      6646.179   0.000   0.100
      6728.491   0.000   0.100
      6810.802   0.000   0.100
      6893.114   0.000   0.100
      6975.425   0.000   0.100
      7057.737   0.000   0.100
      7140.048   1.000   0.100
      7222.359   0.000   0.100
      7304.671   0.000   0.100
      7386.982   1.000   0.100
      7469.294   0.000   0.100
      7551.605   0.000   0.100
      7633.917   0.000   0.100
      7716.228   0.000   0.100
      7798.540   0.000   0.100
      7880.851   0.000   0.100
      7963.163   0.000   0.100
      8045.474   0.000   0.100
      8127.785   1.000   0.100
      8210.097   0.000   0.100
      8292.407   0.000   0.100
      8374.719   0.000   0.100
      8457.030   0.000   0.100
      8539.342   1.000   0.100
      8621.653   0.000   0.100
