0.000000 0.000000 1.000000
0.100000 0.099833 0.995004
0.200000 0.198669 0.980067
0.300000 0.295520 0.955337
0.400000 0.389418 0.921061
0.500000 0.479425 0.877583
0.600000 0.564642 0.825336
0.700000 0.644217 0.764843
0.800000 0.717356 0.696707
0.900000 0.783326 0.621611
1.000000 0.841470 0.540303
1.100000 0.891207 0.453597
1.200000 0.932039 0.362359
1.300000 0.963558 0.267500
1.400000 0.985449 0.169968
1.500000 0.997495 0.070738
1.600000 0.999574 -0.029198
1.700000 0.991665 -0.128843
1.800000 0.973848 -0.227201
1.900000 0.946300 -0.323288
2.000000 0.909298 -0.416145
2.100000 0.863210 -0.504845
2.200000 0.808497 -0.588500
2.300000 0.745706 -0.666274
2.400000 0.675465 -0.737392
2.500000 0.598474 -0.801142
2.600000 0.515503 -0.856887
2.700000 0.427382 -0.904071
2.800000 0.334990 -0.942221
2.900000 0.239252 -0.970957
3.000000 0.141122 -0.989992
3.100000 0.041583 -0.999135
3.200000 -0.058371 -0.998295
3.300000 -0.157743 -0.987480
3.400000 -0.255538 -0.966799
3.500000 -0.350780 -0.936457
3.600000 -0.442518 -0.896760
3.700000 -0.529833 -0.848101
3.800000 -0.611855 -0.790969
3.900000 -0.687764 -0.725934
4.000000 -0.756800 -0.653646
4.100000 -0.818275 -0.574827
4.200000 -0.871574 -0.490264
4.300000 -0.916164 -0.400802
4.400000 -0.951601 -0.307336
4.500000 -0.977529 -0.210799
4.600000 -0.993690 -0.112156
4.700000 -0.999923 -0.012393
4.800000 -0.996165 0.087495
4.900000 -0.982453 0.186508
5.000000 -0.958925 0.283658
5.100000 -0.925816 0.377974
5.200000 -0.883456 0.468513
5.300000 -0.832270 0.554370
5.400000 -0.772767 0.634689
5.500000 -0.705543 0.708666
5.600000 -0.631270 0.775563
5.700000 -0.550689 0.834710
5.800000 -0.464606 0.885517
5.900000 -0.373881 0.927476
6.000000 -0.279420 0.960168
6.100000 -0.182167 0.983267
6.200000 -0.083094 0.996541
6.300000 0.016809 0.999858
6.400000 0.116544 0.993185
6.500000 0.215115 0.976588
6.600000 0.311536 0.950234
6.700000 0.404845 0.914385
6.800000 0.494108 0.869400
6.900000 0.578435 0.815728
7.000000 0.656982 0.753906
7.100000 0.728965 0.684551
7.200000 0.793664 0.608356
7.300000 0.850433 0.526082
7.400000 0.898705 0.438553
7.500000 0.937997 0.346641
7.600000 0.967918 0.251266
7.700000 0.988167 0.153380
7.800000 0.998542 0.053962
7.900000 0.998941 -0.045996
8.000000 0.989359 -0.145493
8.100000 0.969891 -0.243537
8.200000 0.940732 -0.339148
8.300000 0.902174 -0.431370
8.400000 0.854602 -0.519282
8.500000 0.798491 -0.602006
8.600000 0.734402 -0.678714
8.700000 0.662974 -0.748641
8.800000 0.584923 -0.811088
8.900000 0.501027 -0.865431
9.000000 0.412125 -0.911127
9.100000 0.319105 -0.947719
9.200000 0.222897 -0.974841
9.300000 0.124462 -0.992224
9.400000 0.024783 -0.999692
9.500000 -0.075143 -0.997172
9.600000 -0.174319 -0.984689
9.700000 -0.271753 -0.962366
9.800000 -0.366471 -0.930429
9.900000 -0.457528 -0.889194
10.000000 -0.544014 -0.839075
10.100000 -0.625064 -0.780573
10.200000 -0.699868 -0.714271
10.300000 -0.767680 -0.640833
10.400000 -0.827821 -0.560991
10.500000 -0.879691 -0.475544
10.600000 -0.922771 -0.385346
10.700000 -0.956632 -0.291298
10.800000 -0.980934 -0.194339
10.900000 -0.995435 -0.095438
11.000000 -0.999989 0.004417
11.100000 -0.994553 0.104227
11.200000 -0.979179 0.202996
11.300000 -0.954021 0.299736
11.400000 -0.919332 0.393482
11.500000 -0.875456 0.483296
11.600000 -0.822833 0.568281
11.700000 -0.761989 0.647588
11.800000 -0.693532 0.720425
11.900000 -0.618144 0.786064
12.000000 -0.536581 0.843848
12.100000 -0.449656 0.893201
12.200000 -0.358238 0.933629
12.300000 -0.263241 0.964729
12.400000 -0.165614 0.986190
12.500000 -0.066332 0.997797
12.600000 0.033613 0.999434
12.700000 0.133221 0.991085
12.800000 0.231499 0.972834
12.900000 0.327464 0.944863
13.000000 0.420157 0.907450
13.100000 0.508652 0.860971
13.200000 0.592064 0.805890
13.300000 0.669561 0.742756
13.400000 0.740368 0.672201
13.500000 0.803777 0.594929
13.600000 0.859155 0.511713
13.700000 0.905949 0.423384
13.800000 0.943691 0.330825
13.900000 0.972004 0.234961
14.000000 0.990605 0.136749
14.100000 0.999308 0.037170
14.200000 0.998026 -0.062780
14.300000 0.986773 -0.162103
14.400000 0.965660 -0.259806
14.500000 0.934898 -0.354913
14.600000 0.894796 -0.446474
14.700000 0.845752 -0.533574
14.800000 0.788259 -0.615342
14.900000 0.722889 -0.690963
15.000000 0.650297 -0.759679
15.100000 0.571207 -0.820805
15.200000 0.486409 -0.873730
15.300000 0.396752 -0.917925
15.400000 0.303130 -0.952948
15.500000 0.206480 -0.978450
15.600000 0.107766 -0.994175
15.700000 0.007976 -0.999967
15.800000 -0.091894 -0.995768
15.900000 -0.190845 -0.981619
16.000000 -0.287890 -0.957662
16.100000 -0.382059 -0.924137
16.200000 -0.472410 -0.881378
16.300000 -0.558040 -0.829812
16.400000 -0.638095 -0.769956
16.500000 -0.711775 -0.702406
16.600000 -0.778343 -0.627838
16.700000 -0.837133 -0.546997
16.800000 -0.887560 -0.460690
16.900000 -0.929118 -0.369781
17.000000 -0.961392 -0.275177
17.100000 -0.984061 -0.177823
17.200000 -0.996898 -0.078692
17.300000 -0.999774 0.021224
17.400000 -0.992660 0.120929
17.500000 -0.975628 0.219426
17.600000 -0.948848 0.315730
17.700000 -0.912587 0.408879
17.800000 -0.867208 0.497943
17.900000 -0.813165 0.582031
18.000000 -0.750996 0.660305
18.100000 -0.681324 0.731980
18.200000 -0.604844 0.796342
18.300000 -0.522321 0.852748
18.400000 -0.434579 0.900632
18.500000 -0.342495 0.939518
18.600000 -0.246988 0.969017
18.700000 -0.149014 0.988834
18.800000 -0.049551 0.998770
18.900000 0.050407 0.998727
19.000000 0.149861 0.988706
19.100000 0.247819 0.968805
19.200000 0.343299 0.939225
19.300000 0.435350 0.900260
19.400000 0.523051 0.852300
19.500000 0.605526 0.795824
19.600000 0.681951 0.731396
19.700000 0.751562 0.659661
19.800000 0.813663 0.581334
19.900000 0.867635 0.497199
20.000000 0.912937 0.408097
20.100000 0.949118 0.314916
20.200000 0.975815 0.218589
20.300000 0.992763 0.120078
20.400000 0.999791 0.020368
20.500000 0.996830 -0.079546
20.600000 0.983908 -0.178666
20.700000 0.961156 -0.276000
20.800000 0.928800 -0.370577
20.900000 0.887164 -0.461451
21.000000 0.836664 -0.547714
21.100000 0.777804 -0.628505
21.200000 0.711173 -0.703015
21.300000 0.637435 -0.770502
21.400000 0.557329 -0.830290
21.500000 0.471654 -0.881782
21.600000 0.381267 -0.924464
21.700000 0.287069 -0.957908
21.800000 0.190004 -0.981782
21.900000 0.091040 -0.995846
22.000000 -0.008833 -0.999959
22.100000 -0.108618 -0.994082
22.200000 -0.207318 -0.978272
22.300000 -0.303946 -0.952687
22.400000 -0.397538 -0.917584
22.500000 -0.487157 -0.873312
22.600000 -0.571909 -0.820315
22.700000 -0.650947 -0.759121
22.800000 -0.723481 -0.690342
22.900000 -0.788785 -0.614666
23.000000 -0.846209 -0.532848
23.100000 -0.895177 -0.445706
23.200000 -0.935202 -0.354111
23.300000 -0.965882 -0.258978
23.400000 -0.986911 -0.161257
23.500000 -0.998079 -0.061925
23.600000 -0.999275 0.038026
23.700000 -0.990487 0.137597
23.800000 -0.971802 0.235793
23.900000 -0.943406 0.331634
24.000000 -0.905585 0.424160
24.100000 -0.858716 0.512449
24.200000 -0.803266 0.595617
24.300000 -0.739791 0.672834
24.400000 -0.668924 0.743329
24.500000 -0.591373 0.806396
24.600000 -0.507913 0.861406
24.700000 -0.419379 0.907809
24.800000 -0.326654 0.945142
24.900000 -0.230665 0.973031
25.000000 -0.132372 0.991198
25.100000 -0.032756 0.999462
25.200000 0.067187 0.997739
25.300000 0.166459 0.986047
25.400000 0.264068 0.964502
25.500000 0.359038 0.933321
25.600000 0.450421 0.892814
25.700000 0.537303 0.843387
25.800000 0.618817 0.785533
25.900000 0.694148 0.719830
26.000000 0.762543 0.646935
26.100000 0.823319 0.567575
26.200000 0.875869 0.482545
26.300000 0.919667 0.392694
26.400000 0.954277 0.298918
26.500000 0.979351 0.202156
26.600000 0.994641 0.103374
26.700000 0.999992 0.003560
26.800000 0.995351 -0.096291
26.900000 0.980766 -0.195179
27.000000 0.956381 -0.292117
27.100000 0.922440 -0.386136
27.200000 0.879282 -0.476297
27.300000 0.827339 -0.561699
27.400000 0.767129 -0.641489
27.500000 0.699255 -0.714870
27.600000 0.624394 -0.781107
27.700000 0.543294 -0.839540
27.800000 0.456766 -0.889585
27.900000 0.365673 -0.930741
28.000000 0.270928 -0.962598
28.100000 0.173475 -0.984836
28.200000 0.074289 -0.997235
28.300000 -0.025640 -0.999669
28.400000 -0.125312 -0.992115
28.500000 -0.223732 -0.974649
28.600000 -0.319917 -0.947444
28.700000 -0.412905 -0.910772
28.800000 -0.501768 -0.865000
28.900000 -0.585617 -0.810586
29.000000 -0.663615 -0.748072
29.100000 -0.734982 -0.678084
29.200000 -0.799005 -0.601321
29.300000 -0.855045 -0.518549
29.400000 -0.902542 -0.430597
29.500000 -0.941021 -0.338342
29.600000 -0.970098 -0.242706
29.700000 -0.989481 -0.144645
29.800000 -0.998979 -0.045140
29.900000 -0.998494 0.054817
30.000000 -0.988033 0.154227
30.100000 -0.967700 0.252095
30.200000 -0.937698 0.347444
30.300000 -0.898327 0.439322
30.400000 -0.849981 0.526810
30.500000 -0.793141 0.609035
30.600000 -0.728377 0.685174
30.700000 -0.656335 0.754467
30.800000 -0.577735 0.816222
30.900000 -0.493362 0.869821
31.000000 -0.404060 0.914730
31.100000 -0.310721 0.950499
31.200000 -0.214277 0.976771
31.300000 -0.115693 0.993283
31.400000 -0.015952 0.999871
31.500000 0.083948 0.996468
31.600000 0.183010 0.983109
31.700000 0.280242 0.959927
31.800000 0.374675 0.927154
31.900000 0.465364 0.885117
32.000000 0.551403 0.834236
32.100000 0.631933 0.775020
32.200000 0.706149 0.708060
32.300000 0.773309 0.634026
32.400000 0.832743 0.553656
32.500000 0.883856 0.467755
32.600000 0.926138 0.377180
32.700000 0.959166 0.282836
32.800000 0.982611 0.185666
32.900000 0.996237 0.086641
33.000000 0.999910 -0.013249
33.100000 0.993592 -0.113007
33.200000 0.977346 -0.211636
33.300000 0.951335 -0.308151
33.400000 0.915819 -0.401586
33.500000 0.871152 -0.491009
33.600000 0.817780 -0.575526
33.700000 0.756238 -0.654293
33.800000 0.687140 -0.726522
33.900000 0.611176 -0.791492
34.000000 0.529105 -0.848553
34.100000 0.441748 -0.897136
34.200000 0.349977 -0.936756
34.300000 0.254709 -0.967015
34.400000 0.156896 -0.987613
34.500000 0.057516 -0.998342
34.600000 -0.042439 -0.999097
34.700000 -0.141970 -0.989868
34.800000 -0.240083 -0.970750
34.900000 -0.335797 -0.941932
35.000000 -0.428155 -0.903702
35.100000 -0.516236 -0.856444
35.200000 -0.599159 -0.800627
35.300000 -0.676095 -0.736812
35.400000 -0.746275 -0.665634
35.500000 -0.808999 -0.587805
35.600000 -0.863640 -0.504104
35.700000 -0.909652 -0.415365
35.800000 -0.946575 -0.322476
35.900000 -0.974040 -0.226366
36.000000 -0.991773 -0.127993
36.100000 -0.999596 -0.028342
36.200000 -0.997431 0.071593
36.300000 -0.985301 0.170812
36.400000 -0.963326 0.268325
36.500000 -0.931726 0.363156
36.600000 -0.890816 0.454359
36.700000 -0.841005 0.541022
36.800000 -0.782792 0.622280
36.900000 -0.716757 0.697320
37.000000 -0.643560 0.765392
37.100000 -0.563933 0.825817
37.200000 -0.478672 0.877991
37.300000 -0.388628 0.921392
37.400000 -0.294701 0.955587
37.500000 -0.197829 0.980234
37.600000 -0.098980 0.995087
37.700000 0.000857 0.999997
37.800000 0.100686 0.994916
37.900000 0.199508 0.979893
38.000000 0.296338 0.955080
38.100000 0.390206 0.920725
38.200000 0.480176 0.877169
38.300000 0.565348 0.824850
38.400000 0.644871 0.764288
38.500000 0.717950 0.696090
38.600000 0.783857 0.620937
38.700000 0.841931 0.539580
38.800000 0.891593 0.452832
38.900000 0.932346 0.361559
39.000000 0.963784 0.266673
39.100000 0.985592 0.169123
39.200000 0.997552 0.069884
39.300000 0.999546 -0.030055
39.400000 0.991552 -0.129692
39.500000 0.973650 -0.228034
39.600000 0.946021 -0.324098
39.700000 0.908939 -0.416923
39.800000 0.862775 -0.505583
39.900000 0.807991 -0.589191
40.000000 0.745133 -0.666911
40.100000 0.674831 -0.737969
40.200000 0.597785 -0.801653
40.300000 0.514767 -0.857327
40.400000 0.426606 -0.904435
40.500000 0.334182 -0.942506
40.600000 0.238419 -0.971160
40.700000 0.140274 -0.990110
40.800000 0.040727 -0.999167
40.900000 -0.059227 -0.998242
41.000000 -0.158589 -0.987342
41.100000 -0.256366 -0.966577
41.200000 -0.351582 -0.936154
41.300000 -0.443285 -0.896378
41.400000 -0.530559 -0.847645
41.500000 -0.612531 -0.790443
41.600000 -0.688384 -0.725343
41.700000 -0.757358 -0.652996
41.800000 -0.818765 -0.574124
41.900000 -0.871991 -0.489515
42.000000 -0.916505 -0.400016
42.100000 -0.951861 -0.306520
42.200000 -0.977707 -0.209961
42.300000 -0.993783 -0.111305
42.400000 -0.999931 -0.011536
42.500000 -0.996087 0.088348
42.600000 -0.982290 0.187350
42.700000 -0.958679 0.284479
42.800000 -0.925489 0.378766
42.900000 -0.883052 0.469268
43.000000 -0.831792 0.555082
43.100000 -0.772221 0.635349
43.200000 -0.704934 0.709269
43.300000 -0.630604 0.776101
43.400000 -0.549972 0.835179
43.500000 -0.463846 0.885912
43.600000 -0.373085 0.927794
43.700000 -0.278597 0.960405
43.800000 -0.181324 0.983420
43.900000 -0.082240 0.996609
44.000000 0.017665 0.999841
44.100000 0.117395 0.993082
44.200000 0.215951 0.976401
44.300000 0.312349 0.949964
44.400000 0.405627 0.914035
44.500000 0.494852 0.868974
44.600000 0.579132 0.815230
44.700000 0.657626 0.753341
44.800000 0.729549 0.683924
44.900000 0.794183 0.607674
45.000000 0.850881 0.525352
45.100000 0.899078 0.437781
45.200000 0.938292 0.345836
45.300000 0.968130 0.250436
45.400000 0.988295 0.152533
45.500000 0.998586 0.053106
45.600000 0.998899 -0.046851
45.700000 0.989231 -0.146341
45.800000 0.969679 -0.244368
45.900000 0.940439 -0.339953
46.000000 0.901802 -0.432142
46.100000 0.854155 -0.520013
46.200000 0.797973 -0.602688
46.300000 0.733818 -0.679342
46.400000 0.662331 -0.749207
46.500000 0.584226 -0.811587
46.600000 0.500284 -0.865858
46.700000 0.411343 -0.911477
46.800000 0.318292 -0.947989
46.900000 0.222061 -0.975029
47.000000 0.123611 -0.992327
47.100000 0.023927 -0.999710
47.200000 -0.075997 -0.997105
47.300000 -0.175162 -0.984536
47.400000 -0.272576 -0.962131
47.500000 -0.367267 -0.930112
47.600000 -0.458289 -0.888800
47.700000 -0.544731 -0.838607
47.800000 -0.625731 -0.780035
47.900000 -0.700478 -0.713669
48.000000 -0.768227 -0.640173
48.100000 -0.828299 -0.560280
48.200000 -0.880096 -0.474789
48.300000 -0.923099 -0.384554
48.400000 -0.956878 -0.290477
48.500000 -0.981097 -0.193497
48.600000 -0.995513 -0.094585
48.700000 -0.999983 0.005273
48.800000 -0.994461 0.105079
48.900000 -0.979002 0.203834
49.000000 -0.953762 0.300553
49.100000 -0.918992 0.394268
49.200000 -0.875039 0.484045
49.300000 -0.822344 0.568985
49.400000 -0.761432 0.648239
49.500000 -0.692912 0.721017
49.600000 -0.617469 0.786591
49.700000 -0.535856 0.844305
49.800000 -0.448889 0.893583
49.900000 -0.357437 0.933933
50.000000 -0.262414 0.964952
50.100000 -0.164769 0.986329
50.200000 -0.065477 0.997851
50.300000 0.034469 0.999402
50.400000 0.134070 0.990968
50.500000 0.232332 0.972633
50.600000 0.328273 0.944579
50.700000 0.420933 0.907088
50.800000 0.509388 0.860533
50.900000 0.592753 0.805380
51.000000 0.670195 0.742180
51.100000 0.740941 0.671564
51.200000 0.804284 0.594239
51.300000 0.859591 0.510976
51.400000 0.906309 0.422607
51.500000 0.943972 0.330016
51.600000 0.972202 0.234127
51.700000 0.990719 0.135899
51.800000 0.999337 0.036314
51.900000 0.997970 -0.063635
52.000000 0.986631 -0.162948
52.100000 0.965434 -0.260632
52.200000 0.934591 -0.355713
52.300000 0.894410 -0.447239
52.400000 0.845293 -0.534297
52.500000 0.787729 -0.616016
52.600000 0.722295 -0.691580
52.700000 0.649644 -0.760234
52.800000 0.570502 -0.821292
52.900000 0.485659 -0.874144
53.000000 0.395964 -0.918262
53.100000 0.302313 -0.953205
53.200000 0.205641 -0.978624
53.300000 0.106914 -0.994265
53.400000 0.007119 -0.999971
53.500000 -0.092747 -0.995686
53.600000 -0.191686 -0.981453
53.700000 -0.288710 -0.957413
53.800000 -0.382849 -0.923807
53.900000 -0.473163 -0.880970
54.000000 -0.558750 -0.829332
54.100000 -0.638753 -0.769407
54.200000 -0.712375 -0.701794
54.300000 -0.778878 -0.627169
54.400000 -0.837599 -0.546278
54.500000 -0.887952 -0.459929
54.600000 -0.929432 -0.368984
54.700000 -0.961625 -0.274352
54.800000 -0.984211 -0.176979
54.900000 -0.996962 -0.077838
55.000000 -0.999752 0.022081
55.100000 -0.992553 0.121779
55.200000 -0.975437 0.220261
55.300000 -0.948575 0.316542
55.400000 -0.912234 0.409660
55.500000 -0.866779 0.498684
55.600000 -0.812664 0.582726
55.700000 -0.750428 0.660946
55.800000 -0.680695 0.732562
55.900000 -0.604160 0.796858
56.000000 -0.521589 0.853193
56.100000 -0.433806 0.901002
56.200000 -0.341689 0.939809
56.300000 -0.246157 0.969226
56.400000 -0.148166 0.988958
56.500000 -0.048695 0.998810
56.600000 0.051263 0.998681
56.700000 0.150708 0.988574
56.800000 0.248648 0.968590
56.900000 0.344103 0.938928
57.000000 0.436120 0.899884
57.100000 0.523780 0.851849
57.200000 0.606206 0.795302
57.300000 0.682575 0.730810
57.400000 0.752125 0.659015
57.500000 0.814159 0.580635
57.600000 0.868058 0.496455
57.700000 0.913284 0.407313
57.800000 0.949385 0.314102
57.900000 0.976000 0.217753
58.000000 0.992863 0.119227
58.100000 0.999806 0.019511
58.200000 0.996759 -0.080400
58.300000 0.983752 -0.179508
58.400000 0.960917 -0.276823
58.500000 0.928480 -0.371371
58.600000 0.886766 -0.462209
58.700000 0.836192 -0.548429
58.800000 0.777263 -0.629169
58.900000 0.710568 -0.703623
59.000000 0.636773 -0.771046
59.100000 0.556616 -0.830765
59.200000 0.470897 -0.882183
59.300000 0.380473 -0.924787
59.400000 0.286248 -0.958151
59.500000 0.189162 -0.981942
59.600000 0.090187 -0.995921
59.700000 -0.009690 -0.999949
59.800000 -0.109470 -0.993986
59.900000 -0.208156 -0.978091
60.000000 -0.304762 -0.952424
60.100000 -0.398323 -0.917241
60.200000 -0.487904 -0.872892
60.300000 -0.572611 -0.819822
60.400000 -0.651595 -0.758561
60.500000 -0.724070 -0.689721
60.600000 -0.789310 -0.613988
60.700000 -0.846663 -0.532122
60.800000 -0.895557 -0.444938
60.900000 -0.935502 -0.353309
61.000000 -0.966101 -0.258149
61.100000 -0.987046 -0.160411
61.200000 -0.998129 -0.061069
61.300000 -0.999240 0.038882
61.400000 -0.990366 0.138446
61.500000 -0.971597 0.236625
61.600000 -0.943120 0.332441
61.700000 -0.905219 0.424935
61.800000 -0.858274 0.513183
61.900000 -0.802754 0.596304
62.000000 -0.739212 0.673466
62.100000 -0.668285 0.743900
62.200000 -0.590680 0.806900
62.300000 -0.507174 0.861839
62.400000 -0.418600 0.908166
62.500000 -0.325843 0.945419
62.600000 -0.229831 0.973226
62.700000 -0.131522 0.991309
62.800000 -0.031900 0.999487
62.900000 0.068042 0.997678
63.000000 0.167303 0.985901
63.100000 0.264893 0.964273
63.200000 0.359837 0.933011
63.300000 0.451184 0.892426
63.400000 0.538024 0.842924
63.500000 0.619488 0.785000
63.600000 0.694763 0.719233
63.700000 0.763095 0.646279
63.800000 0.823803 0.566868
63.900000 0.876280 0.481793
64.000000 0.920001 0.391904
64.100000 0.954530 0.298100
64.200000 0.979522 0.201317
64.300000 0.994726 0.102522
64.400000 0.999992 0.002703
64.500000 0.995266 -0.097143
64.600000 0.980596 -0.196019
64.700000 0.956128 -0.292935
64.800000 0.922106 -0.386925
64.900000 0.878871 -0.477049
65.000000 0.826855 -0.562407
65.100000 0.766578 -0.642145
65.200000 0.698640 -0.715467
65.300000 0.623723 -0.781640
65.400000 0.542573 -0.840003
65.500000 0.456002 -0.889974
65.600000 0.364875 -0.931052
65.700000 0.270102 -0.962827
65.800000 0.172630 -0.984982
65.900000 0.073434 -0.997295
66.000000 -0.026496 -0.999644
66.100000 -0.126162 -0.992005
66.200000 -0.224567 -0.974454
66.300000 -0.320728 -0.947167
66.400000 -0.413684 -0.910415
66.500000 -0.502507 -0.864568
66.600000 -0.586310 -0.810081
66.700000 -0.664254 -0.747501
66.800000 -0.735561 -0.677452
66.900000 -0.799518 -0.600634
67.000000 -0.855487 -0.517815
67.100000 -0.902909 -0.429822
67.200000 -0.941308 -0.337534
67.300000 -0.970303 -0.241874
67.400000 -0.989602 -0.143797
67.500000 -0.999014 -0.044283
67.600000 -0.998444 0.055673
67.700000 -0.987898 0.155073
67.800000 -0.967482 0.252923
67.900000 -0.937398 0.348246
68.000000 -0.897948 0.440090
68.100000 -0.849527 0.527537
68.200000 -0.792617 0.609712
68.300000 -0.727787 0.685796
68.400000 -0.655686 0.755027
68.500000 -0.577034 0.816715
68.600000 -0.492615 0.870242
68.700000 -0.403275 0.915073
68.800000 -0.309906 0.950762
68.900000 -0.213440 0.976951
69.000000 -0.114841 0.993379
69.100000 -0.015095 0.999881
69.200000 0.084802 0.996393
69.300000 0.183851 0.982949
69.400000 0.281064 0.959684
69.500000 0.375468 0.926830
69.600000 0.466121 0.884716
69.700000 0.552116 0.833761
69.800000 0.632595 0.774476
69.900000 0.706754 0.707453
70.000000 0.773850 0.633361
70.100000 0.833215 0.552941
70.200000 0.884254 0.466996
70.300000 0.926458 0.376385
70.400000 0.959405 0.282013
70.500000 0.982767 0.184824
70.600000 0.996309 0.085787
70.700000 0.999896 -0.014106
70.800000 0.993492 -0.113858
70.900000 0.977162 -0.212473
71.000000 0.951068 -0.308965
71.100000 0.915472 -0.402370
71.200000 0.870728 -0.491754
71.300000 0.817285 -0.576225
71.400000 0.755675 -0.654939
71.500000 0.686515 -0.727108
71.600000 0.610496 -0.792013
71.700000 0.528377 -0.849004
71.800000 0.440978 -0.897512
71.900000 0.349173 -0.937053
72.000000 0.253880 -0.967231
72.100000 0.156050 -0.987744
72.200000 0.056660 -0.998388
72.300000 -0.043295 -0.999057
72.400000 -0.142818 -0.989744
72.500000 -0.240914 -0.970541
72.600000 -0.336603 -0.941641
72.700000 -0.428928 -0.903333
72.800000 -0.516968 -0.855999
72.900000 -0.599843 -0.800112
73.000000 -0.676724 -0.736230
73.100000 -0.746843 -0.664992
73.200000 -0.809501 -0.587110
73.300000 -0.864070 -0.503362
73.400000 -0.910005 -0.414584
73.500000 -0.946848 -0.321664
73.600000 -0.974231 -0.225530
73.700000 -0.991879 -0.127143
73.800000 -0.999617 -0.027485
73.900000 -0.997367 0.072447
74.000000 -0.985152 0.171656
74.100000 -0.963093 0.269149
74.200000 -0.931412 0.363954
74.300000 -0.890424 0.455121
74.400000 -0.840539 0.541741
74.500000 -0.782256 0.622949
74.600000 -0.716157 0.697932
74.700000 -0.642902 0.765941
74.800000 -0.563224 0.826298
74.900000 -0.477918 0.878399
75.000000 -0.387837 0.921722
75.100000 -0.293881 0.955837
75.200000 -0.196988 0.980401
75.300000 -0.098128 0.995169
75.400000 0.001714 0.999993
75.500000 0.101538 0.994826
75.600000 0.200347 0.979720
75.700000 0.297155 0.954824
75.800000 0.390994 0.920388
75.900000 0.480926 0.876755
76.000000 0.566053 0.824363
76.100000 0.645524 0.763733
76.200000 0.718545 0.695473
76.300000 0.784386 0.620264
76.400000 0.842391 0.538857
76.500000 0.891978 0.452067
76.600000 0.932653 0.360759
76.700000 0.964010 0.265847
76.800000 0.985734 0.168278
76.900000 0.997609 0.069029
77.000000 0.999517 -0.030911
77.100000 0.991437 -0.130542
77.200000 0.973452 -0.228868
77.300000 0.945740 -0.324908
77.400000 0.908579 -0.417701
77.500000 0.862339 -0.506320
77.600000 0.807483 -0.589881
77.700000 0.744560 -0.667548
77.800000 0.674196 -0.738545
77.900000 0.597097 -0.802162
78.000000 0.514031 -0.857765
78.100000 0.425830 -0.904797
78.200000 0.333373 -0.942789
78.300000 0.237586 -0.971361
78.400000 0.139425 -0.990227
78.500000 0.039871 -0.999199
78.600000 -0.060082 -0.998188
78.700000 -0.159434 -0.987203
78.800000 -0.257193 -0.966354
78.900000 -0.352383 -0.935850
79.000000 -0.444051 -0.895995
79.100000 -0.531283 -0.847188
79.200000 -0.613207 -0.789916
79.300000 -0.689003 -0.724751
79.400000 -0.757915 -0.652345
79.500000 -0.819255 -0.573420
79.600000 -0.872408 -0.488767
79.700000 -0.916845 -0.399230
79.800000 -0.952121 -0.305703
79.900000 -0.977884 -0.209123
80.000000 -0.993876 -0.110453
80.100000 -0.999937 -0.010679
80.200000 -0.996008 0.089202
80.300000 -0.982127 0.188191
80.400000 -0.958433 0.285300
80.500000 -0.925162 0.379558
80.600000 -0.882648 0.470024
80.700000 -0.831314 0.555793
80.800000 -0.771674 0.636009
80.900000 -0.704324 0.709871
81.000000 -0.629937 0.776639
81.100000 -0.549255 0.835648
81.200000 -0.463086 0.886307
81.300000 -0.372289 0.928111
81.400000 -0.277773 0.960641
81.500000 -0.180481 0.983573
81.600000 -0.081386 0.996677
81.700000 0.018522 0.999823
81.800000 0.118245 0.992979
81.900000 0.216787 0.976213
82.000000 0.313162 0.949694
82.100000 0.406409 0.913685
82.200000 0.495595 0.868547
82.300000 0.579829 0.814731
82.400000 0.658269 0.752775
82.500000 0.730133 0.683297
82.600000 0.794701 0.606992
82.700000 0.851329 0.524621
82.800000 0.899450 0.437010
82.900000 0.938585 0.345031
83.000000 0.968342 0.249605
83.100000 0.988423 0.151686
83.200000 0.998628 0.052250
83.300000 0.998856 -0.047707
83.400000 0.989103 -0.147188
83.500000 0.969467 -0.245198
83.600000 0.940145 -0.340758
83.700000 0.901429 -0.432914
83.800000 0.853706 -0.520743
83.900000 0.797454 -0.603370
84.000000 0.733233 -0.679968
84.100000 0.661687 -0.749773
84.200000 0.583529 -0.812085
84.300000 0.499541 -0.866284
84.400000 0.410561 -0.911827
84.500000 0.317479 -0.948259
84.600000 0.221225 -0.975217
84.700000 0.122761 -0.992430
84.800000 0.023070 -0.999728
84.900000 -0.076852 -0.997037
85.000000 -0.176005 -0.984383
85.100000 -0.273400 -0.961894
85.200000 -0.368063 -0.929794
85.300000 -0.459049 -0.888404
85.400000 -0.545448 -0.838138
85.500000 -0.626397 -0.779496
85.600000 -0.701087 -0.713067
85.700000 -0.768773 -0.639513
85.800000 -0.828777 -0.559569
85.900000 -0.880500 -0.474034
86.000000 -0.923426 -0.383762
86.100000 -0.957125 -0.289656
86.200000 -0.981260 -0.192656
86.300000 -0.995592 -0.093731
86.400000 -0.999975 0.006130
86.500000 -0.994368 0.105930
86.600000 -0.978824 0.204672
86.700000 -0.953501 0.301369
86.800000 -0.918651 0.395055
86.900000 -0.874622 0.484793
87.000000 -0.821854 0.569688
87.100000 -0.760874 0.648890
87.200000 -0.692292 0.721609
87.300000 -0.616793 0.787118
87.400000 -0.535131 0.844762
87.500000 -0.448122 0.893965
87.600000 -0.356636 0.934237
87.700000 -0.261586 0.965174
87.800000 -0.163923 0.986467
87.900000 -0.064622 0.997904
88.000000 0.035325 0.999370
88.100000 0.134919 0.990850
88.200000 0.233165 0.972431
88.300000 0.329081 0.944295
88.400000 0.421709 0.906724
88.500000 0.510124 0.860094
88.600000 0.593441 0.804870
88.700000 0.670829 0.741603
88.800000 0.741515 0.670927
88.900000 0.804791 0.593548
89.000000 0.860026 0.510237
89.100000 0.906669 0.421829
89.200000 0.944252 0.329206
89.300000 0.972400 0.233294
89.400000 0.990833 0.135050
89.500000 0.999365 0.035457
89.600000 0.997912 -0.064490
89.700000 0.986489 -0.163793
89.800000 0.965208 -0.261459
89.900000 0.934284 -0.356512
90.000000 0.894025 -0.448004
90.100000 0.844832 -0.535019
90.200000 0.787199 -0.616689
90.300000 0.721700 -0.692197
90.400000 0.648990 -0.760788
90.500000 0.569796 -0.821778
90.600000 0.484909 -0.874558
90.700000 0.395176 -0.918599
90.800000 0.301495 -0.953461
90.900000 0.204802 -0.978797
91.000000 0.106062 -0.994353
91.100000 0.006263 -0.999974
91.200000 -0.093600 -0.995604
91.300000 -0.192526 -0.981285
91.400000 -0.289529 -0.957162
91.500000 -0.383640 -0.923476
91.600000 -0.473917 -0.880562
91.700000 -0.559459 -0.828851
91.800000 -0.639411 -0.768857
91.900000 -0.712974 -0.701182
92.000000 -0.779413 -0.626500
92.100000 -0.838065 -0.545559
92.200000 -0.888343 -0.459166
92.300000 -0.929745 -0.368186
92.400000 -0.961858 -0.273527
92.500000 -0.984359 -0.176135
92.600000 -0.997026 -0.076983
92.700000 -0.999730 0.022938
92.800000 -0.992446 0.122629
92.900000 -0.975245 0.221096
93.000000 -0.948301 0.317353
93.100000 -0.911881 0.410440
93.200000 -0.866349 0.499426
93.300000 -0.812162 0.583421
93.400000 -0.749860 0.661587
93.500000 -0.680065 0.733143
93.600000 -0.603475 0.797374
93.700000 -0.520856 0.853637
93.800000 -0.433033 0.901371
93.900000 -0.340882 0.940099
94.000000 -0.245326 0.969434
94.100000 -0.147319 0.989082
94.200000 -0.047839 0.998849
94.300000 0.052118 0.998634
94.400000 0.151555 0.988442
94.500000 0.249477 0.968374
94.600000 0.344907 0.938630
94.700000 0.436890 0.899508
94.800000 0.524508 0.851398
94.900000 0.606886 0.794781
95.000000 0.683200 0.730223
95.100000 0.752687 0.658368
95.200000 0.814654 0.579936
95.300000 0.868481 0.495709
95.400000 0.913630 0.406529
95.500000 0.949651 0.313288
95.600000 0.976184 0.216916
95.700000 0.992962 0.118376
95.800000 0.999819 0.018654
95.900000 0.996687 -0.081254
96.000000 0.983596 -0.180351
96.100000 0.960677 -0.277645
96.200000 0.928159 -0.372166
96.300000 0.886368 -0.462968
96.400000 0.835720 -0.549144
96.500000 0.776722 -0.629833
96.600000 0.709963 -0.704229
96.700000 0.636111 -0.771589
96.800000 0.555902 -0.831240
96.900000 0.470140 -0.882584
97.000000 0.379680 -0.925111
97.100000 0.285426 -0.958394
97.200000 0.188320 -0.982101
97.300000 0.089333 -0.995995
97.400000 -0.010547 -0.999938
97.500000 -0.110321 -0.993889
97.600000 -0.208993 -0.977910
97.700000 -0.305577 -0.952160
97.800000 -0.399108 -0.916897
97.900000 -0.488651 -0.872472
98.000000 -0.573311 -0.819329
98.100000 -0.652244 -0.758001
98.200000 -0.724659 -0.689098
98.300000 -0.789833 -0.613310
98.400000 -0.847116 -0.531395
98.500000 -0.895935 -0.444169
98.600000 -0.935802 -0.352506
98.700000 -0.966319 -0.257321
98.800000 -0.987181 -0.159565
98.900000 -0.998179 -0.060214
99.000000 -0.999203 0.039738
99.100000 -0.990244 0.139294
99.200000 -0.971391 0.237457
99.300000 -0.942832 0.333248
99.400000 -0.904852 0.425709
99.500000 -0.857832 0.513917
99.600000 -0.802240 0.596990
99.700000 -0.738633 0.674098
99.800000 -0.667645 0.744470
99.900000 -0.589987 0.807404
100.000000 -0.506434 0.862271
