0.000000	800.000000	800.000000	800.000000	
0.010000	800.635095	800.685108	772.973651	
0.020000	802.391355	802.491462	747.024203	
0.030000	805.271591	805.421951	722.110132	
0.040000	809.280412	809.481267	698.191570	
0.050000	814.424233	814.675903	675.230242	
0.060000	820.711286	821.014174	653.189405	
0.070000	828.151630	828.506221	632.033789	
0.080000	836.757172	837.164033	611.729541	
0.090000	846.541682	847.001465	592.244169	
0.100000	857.520819	858.034259	573.546493	
0.110000	869.712150	870.280069	555.606592	
0.120000	883.135185	883.758492	538.395758	
0.130000	897.811403	898.491095	521.886452	
0.140000	913.764290	914.501454	506.052254	
0.150000	931.019373	931.815190	490.867826	
0.160000	949.604264	950.460007	476.308869	
0.170000	969.548703	970.465741	462.352088	
0.180000	990.884606	991.864407	448.975147	
0.190000	1013.646114	1014.690245	436.156640	
0.200000	1037.869651	1038.979783	423.876056	
0.210000	1063.593979	1064.771889	412.113743	
0.220000	1090.860263	1092.107836	400.850878	
0.230000	1119.712135	1121.031367	390.069439	
0.240000	1150.195764	1151.588766	379.752173	
0.250000	1182.359930	1183.828931	369.882570	
0.260000	1216.256102	1217.803454	360.444836	
0.270000	1251.938523	1253.566700	351.423870	
0.280000	1289.464291	1291.175900	342.805236	
0.290000	1328.893455	1330.691234	334.575142	
0.300000	1370.289111	1372.175938	326.720418	
0.310000	1413.717501	1415.696394	319.228495	
0.320000	1459.248118	1461.322245	312.087384	
0.330000	1506.953823	1509.126502	305.285659	
0.340000	1556.910954	1559.185661	298.812434	
0.350000	1609.199453	1611.579829	292.657352	
0.360000	1663.902993	1666.392848	286.810562	
0.370000	1721.109111	1723.712428	281.262710	
0.380000	1780.909350	1783.630295	276.004916	
0.390000	1843.399402	1846.242330	271.028768	
0.400000	1908.679265	1911.648725	266.326302	
0.410000	1976.853400	1979.954144	261.889993	
0.420000	2048.030902	2051.267890	257.712744	
0.430000	2122.325668	2125.704082	253.787868	
0.440000	2199.856587	2203.381832	250.109085	
0.450000	2280.747724	2284.425441	246.670510	
0.460000	2365.128522	2368.964598	243.466638	
0.470000	2453.134009	2457.134581	240.492343	
0.480000	2544.905013	2549.076482	237.742867	
0.490000	2640.588386	2644.937429	235.213808	
0.500000	2740.337242	2744.870817	232.901120	
0.510000	2844.311201	2849.036564	230.801102	
0.520000	2952.676643	2957.601355	228.910394	
0.530000	3065.606976	3070.738917	227.225970	
0.540000	3183.282913	3188.630296	225.745135	
0.550000	3305.892761	3311.464142	224.465519	
0.560000	3433.632720	3439.437015	223.385074	
0.570000	3566.707203	3572.753700	222.502071	
0.580000	3705.329156	3711.627531	221.815098	
0.590000	3849.720405	3856.280737	221.323055	
0.600000	4000.112007	4006.944793	221.025155	
0.610000	4156.744619	4163.860794	220.920921	
0.620000	4319.868888	4327.279839	221.010187	
0.630000	4489.745848	4497.463433	221.293094	
0.640000	4666.647337	4674.683907	221.770096	
0.650000	4850.856436	4859.224850	222.441956	
0.660000	5042.667918	5051.381569	223.309750	
0.670000	5242.388723	5251.461554	224.374865	
0.680000	5450.338447	5459.784976	225.639007	
0.690000	5666.849853	5676.685197	227.104198	
0.700000	5892.269407	5902.509304	228.772783	
0.710000	6126.957827	6137.618663	230.647431	
0.720000	6371.290664	6382.389500	232.731144	
0.730000	6625.658905	6637.213500	235.027254	
0.740000	6890.469591	6902.498436	237.539437	
0.750000	7166.146477	7178.668820	240.271713	
0.760000	7453.130705	7466.166584	243.228453	
0.770000	7751.881510	7765.451786	246.414389	
0.780000	8062.876957	8077.003345	249.834619	
0.790000	8386.614706	8401.319811	253.494617	
0.800000	8723.612805	8738.920159	257.400239	
0.810000	9074.410525	9090.344622	261.557735	
0.820000	9439.569215	9456.155554	265.973757	
0.830000	9819.673208	9836.938330	270.655373	
0.840000	10215.330751	10233.302284	275.610074	
0.850000	10627.174981	10645.881683	280.845789	
0.860000	11055.864935	11075.336742	286.370895	
0.870000	11502.086611	11522.354681	292.194235	
0.880000	11966.554057	11987.650823	298.325127	
0.890000	12450.010520	12471.969742	304.773380	
0.900000	12953.229634	12976.086451	311.549315	
0.910000	13477.016656	13500.807645	318.663774	
0.920000	14022.209759	14046.972989	326.128142	
0.930000	14589.681366	14615.456464	333.954363	
0.940000	15180.339554	15207.167766	342.154961	
0.950000	15795.129501	15823.053758	350.743058	
0.960000	16435.035003	16464.099989	359.732398	
0.970000	17101.080045	17131.332271	369.137365	
0.980000	17794.330441	17825.818316	378.973009	
0.990000	18515.895540	18548.669452	389.255070	
1.000000	19266.929999	19301.042393	400.000000	
