4648.76
3550.37
8397.07
4296.94
5893.84
11542.5
13582.4
10718.2
22282.4
2948.62
36151.6
21600
18968.7
4796.27
9123.05
3530.02
13388.7
4953.55
15609.1
13788
4245.6
8868.64
8785.41
16046.5
24573.5
11857
10012.9
5407.71
5861.62
8435.15
12193.2
5016.74
12526.7
7983.62
4889.72
12882.5
12452.3
2615.08
7789.91
7215.22
7831.34
12111.1
8336.57
4337.36
18240.5
4912.59
5955.29
13208.6
17293.1
7736.43
8139.27
7043.75
4874.04
5526.92
16056.2
9589.83
8927.34
11453.9
25332.1
6778.3
6012.41
8793.48
7510.35
7945.53
3048.39
5685.84
21679
11535.3
9021
16506
15897.5
22105.6
9041.25
8689.41
5102.51
6156.49
5683.91
12270.3
16440.3
19154.5
8625.48
21581.8
4619.79
4856.83
16908.4
2572.4
13179.9
26665
6472.32
7461.48
2753.54
3322.35
4788.69
5947.61
10384
7045.66
18340.4
11367.4
18856.1
8480.58
23092
3939.53
5765.34
11320.1
5381.52
5367.17
20220.9
13670.8
7016.8
6313.87
13133.9
3743.03
24147.4
8851.63
18898.3
23873.2
4424.05
14831.7
6257.64
6169.03
31793.7
5096.85
2087.05
19188.3
2984.96
running time = 14455 seconds.
