1919.72
1252.36
2325.5
812.818
5461.31
2548.78
3973.61
566.1
940.311
2950.99
3581.95
2010.79
901.232
1828.4
1297.45
1644.19
2917.64
2210.29
3031.27
1718.91
1978.38
1556.02
1118.14
761.696
3890.62
1820.52
2168.91
1317.03
809.949
2611.74
2913.49
1229.16
1878.49
2921.09
3724.78
949.436
2080.95
580.198
2102.09
2446.02
2902.64
455.445
780.167
1985.55
1593.17
1085.26
2597.04
1051.74
5698.61
7769.25
2128.03
3319.97
983.548
3026.03
1065.96
4208.99
3293.37
1954.19
4129.1
1105
1023.21
1257.72
4021.55
1763.38
844.158
1130.71
847.102
1037.73
2112.09
1777.42
1255.76
2995.21
1728.34
1628.8
3451.9
1275.43
2011.89
1844.84
1335.02
716.431
516.051
1832
1239.49
558.532
1541.82
1606.04
6093.71
2097.5
982.839
1633.39
1205.44
1040.49
1272.22
1645.3
2931.44
921.621
1276.91
3067.87
1688.33
8601.9
5651.29
1781.17
760.593
1605.38
1555.66
851.326
3264.87
2326.04
2663.74
3519.08
1884.02
1862.37
3418.03
1871.68
1284.05
3624.12
978.197
856.772
2973.69
727.886
2587.87
1421.8
1765.19
2039.66
1348.11
running time = 556 seconds.
572.173
1204.05
2641.55
682.6
1925.01
2945.52
2699.18
761.073
3330.06
538.531
1015.2
684.784
608.423
1136.15
1960.34
825.874
1849.76
2490.18
1381.47
1328.71
2678.93
337.214
4233.79
1543.11
1509.25
3471.58
7783.29
3800.11
1266.45
1610.54
1018.87
1023.5
632.308
1017.06
1973.29
3573.37
5774.52
1059.66
3285.94
1926.86
934.036
958.455
1891.89
972.767
2345.01
1983.72
1990.17
2871.02
2727.69
2689.24
3088.4
1048.61
1224.67
1706.94
5363.95
1338.08
1121.23
3196.01
3830.08
869.108
1401.41
1422.9
2020.91
1247.9
1946.28
1025.36
688.572
4497.39
2337.19
1058.01
1008.76
2416.13
3443.17
1836.86
1212.26
1510.68
6380.52
1872.64
3072.03
1354.56
1467.24
3117.33
3497.3
1886.85
1207.55
2391.63
1509.82
1937.69
2242.26
1312.81
1350.47
2249.67
818.246
3700.57
1640.1
1650.6
731.822
974.021
3290.27
2501.47
3847.71
1686.85
1310.52
5150.18
2779.75
1092.14
1630.56
1220.45
2108.47
9660.57
1121.82
1957.72
1273.92
2174.09
869.742
1737.68
1150.02
1140.48
1606.28
3170.68
1470.55
2010.88
2205.86
675.105
1631.55
running time = 555 seconds.
993.988
3230.45
1811.58
1132.88
4108.1
2025.46
1037.08
1982.14
1352.93
1779.24
892.834
3658.23
2784.26
2025.44
4761.33
3353.35
2051.74
1319.47
701.458
2450.18
3228.6
1046.06
2018.67
1445.99
3291.02
1129.34
883.51
2990.89
1214.25
1517.78
3433.61
1131.43
1462.94
3325.07
2589.51
5705.01
1792.38
3721.95
1083.36
1271.4
2594.79
2026.19
1263.2
1443.08
4492.91
3108.77
4372.55
600.246
4172.07
943.159
2183.55
688.712
3979.71
1067.14
1220.79
2489.25
3551.94
4845.31
1403.66
795.357
1776.2
1666.97
2004.48
1589.02
699.083
1940.22
1746.36
4141.76
4047.02
2910.31
1905.45
1903.24
1398.18
3472.48
1175.08
2924.64
3383.64
1839.52
1425.76
2287.02
2331.43
436.254
2046.82
1816.06
3088.69
4448.99
1431.6
1479.81
2184.1
1602.1
1940.4
1220.52
866.953
1937.23
3086.22
933.143
1672.5
897.764
1948.02
1703.8
2447.59
3937.93
1718.61
3266.34
630.552
1216.04
573.828
2189.67
1246.11
1006.83
4431.81
978.127
6997.45
2446.81
856.143
2161.8
1506.36
1243.46
1226.9
1057.63
968.081
3202.96
1146.57
919.628
724.247
running time = 577 seconds.
1995.37
1880.16
1321.22
2523.7
3165.78
2801.58
5050.88
1968.05
709.997
5643.09
1103.59
1115.8
2888.83
2040.82
3269.56
3389.47
1394.83
3026.93
986.069
2508.09
1548.89
2496.11
1351.28
1566.3
2145.32
1521.85
2324.57
934.483
1237.67
3467.18
7008.5
2195.13
1428.68
820.396
3706.22
2449.05
727.375
1282.28
1361.72
3656.19
5793.19
2640.19
4644.8
1446.36
2053.52
1830.73
2879.03
1867.4
685.015
1952.83
1938.32
4855.48
3797.05
10242.9
840.028
3331.12
1303.88
2368.37
1958.94
4047.35
2509.8
4635.24
4368.14
2495.27
1504.59
1504.39
1870.74
3050.17
1123.12
1782.03
1106.74
496.542
4653.41
3029.4
1169.04
1900.46
1108.84
1892.97
2067.29
1325.97
2907.45
2691.36
2091.02
1222.84
1746.71
785.759
2252.92
1905.26
2550.97
1276.68
2447.88
3175.66
1134.93
1315.59
3716.21
1902.55
1945.12
2403.25
1645.36
2323.98
2300.25
2340.06
4609.37
2917.48
1014.21
2088.89
729.608
1015.35
3064.18
3372.84
2185.68
4266.03
897.968
3004.13
5374.32
1253.59
727.2
4235.4
3730.41
1038.57
1709.16
1777.35
1496.41
2326.93
1623.91
running time = 651 seconds.
6137.64
4294.04
967.383
1549.49
2471.04
3463.59
664.973
1072.42
2813.93
2422.56
933.207
2940.74
2639.26
2459.1
1608.05
3671.03
1447.82
1120.81
3612.77
1013.92
985.542
1643.67
2339.14
2105.59
6027.53
3131.6
2965.66
2501.17
3897.89
1155.08
1542.52
1490.46
909.573
1391.39
2318.15
728.603
3596
680.744
4191.03
948.959
3657.42
1712.66
3666.84
2993.5
1071.02
1956.67
3215.38
2410.44
2533.46
1066.59
3628.97
3974.54
1275.16
1068.52
1221.82
7157.56
859.19
653.783
4961.86
2019.69
1419.41
1423.71
901.666
894.882
2896.89
1147.68
1846.81
949.849
1226.6
1150.82
4358.46
2664.88
4593.66
1258.31
6132.03
1181.07
2052.24
1310.44
2109.21
787.132
2828.61
1539.69
2652.39
6354.32
2909.88
1878.11
1640.65
4951.28
1807.89
2052.07
719.983
1599.8
3876.91
1097.63
1741.18
2717.71
870.575
926.836
2120.3
2519.67
6512.49
1456.11
1480.96
2607.77
1960.51
2758.93
1966.01
1975.89
2260.46
1123.22
3824.04
1983.92
649.166
3566.99
705.036
2470.7
5057.52
1377.66
1642.62
731.584
2419.39
1342.72
2542.13
2406.94
1570.56
running time = 620 seconds.
1995.37
1880.16
1321.22
2523.7
3165.78
2801.58
5050.88
1968.05
709.997
5643.09
1103.59
1115.8
2888.83
2040.82
3269.56
3389.47
1394.83
3026.93
986.069
2508.09
1548.89
2496.11
1351.28
1566.3
2145.32
1521.85
2324.57
934.483
1237.67
3467.18
7008.5
2195.13
1428.68
820.396
3706.22
2449.05
727.375
1282.28
1361.72
3656.19
5793.19
2640.19
4644.8
1446.36
2053.52
1830.73
2879.03
1867.4
685.015
1952.83
1938.32
4855.48
3797.05
10242.9
840.028
3331.12
1303.88
2368.37
1958.94
4047.35
2509.8
4635.24
4368.14
2495.27
1504.59
1504.39
1870.74
3050.17
1123.12
1782.03
1106.74
496.542
4653.41
3029.4
1169.04
1900.46
1108.84
1892.97
2067.29
1325.97
2907.45
2691.36
2091.02
1222.84
1746.71
785.759
2252.92
1905.26
2550.97
1276.68
2447.88
3175.66
1134.93
1315.59
3716.21
1902.55
1945.12
2403.25
1645.36
2323.98
2300.25
2340.06
4609.37
2917.48
1014.21
2088.89
729.608
1015.35
3064.18
3372.84
2185.68
4266.03
897.968
3004.13
5374.32
1253.59
727.2
4235.4
3730.41
1038.57
1709.16
1777.35
1496.41
2326.93
1623.91
running time = 639 seconds.
2407.17
4057.72
1141.53
2425.57
1438.22
2591.9
1497.35
1552.84
1752.09
1718.51
1460.94
1835.29
1915.25
1453.72
5464.02
3747.61
1394.23
3549.42
1983.33
1648.88
1823.04
1640.45
2046.93
1646.06
847.364
1476.94
7013.86
446.783
1481.02
826.025
2739.8
1886.81
2178.57
2280.04
859.618
1390.19
1391.46
1308.55
3975.26
5684.47
1424.19
2721.71
655.189
3133.08
5415.65
2673.62
1884.08
2274.41
4065.74
1195.27
1525.4
3802.05
3549.95
4480.45
2906.29
1629.75
1890.02
2871.4
1288.51
1251.23
1904.47
478.793
1529.56
2836.47
1434.27
6276.21
1819.39
1653.75
424.637
3785
3366.55
1642.5
2380.42
1402.52
943.99
2362.66
2506.45
3374.29
916.558
2149.65
2962.82
1388.83
2277.72
1283.98
843.439
2123.08
1307.11
1301.35
383.277
1984.09
995.103
1127.18
2341.97
2085.59
3670.8
5083.61
1150.05
3306.86
2165.27
2003.36
989.464
2245.5
2364.52
475.137
941.876
4115.29
1992.05
2859.35
703.535
3758.5
1047.32
1526.71
6314.7
1831.35
932.861
1879.06
3246.65
1880.61
2086.88
2664.09
2454.47
1960.04
4610.28
1318.7
755.968
running time = 614 seconds.
2002.99
3111.02
2213.4
1917.59
1376.43
2761.76
1293.56
2280.66
3026.82
2480.85
1114.88
755.116
520.318
1664.8
1549.68
1755.05
1453.81
1271.2
3821.79
2674.53
2964.95
973.707
1439.75
1098.24
1311.74
477.154
1121.67
664.501
1610.14
2281.97
951.303
964.162
2208.09
3187.9
792.16
2340.44
4126.4
893.879
2368.19
2215.6
1572.55
1135.97
864.007
1279.12
591.312
6137.97
4665.57
882.9
699.149
3147.46
1298.24
3005.45
1684.09
1994
1760.83
960.932
1274.02
3122.78
1431.51
1486.32
1904.95
6324.16
1124.61
1501.57
3291.74
1549.99
831.001
1194.67
3873.95
1254.61
1412.32
1524.6
2027.64
7014.7
2209.97
963.878
2448.4
2509.38
992.531
771.15
3257.38
1365.85
2191.52
6267.97
1717.12
1807.57
959.006
3712.81
1246.05
2360.2
1046.31
793.034
2486.31
5041.08
950.932
7303.65
2678.53
1249.08
1006.26
1537.84
1394.77
3515.8
1231.27
6833.68
2539.3
1261.57
1186.22
3094.98
1808.85
2682.38
2143.54
1229.89
429.672
3456.66
631.673
2004.83
1221.48
2017.91
2008.2
1424.17
3592.19
974.351
814.332
2780.58
1047.56
running time = 577 seconds.
