100.105
81.5057
83.7309
132.429
182.125
235.428
52.4487
130.999
66.4648
45.9365
46.8289
68.6587
38.2634
219.96
75.3454
96.309
93.8494
134.48
256.697
33.1617
87.0346
284.075
41.3813
140.87
67.6093
104.623
40.819
85.3918
85.6873
78.4832
58.4739
197.727
191.469
69.7542
46.2288
84.2248
69.2101
277.971
114.905
95.1233
411.118
185.647
97.7687
138.895
80.2557
109.682
58.1597
80.3379
51.9443
86.1733
126.626
124.277
65.5967
249.424
171.064
53.9515
123.288
93.1003
94.6717
100.364
22.2819
45.6138
105.654
42.5679
62.1873
76.5256
106.835
355.978
49.078
101.131
281.026
92.0747
225.066
134.18
50.1379
104.946
116.097
123.396
78.8827
98.4992
51.4013
108.389
234.44
56.6561
57.6288
141.798
72.4959
85.3117
50.0938
105.625
53.3333
51.8683
38.6326
56.224
68.5545
178.882
41.8624
66.041
92.3342
53.7438
188.441
45.5934
255.007
92.7143
63.7202
70.5492
140.977
125.983
100.603
43.1669
110.224
120.196
43.7084
95.0193
118.257
98.0951
55.7311
93.6098
110.492
122.824
61.5962
50.1677
89.5991
94.0334
173.761
running time = 1.45 seconds.
