1995.37
1880.16
1321.22
2523.7
3165.78
2801.58
5050.88
1968.05
709.997
5643.09
1103.59
1115.8
2888.83
2040.82
3269.56
3389.47
1394.83
3026.93
986.069
2508.09
1548.89
2496.11
1351.28
1566.3
2145.32
1521.85
2324.57
934.483
1237.67
3467.18
7008.5
2195.13
1428.68
820.396
3706.22
2449.05
727.375
1282.28
1361.72
3656.19
5793.19
2640.19
4644.8
1446.36
2053.52
1830.73
2879.03
1867.4
685.015
1952.83
1938.32
4855.48
3797.05
10242.9
840.028
3331.12
1303.88
2368.37
1958.94
4047.35
2509.8
4635.24
4368.14
2495.27
1504.59
1504.39
1870.74
3050.17
1123.12
1782.03
1106.74
496.542
4653.41
3029.4
1169.04
1900.46
1108.84
1892.97
2067.29
1325.97
2907.45
2691.36
2091.02
1222.84
1746.71
785.759
2252.92
1905.26
2550.97
1276.68
2447.88
3175.66
1134.93
1315.59
3716.21
1902.55
1945.12
2403.25
1645.36
2323.98
2300.25
2340.06
4609.37
2917.48
1014.21
2088.89
729.608
1015.35
3064.18
3372.84
2185.68
4266.03
897.968
3004.13
5374.32
1253.59
727.2
4235.4
3730.41
1038.57
1709.16
1777.35
1496.41
2326.93
1623.91
running time = 639 seconds.
