12138
11541.6
8305.2
18514.3
6025.41
6059.24
3769.15
7620.87
6289.53
7669.26
18785.7
15035.4
4058.74
10006.8
10016.3
12531.5
4584.65
2953.77
2881.74
5369.22
24338.1
7103.36
17030.5
5578.66
9046.51
14885.5
10190.4
11215.6
13633.2
20123.6
9877.01
16557.3
10109.2
23054.4
5402.64
4081.59
7666.69
14675.2
5522.15
22337.9
7161.11
23951.4
7972.74
4663.25
5827.79
5751.17
39860.4
11035.9
6285.01
3323.78
23896.2
5515.52
15087
10712.5
5713.12
7275.17
13994.2
6916.58
16304.2
5638.43
3006.78
17787.5
18703.3
2708.81
9907.03
7693.45
15143.2
4954.68
8313.75
3811.18
13778.5
4090.45
8202.32
11758.9
9716.25
12058.8
6484.29
12804.2
5439.08
6985.74
8935.68
14987.2
34707
5370.3
12597.3
11226.8
16155.9
5682.34
6694.26
10432.5
18244.9
8577.94
20877.1
11168.7
5736.43
21908.4
5722.9
6994.73
27387
5066.12
2936.61
5904.85
13200.8
34338.9
5089.65
6414.24
15453.2
8818.97
9669.03
5211.42
19005.5
4480.89
8246.07
25676.8
8643.94
4208.64
5036.9
3328.91
5216.04
4434.68
6997.58
4641.93
8514.96
20637.7
21521.5
running time = 14778 seconds.
