567.391
496.271
324.418
355.222
1015.54
274.624
194.348
309.2
170.334
197.581
408.841
543.593
188.381
453.799
113.636
417.844
235.92
186.601
928.144
585.727
678.94
191.833
263.959
396.995
313.429
447.742
446.53
911.545
170.983
490.912
126.16
282.689
521.116
477.789
275.198
377.319
326.765
617.818
372.039
271.558
461.76
168.417
159.217
395.828
95.4869
402.651
468.824
174.01
328.844
397.569
276.254
854.743
825.646
389.786
262.43
678.155
397.217
789.71
246.771
162.878
351.98
535.79
502.404
482.779
190.28
367.986
457.684
616.197
727.666
593.719
283.43
333.773
218.084
520.479
413.837
315.17
853.988
221.795
191.369
437.288
200.084
244.683
461.451
792.827
217.006
170.371
171.169
253.527
515.837
435.132
457.258
721.722
196.63
529.335
216.115
378.86
809.731
906.862
473.814
449.456
1229.55
166.097
530.363
982.784
353.237
773.149
244.914
182.394
266.932
325.955
84.1188
118.562
165.296
337.067
153.754
466.424
939.196
471.512
894.656
1711.07
492.692
506.355
584.436
298.443
209.814
running time = 23.47 seconds.
