45.1349
70.5368
90.9614
55.712
97.9745
89.4278
113.391
82.7608
112.219
56.044
69.2599
54.3282
153.696
173.068
290.846
63.7776
50.0957
30.2221
69.5963
62.8415
125.371
101.73
64.3378
105.073
34.7689
153.679
65.9179
41.7272
58.1873
88.6615
79.1589
93.1793
136.587
61.2709
78.3834
79.4841
119.675
101.641
177.743
105.348
127.342
310.848
48.1697
72.8238
41.8549
73.5148
55.7759
178.867
72.1337
190.275
127.835
174.805
58.8581
67.1349
167.615
255.513
125.247
62.7119
184.265
66.6588
223.704
142.268
143.463
147.36
96.6339
65.0617
31.3554
198.342
73.0465
254.809
450.173
143.55
153.476
92.5052
101.263
41.6871
59.4765
70.2847
61.4779
293.559
35.4891
114.31
115.501
44.2676
147.913
92.0281
43.6226
70.2478
227.461
58.4354
109.324
117.248
40.8545
177.056
204.68
51.7636
302.653
68.9278
60.9661
251.358
177.366
92.8167
118.746
92.9477
78.659
65.1843
45.3509
182.092
165.752
30.228
49.5773
102.757
99.1921
95.6122
55.6705
72.671
159.117
84.9617
112.18
77.375
79.4489
182.335
132.747
74.2071
166.333
running time = 2.27 seconds.
