459.758
386.958
331.957
1014.14
725.273
979.22
252.206
1024.39
134.069
253.005
951.666
314.238
249.843
425.176
704.163
271.474
350.409
458.348
2200.62
543.9
1061.67
368.342
198.278
330.766
268.724
168.836
963.814
535.364
464.774
164.095
391.708
1352.44
212.104
150.998
826.472
220.16
649.394
265.028
878.232
275.814
564.165
282.841
205.966
397.324
163.598
822.016
416.986
209.427
565.891
1386.2
349.054
313.319
779.928
645.523
140.931
713.819
339.077
190.473
274.357
609.167
198.851
291.056
262.024
585.664
472.568
207.648
324.213
215.557
236.485
348.641
1378.25
588.115
604.67
274.061
602.831
618.389
91.1293
440.224
969.066
105.94
930.238
269.997
355.271
785.589
504.801
188.586
229.571
316.042
304.782
460.727
310.434
237.422
149.155
495.008
86.4365
288.824
399.762
580.041
1142.78
408.409
519.857
197.728
399.881
51.0694
590.448
262.167
414.232
1347.54
876.832
369.915
641.262
223.347
388.497
1279.05
399.43
468.448
556.63
855.169
717.18
266.774
439.769
678.053
308.322
557.579
252.758
running time = 26.71 seconds.
