572.173
1204.05
2641.55
682.6
1925.01
2945.52
2699.18
761.073
3330.06
538.531
1015.2
684.784
608.423
1136.15
1960.34
825.874
1849.76
2490.18
1381.47
1328.71
2678.93
337.214
4233.79
1543.11
1509.25
3471.58
7783.29
3800.11
1266.45
1610.54
1018.87
1023.5
632.308
1017.06
1973.29
3573.37
5774.52
1059.66
3285.94
1926.86
934.036
958.455
1891.89
972.767
2345.01
1983.72
1990.17
2871.02
2727.69
2689.24
3088.4
1048.61
1224.67
1706.94
5363.95
1338.08
1121.23
3196.01
3830.08
869.108
1401.41
1422.9
2020.91
1247.9
1946.28
1025.36
688.572
4497.39
2337.19
1058.01
1008.76
2416.13
3443.17
1836.86
1212.26
1510.68
6380.52
1872.64
3072.03
1354.56
1467.24
3117.33
3497.3
1886.85
1207.55
2391.63
1509.82
1937.69
2242.26
1312.81
1350.47
2249.67
818.246
3700.57
1640.1
1650.6
731.822
974.021
3290.27
2501.47
3847.71
1686.85
1310.52
5150.18
2779.75
1092.14
1630.56
1220.45
2108.47
9660.57
1121.82
1957.72
1273.92
2174.09
869.742
1737.68
1150.02
1140.48
1606.28
3170.68
1470.55
2010.88
2205.86
675.105
1631.55
running time = 555 seconds.
