96.0052
167.215
72.595
132.579
32.4901
348.717
52.9314
52.8842
281.74
177.175
113.838
87.0437
209.698
57.6355
63.4911
126.394
147.924
42.1876
71.0569
68.8354
79.2754
123.796
98.3538
34.4652
287.244
74.6844
103.248
80.8446
213.097
61.426
56.7788
27.4098
95.115
41.631
66.5414
127.517
152.875
112.285
85.0428
125.408
64.0122
82.8427
154.348
195.15
37.3058
328.91
25.9279
30.6342
190.145
104.268
77.1262
114.874
187.056
86.978
90.1478
138.792
123.918
208.767
36.9387
112.391
141.655
68.6636
46.2229
60.5179
155.911
90.0946
235.614
143.933
49.032
46.1456
60.8905
31.6954
177.218
56.8536
53.7543
92.5131
186.574
46.6776
42.2327
152.236
124.048
346.246
85.3501
229.38
67.9921
169.319
32.7973
62.2417
64.0464
95.8027
106.175
40.3749
436.466
157.998
86.7505
96.3644
179.175
114.978
83.1589
63.0922
99.3525
122.112
43.0661
53.7137
190.253
35.1024
23.0305
101.323
84.5501
274.645
66.243
120.136
135.789
147.435
71.3124
126.019
113.386
41.0244
102.364
259.552
43.794
47.3753
128.235
258.133
78.1971
running time = 1.53 seconds.
