6137.64
4294.04
967.383
1549.49
2471.04
3463.59
664.973
1072.42
2813.93
2422.56
933.207
2940.74
2639.26
2459.1
1608.05
3671.03
1447.82
1120.81
3612.77
1013.92
985.542
1643.67
2339.14
2105.59
6027.53
3131.6
2965.66
2501.17
3897.89
1155.08
1542.52
1490.46
909.573
1391.39
2318.15
728.603
3596
680.744
4191.03
948.959
3657.42
1712.66
3666.84
2993.5
1071.02
1956.67
3215.38
2410.44
2533.46
1066.59
3628.97
3974.54
1275.16
1068.52
1221.82
7157.56
859.19
653.783
4961.86
2019.69
1419.41
1423.71
901.666
894.882
2896.89
1147.68
1846.81
949.849
1226.6
1150.82
4358.46
2664.88
4593.66
1258.31
6132.03
1181.07
2052.24
1310.44
2109.21
787.132
2828.61
1539.69
2652.39
6354.32
2909.88
1878.11
1640.65
4951.28
1807.89
2052.07
719.983
1599.8
3876.91
1097.63
1741.18
2717.71
870.575
926.836
2120.3
2519.67
6512.49
1456.11
1480.96
2607.77
1960.51
2758.93
1966.01
1975.89
2260.46
1123.22
3824.04
1983.92
649.166
3566.99
705.036
2470.7
5057.52
1377.66
1642.62
731.584
2419.39
1342.72
2542.13
2406.94
1570.56
running time = 620 seconds.
