120.248
80.5434
127.093
155.811
236.221
402.52
34.1101
110.9
149.125
115.773
58.1015
44.2828
150.511
68.4798
211.726
169.421
88.9191
162.519
142.001
116.754
33.817
65.6372
42.7257
153.947
151.113
108.839
32.3118
56.101
33.2257
255.907
303.148
40.8508
75.4338
58.7978
122.645
41.8707
44.621
94.1269
123.824
67.6607
48.7789
82.9462
49.3399
226.04
263.37
220.146
135.312
107.155
88.4348
94.0643
98.0584
159.138
85.7598
218.048
109.204
209.958
50.5386
86.1493
318.282
157.983
263.19
198.931
100.67
138.084
119.509
228.734
107.432
76.9822
43.8744
39.733
113.775
40.9279
142.191
82.14
103.085
120.624
41.4121
69.2592
146.731
125.821
62.9485
54.3642
352.952
159.926
519.906
27.0244
178.615
57.6133
155.823
43.7603
69.5145
53.9936
108.733
36.2898
135.404
83.5816
74.9901
157.872
86.9754
52.0719
48.0698
128.783
50.1618
33.3858
35.3425
93.5292
169.115
73.6933
80.4843
127.31
24.2873
51.9504
82.1966
180.298
85.3498
88.7582
82.1961
51.7604
39.996
120.91
90.452
130.901
44.0837
125.215
81.2421
running time = 1.59 seconds.
