72.1786
97.0153
245.505
284.451
307.402
168.687
46.3872
54.4529
84.845
37.8101
165.808
45.0175
222.555
34.1983
131.934
141.46
30.1598
58.3718
127.07
55.2295
54.4138
314.57
71.0098
62.5187
228.434
55.5921
163.235
69.4165
30.4946
155.508
88.2877
154.207
66.6994
46.3043
60.4477
97.5045
60.2758
158.599
163.728
65.7971
115.616
42.7062
40.2062
32.8887
73.9034
31.0972
89.2566
98.2912
143.303
26.3669
92.1671
47.9805
126.439
187.784
32.9593
78.0126
272.461
69.1136
41.1644
36.6843
169.071
22.846
361.721
33.1111
52.471
288.381
85.3187
218.252
80.5946
127.945
55.5879
103.703
30.0651
166.621
110.613
48.6486
75.5032
55.5926
140.735
72.1019
112.999
136.363
112.17
59.5591
263.305
120.252
28.5629
84.6515
94.3485
70.7023
88.1653
46.6499
65.7892
48.0954
62.9285
105.008
46.3119
73.9089
105.923
285.036
107.008
162.605
108.814
50.8739
59.005
48.1272
27.0465
51.8499
141.401
81.4369
102.012
127.933
20.9582
71.0767
84.3463
31.5663
35.3805
64.441
95.6371
86.3547
53.3311
121.285
52.5582
50.0193
80.0979
running time = 2.06 seconds.
