5782.69
12112.8
2840.92
12631.6
10305.2
8168.01
12462.9
4793.91
3375.72
9407.52
8079.41
6244.21
13054
10865.9
2149.69
3810.61
7797.77
5197.59
18301.1
17454.9
6739.19
3379.49
10259.8
11775.1
16748
30829.4
14612.8
13835.3
9557.26
2773.79
5166.94
4325.95
3641.08
17811.1
15175.2
9636.42
5751.52
33408.9
4754.85
3261.41
11728.3
4145.27
9565.77
10989.1
42124.2
8091.4
6820.47
3351
8000.82
19444.1
15719
17480.1
32263.7
4192.34
6826.2
7857.6
33549.4
4779.73
2643.11
7407.12
8993.42
12789.6
10680.5
11142.2
8229.25
7092.5
6053.73
9890.93
7488.96
5830.69
4572.12
7516.43
18769.8
11777.3
10953.8
5508.9
5252.56
6975.25
15445.3
4159.97
8761.81
3103.39
5091.69
4696.19
13854.7
1911.77
11181.4
27353.8
2718.19
4717.71
2376.36
13699.1
8559.4
4776.45
4685.34
10200.8
25311.4
18875.9
13036
21057.1
8000.1
13158
20344.7
19217.2
12920.9
7313.55
1730.86
5314.81
7328.06
3775.46
11981.3
7082.75
18341.5
5208.77
5900.48
14138.1
2290.16
8924.45
11470.9
8569.97
7529.77
3803.26
15906.2
9252.02
37533.6
running time = 14070 seconds.
