526.173
273.87
113.711
274.285
233.149
222.609
357.127
312.289
163.049
255.67
67.6606
387.116
225.795
197.852
360.509
264.857
150.974
746.273
274.607
78.9995
169.505
219.619
60.2433
86.5698
246.794
107.566
91.9685
201.216
363.609
273.62
84.5798
386.415
686.112
243.572
292.17
384.987
403.66
209.503
151.816
171.843
388.443
160.531
115.443
72.6531
137.168
92.7251
114.375
92.9824
152.453
193.264
165.694
257.755
292.58
217.492
120.599
194.022
171.121
139.097
93.1582
153.836
130.692
335.987
641.429
136.867
114.751
495.731
201.159
111.036
96.3159
265.174
172.544
74.9698
189.243
274.248
422.213
371.07
96.806
226.19
97.8829
186.307
231.669
92.334
379.37
90.1077
268.377
152.766
154.823
173.562
510.946
285.53
277.583
443.135
62.5577
166.431
78.6292
71.866
77.0461
288.606
208.28
303.778
68.398
193.377
326.984
133.991
93.0167
203.539
138.637
105.268
97.4455
169.33
112.171
124.028
87.6212
43.6821
61.0131
117.933
67.7851
158.385
241.044
101.227
160.13
266.47
121.662
116.084
203.978
running time = 5.81 seconds.
