636.071
2086.92
688.017
319.474
1013.26
2566.43
968.422
745.718
862.89
2072.1
532.061
2037.72
582.496
732.273
581.017
1494.22
3307.44
1289.13
581.105
527.295
840.491
385.955
2050.63
419.473
1609.46
381.556
1784.92
331.328
210.204
322.93
3009.85
1132.54
930.348
487.535
767.483
1533.09
608.156
700.382
666.642
1271.09
1216.69
1969.43
2230.74
448.586
799.473
1632.81
697.45
523.321
617.804
767.419
996.928
611.243
857.013
447.877
1374.21
317.344
1740.64
1148.79
2877.62
997.114
1924.87
876.913
1276.94
455.82
516.175
1140.01
990.145
584.841
201.725
1210.69
772.97
452.686
1593.27
681.011
514.394
963.555
1291.81
1010.62
852.587
991.529
431.795
1111.32
1132.25
746.239
1721.93
2565.91
898.205
916.699
688.398
1284.82
979.936
370.114
191.444
881.876
867.614
1998.89
811.602
717.933
1019.24
1735.28
1270.43
853.719
1004.64
641.047
317.331
927.815
642.585
720.413
1529.61
1431.18
1186
943.815
563.451
1398.11
638.081
1083.39
1113.02
1563.1
1258.17
1529.64
830.741
1521.7
492.576
2887.93
1536.1
running time = 140.79 seconds.
