749.922
21357.4
4976.3
2941.14
1649.76
3139.52
2111.71
6676.68
9459.78
4109.69
3704.12
6592.68
2527.25
2550.22
6245.96
12244.9
5356.89
6553.82
1830.16
1838.72
4768.05
3384.83
4964.97
5879.52
6290.53
3196.7
1438.13
5185.92
1081.51
10713.3
3433.13
1785.82
6476.82
3921.23
9283.52
4074.52
4425.3
13068.7
11825.6
9647.52
7066.98
2035.8
4722.98
2459.32
1766.35
10866
10407.3
1745.98
1724.27
6523.09
2131.29
3939.31
1941.62
1521.89
12116.6
9196.82
4221.91
3480.02
1553.23
999.364
1764.59
2603.59
8277.11
10009
2970.99
2118.64
1158.36
2692.65
2878.92
8175.87
8472.32
4525.02
2098.82
3952.22
772.711
3531.83
4599.95
13224.8
7461.74
3045.17
10140.7
4368.95
2762.94
8223.29
4340.04
2321.57
1698.98
1300.2
4447.59
8017.33
1371.62
1179.43
4148.69
1034.26
3807.06
4089.04
4202.1
4526.2
2897.99
2681.81
1613.67
3925.87
9092.89
2191.72
1561.72
3563.95
2703.92
1963.14
2359.04
4998.86
3412.62
3113.09
4536.58
1780.64
2435.22
6902.77
9821.98
7914.82
1185.15
5439.81
2620.72
2397.49
10410.4
3148.93
2545.58
running time = 2578 seconds.
