3869.96
2056.12
7933.98
1995.94
3152.86
3378.36
11082.2
6363.45
2107.32
2306.79
3216.18
6009.73
8661.48
1709.08
2019.44
2883.74
2473.11
2682.69
7747.71
9384.55
6761.16
7192
2073.06
1765.33
1205.94
3285.11
3563.24
5633.99
7104.01
4581.3
6167.95
1325.92
1750.58
8886.4
8196.2
10385.4
4438.08
7014.16
6215.84
1167.98
3699.82
2686.58
1226.66
3505.15
6929.16
3693.84
5506.31
3529.79
6161.77
1155.54
1981.07
14930.5
2221.13
1326.7
2839.72
2527.7
3408.43
7124.68
4313.96
4842.93
1423.9
3694.07
7827.26
7722.95
1041.83
9804.63
12537.5
3482.74
2346.19
5238.57
5373.26
2899.37
2862.39
2135.59
8975.23
1672.98
2264.45
1934.59
3578.1
5855.4
1864.02
6325.79
2369.02
3621.91
5203.92
2627.04
3771.53
2825.3
9940.25
6556.02
6797.74
3201.85
993.801
2160.21
1195.72
1841.8
2265.99
5372.29
4555.17
4075.69
1157.15
1480
3736.72
2561.07
3408.17
2455.54
6558.35
5303.25
8371.18
2991.45
1389.36
3120.31
2762.1
4984.23
9845.36
5067.37
3782.32
3683.29
4487.27
7639
2789.5
4142.32
2998.09
7894.69
4388.75
running time = 2456 seconds.
