78.8735
535.345
258.548
83.6609
216.32
529.837
436.128
414.858
121.241
157.212
440.654
89.5222
398.387
169.043
240.917
78.4807
313.197
195.777
288.417
83.8836
109.134
163.048
70.4127
193.225
56.089
214.499
278.186
487.579
434.568
603.914
138.438
76.3558
355.455
51.1619
136.513
161.398
86.2785
93.7664
155.37
115.767
87.0982
181.594
94.6083
325.172
184.326
105.872
73.5009
198.867
139.216
315.496
491.91
326.732
187.236
193.559
104.708
124.233
79.5662
536.51
209.194
383.438
55.8181
132.211
103.548
100.292
785.658
216.364
71.6063
111.052
52.1737
257.209
130.129
154.808
464.657
236.309
319.229
616.968
575.294
105.746
324.087
411.959
146.692
134.466
165.206
217.239
145.074
228.765
157.705
476.64
628.606
208.03
111.68
257.181
89.3006
381.455
444.501
65.1394
62.0293
174.596
125.152
167.026
210.916
493.164
85.7935
130.303
241.141
78.6134
479.773
56.0914
389.956
623.396
152.191
188.612
201.15
159.831
332.568
93.7998
62.8369
266.591
349.84
153.233
130.439
233.28
170.397
311.519
226.738
running time = 6.17 seconds.
273.511
467.706
165.471
478.445
279.309
57.8815
323.044
145.649
119.802
151.36
61.5492
275.508
207.681
490.182
125.723
432.738
187.045
128.982
62.3694
82.5734
365.158
283.987
633.487
86.965
165.276
352.292
50.2156
172.994
141.929
258.464
147.612
196.734
136.932
162.787
95.9263
144.36
189.901
246.325
111.855
124.164
680.911
295.114
188.001
188.285
459.978
141.503
539.541
248.489
116.736
236.183
362.12
108.458
125.651
144.241
314.056
119.821
246.411
66.2987
155.323
115.592
186.424
156.492
218.486
153.079
163.766
43.1694
76.9945
253.609
263.683
139.205
109.441
96.6973
155.044
400.143
181.811
350.977
73.0575
323.715
94.3352
499.062
171.578
198.405
94.1066
215.615
321.961
173.924
65.5897
69.7409
94.7615
90.2496
71.6465
620.293
354.241
203.026
220.131
121.178
97.4141
177.062
531.328
265.52
172.671
462.452
258.051
202.385
124.259
218.107
106.468
222.203
80.5196
78.3129
122.556
264.185
258.501
463.267
166.286
419.475
219.39
69.5241
180.647
196.672
62.7501
348.255
238.059
552.139
120.603
running time = 5.95 seconds.
128.352
354.038
39.2664
50.3575
193.573
114.462
402.674
76.9383
96.796
134.971
60.7632
86.1319
128.43
92.5573
115.313
77.2318
488.998
129.324
57.2003
127.137
300.171
268.127
139.104
227.434
215.586
129.518
119.403
87.1415
197.064
205.151
469.558
254.551
74.8455
89.4238
216.526
185.88
109.932
146.043
86.3318
107.266
184.97
169.373
327.079
342.037
79.9699
313.472
273.618
64.3367
228.931
37.0309
97.1081
340.882
193.939
473.114
81.2037
206.538
253.012
98.0371
283.067
368.953
183.315
158.908
169.837
135.083
560.067
214.759
378.324
67.977
130.357
229.492
233.863
135.852
230.719
153.431
141.803
302.013
88.0984
121.887
165.169
271.014
152.296
58.903
195.999
82.303
52.9646
213.284
450.471
215.285
239.848
163.23
214.621
157.287
609.429
98.6264
222.554
291.558
129.314
102.722
195.56
255.331
105.807
351.519
152.789
198.323
121.53
147.383
335.37
120.862
175.401
74.0151
123.8
368.071
304.678
367.377
188.907
192.356
167.754
364.753
136.553
78.4234
166.761
135.432
210.554
255.169
175.79
running time = 5.24 seconds.
407.216
78.2264
136.07
95.8823
84.2292
158.537
143.265
118.433
101.385
199.056
204.308
96.9555
263.172
361.915
43.0476
321.915
334.707
514.608
116.524
427.023
476.488
99.7917
180.17
212.186
115.531
226.916
185.179
513.148
68.3007
151.09
43.1364
314.119
206.517
237.028
387.519
390.545
106.538
490.887
351.942
518.393
193.608
177.061
284.614
160.606
152.806
121.282
90.2955
241.23
225.261
63.856
359.29
150.875
715.555
140.22
190.091
192.53
419.666
176.513
164.869
85.9182
217.107
166.544
260.271
179.404
138.89
93.013
168.183
129.423
137.865
302.875
488.516
240.731
91.6208
191.65
74.1019
208.492
160.024
268.219
282.352
200.428
224.962
96.9967
210.137
140.863
397.299
80.4117
131.908
115.611
426.484
379.531
79.6794
136.046
152.757
94.422
166.723
432.646
603.151
105.643
74.1241
341.334
296.451
171.662
345.683
165.453
182.329
107.144
254.319
184.48
189.256
451.452
109.159
275.636
392.425
391.547
198.957
227.007
119.829
90.8239
151.478
125.506
71.9676
71.6006
238.155
161.986
144.702
running time = 6.02 seconds.
187.096
378.982
130.324
269.701
191.895
120.964
142.655
86.9698
525.791
197.446
301.683
427.115
163.04
103.976
666.77
358.805
184.81
196.275
276.7
123.079
69.0083
230.891
226.764
198.302
171.189
167.257
305.525
273.963
137.175
221.32
94.1401
137.667
456.471
278.694
203.026
110.354
212.086
446.051
238.489
86.9124
125.213
148.623
89.7762
107.004
145.691
106.031
53.8382
357.046
53.7705
92.9195
260.422
335.84
203.303
75.8473
134.885
201.595
147.225
474.938
250.474
300.687
172.538
356.159
132.509
148.654
261.244
81.2598
359.557
80.5211
101.731
246.094
131.814
84.5281
123.227
231.753
117.938
117.674
127.585
249.065
327.101
90.4663
290.518
501.144
377.871
105.854
214.595
69.1775
182.746
52.4345
126.408
374.564
164.836
118.023
131.486
129.038
266.655
206.954
300.245
169.37
75.2818
450.079
85.0232
54.0138
192.908
580.566
149.998
122.013
134.84
97.562
183.829
94.7388
452.532
52.6577
137.61
124.916
103.256
136.066
110.564
104.837
87.3405
176.551
125.778
541.009
94.2854
155.917
280.154
running time = 5.46 seconds.
422.078
88.5413
204.788
180.636
538.594
139.311
130.75
125.856
109.286
137.6
185.276
158.116
114.325
342.081
352.122
255.597
397.694
147.155
236.931
138.196
300.957
188.437
124.996
335.321
364.268
228.181
80.3691
1070.03
169.731
203.957
43.435
97.192
88.4608
181.402
128.221
170.543
122.284
52.819
125.298
83.6316
178.782
337.332
442.456
228.724
283.01
203.555
117.526
75.2309
112.572
299.776
384.329
902.48
193.42
298.419
225.122
201.408
507.077
133.722
209.06
644.61
399.577
69.2961
78.5385
188.191
438.419
1046.43
149.789
214.15
407.457
248.903
217.702
72.1163
154.651
179.442
443.086
77.139
432.152
108.553
171.667
49.9662
251.03
239.884
296.972
246.345
128.575
217.88
149.47
135.03
919.457
265.197
102.962
100.151
159.893
249.289
204.146
299.487
202.22
200.689
158.535
541.967
407.086
92.3388
137.658
219.315
505.023
249.49
135.347
102.954
264.146
369.39
287.06
97.7522
136.29
105.401
134.298
132.696
136.344
195.919
123.693
464.187
98.0876
246.946
453.453
366.457
434.203
running time = 6.61 seconds.
207.048
66.1224
64.769
157.665
399.037
205.758
342.809
135.645
179.908
189.7
477.032
54.1027
450.586
125.89
232.993
130.506
164.891
308.111
570.435
95.6539
338.217
154.245
507.405
351.82
138.442
638.363
129.011
261.653
78.2443
181.335
111.017
126.485
278.025
61.8795
140.151
94.8898
291.204
302.269
276.824
215.172
77.874
174.392
86.1361
96.4108
171.51
170.216
101.88
327.067
362.187
71.1056
270.126
214.165
268.002
213.461
167.418
182.977
119.652
291.538
941.698
337.345
453.672
71.4735
113.485
274.953
791.129
148.267
327.25
160.69
140.845
171.975
58.9349
307.551
83.9613
89.9113
424.391
282.295
844.196
200.608
151.454
209.354
335.961
100.378
151.208
101.429
396.199
340.501
246.532
480.553
119.292
364.834
187.544
48.5444
631.226
415.72
589.606
164.946
181.57
192.593
212.773
133.731
480.12
122.814
122.793
433.94
178.652
142.538
112.22
267.857
212.191
84.1654
264.936
135.41
255.387
273.512
117.164
78.147
126.889
99.6983
97.3966
124.792
224.546
171.341
59.9225
594.403
121.708
running time = 6.57 seconds.
526.173
273.87
113.711
274.285
233.149
222.609
357.127
312.289
163.049
255.67
67.6606
387.116
225.795
197.852
360.509
264.857
150.974
746.273
274.607
78.9995
169.505
219.619
60.2433
86.5698
246.794
107.566
91.9685
201.216
363.609
273.62
84.5798
386.415
686.112
243.572
292.17
384.987
403.66
209.503
151.816
171.843
388.443
160.531
115.443
72.6531
137.168
92.7251
114.375
92.9824
152.453
193.264
165.694
257.755
292.58
217.492
120.599
194.022
171.121
139.097
93.1582
153.836
130.692
335.987
641.429
136.867
114.751
495.731
201.159
111.036
96.3159
265.174
172.544
74.9698
189.243
274.248
422.213
371.07
96.806
226.19
97.8829
186.307
231.669
92.334
379.37
90.1077
268.377
152.766
154.823
173.562
510.946
285.53
277.583
443.135
62.5577
166.431
78.6292
71.866
77.0461
288.606
208.28
303.778
68.398
193.377
326.984
133.991
93.0167
203.539
138.637
105.268
97.4455
169.33
112.171
124.028
87.6212
43.6821
61.0131
117.933
67.7851
158.385
241.044
101.227
160.13
266.47
121.662
116.084
203.978
running time = 5.81 seconds.
