225.316
1052.23
255.746
289.141
595.064
602.417
336.435
881.88
252.717
145.757
510.106
489.325
680.109
791.481
225.959
517.696
309.56
744.216
374.609
1351.55
509.097
381.132
468.318
353.964
337.666
679.518
284.418
621.114
445.4
493.264
340.224
168.032
264.501
516.177
265.705
224.077
311.874
259.87
164.358
201.788
187.3
283.126
190.388
222.394
116.805
241.493
207.772
161.997
259.046
443.789
336.518
254.994
337.658
352.12
570.367
171.608
414.162
353.906
190.523
740.985
382.847
258.825
737.17
374.009
803.802
138.159
248.307
273.538
465.058
314.216
299.69
164.177
215.473
766.689
299.408
119.535
316.747
133.505
261.651
163.19
258.319
234.164
713.022
345.513
336.583
284.264
533.803
456.328
294.697
345.685
253.354
81.9008
521.945
152.805
500.913
142.258
249.13
186.661
571.234
167.221
275.69
1058.97
473.105
212.797
179.515
420.71
232.27
230.076
210.336
196.408
343.651
797.46
159.795
215.228
705.512
274.33
580.295
159.959
121.739
208.129
238.787
163.313
327.953
734.38
297.635
running time = 20.04 seconds.
567.391
496.271
324.418
355.222
1015.54
274.624
194.348
309.2
170.334
197.581
408.841
543.593
188.381
453.799
113.636
417.844
235.92
186.601
928.144
585.727
678.94
191.833
263.959
396.995
313.429
447.742
446.53
911.545
170.983
490.912
126.16
282.689
521.116
477.789
275.198
377.319
326.765
617.818
372.039
271.558
461.76
168.417
159.217
395.828
95.4869
402.651
468.824
174.01
328.844
397.569
276.254
854.743
825.646
389.786
262.43
678.155
397.217
789.71
246.771
162.878
351.98
535.79
502.404
482.779
190.28
367.986
457.684
616.197
727.666
593.719
283.43
333.773
218.084
520.479
413.837
315.17
853.988
221.795
191.369
437.288
200.084
244.683
461.451
792.827
217.006
170.371
171.169
253.527
515.837
435.132
457.258
721.722
196.63
529.335
216.115
378.86
809.731
906.862
473.814
449.456
1229.55
166.097
530.363
982.784
353.237
773.149
244.914
182.394
266.932
325.955
84.1188
118.562
165.296
337.067
153.754
466.424
939.196
471.512
894.656
1711.07
492.692
506.355
584.436
298.443
209.814
running time = 23.47 seconds.
567.391
496.271
324.418
355.222
1015.54
274.624
194.348
309.2
170.334
197.581
408.841
543.593
188.381
453.799
113.636
417.844
235.92
186.601
928.144
585.727
678.94
191.833
263.959
396.995
313.429
447.742
446.53
911.545
170.983
490.912
126.16
282.689
521.116
477.789
275.198
377.319
326.765
617.818
372.039
271.558
461.76
168.417
159.217
395.828
95.4869
402.651
468.824
174.01
328.844
397.569
276.254
854.743
825.646
389.786
262.43
678.155
397.217
789.71
246.771
162.878
351.98
535.79
502.404
482.779
190.28
367.986
457.684
616.197
727.666
593.719
283.43
333.773
218.084
520.479
413.837
315.17
853.988
221.795
191.369
437.288
200.084
244.683
461.451
792.827
217.006
170.371
171.169
253.527
515.837
435.132
457.258
721.722
196.63
529.335
216.115
378.86
809.731
906.862
473.814
449.456
1229.55
166.097
530.363
982.784
353.237
773.149
244.914
182.394
266.932
325.955
84.1188
118.562
165.296
337.067
153.754
466.424
939.196
471.512
894.656
1711.07
492.692
506.355
584.436
298.443
209.814
running time = 22.83 seconds.
264.754
340.809
113.936
229.621
475.055
327.359
238.628
362.413
251.901
519.966
165.308
501.332
226.835
279.511
737.455
551.689
318.033
500.455
203.967
272.97
387.604
197.225
531.439
551.138
340.12
167.537
486.405
443.202
569.181
267.112
205.535
417.976
225.148
125.329
485.252
199.055
1250.9
324.392
144.886
292.135
166.676
127.022
561.068
487.241
400.794
446.577
488.763
428.838
516.178
217.943
728.818
333.158
726.978
279.794
293.739
233.39
273.375
711.811
202.271
502.811
581.731
581.068
1078.08
696.696
356.587
174.319
763.074
644.641
547.285
382.055
562.975
346.833
365.514
188.645
202.178
332.877
301.037
269.416
241.442
197.449
665.507
131.513
139.599
263.1
626.848
221.72
271.385
852.764
266.787
595.165
255.459
328.762
442.345
369.955
365.494
601.845
279.286
295.947
522.885
319.874
249.269
438.557
180.932
148.558
523.825
345.424
442.992
455.207
204.502
897.237
317.412
523.052
752.231
252.805
548.381
115.908
353.816
479.346
451.528
344.258
134.633
404.045
405.286
168.732
533.045
running time = 21.52 seconds.
264.754
340.809
113.936
229.621
475.055
327.359
238.628
362.413
251.901
519.966
165.308
501.332
226.835
279.511
737.455
551.689
318.033
500.455
203.967
272.97
387.604
197.225
531.439
551.138
340.12
167.537
486.405
443.202
569.181
267.112
205.535
417.976
225.148
125.329
485.252
199.055
1250.9
324.392
144.886
292.135
166.676
127.022
561.068
487.241
400.794
446.577
488.763
428.838
516.178
217.943
728.818
333.158
726.978
279.794
293.739
233.39
273.375
711.811
202.271
502.811
581.731
581.068
1078.08
696.696
356.587
174.319
763.074
644.641
547.285
382.055
562.975
346.833
365.514
188.645
202.178
332.877
301.037
269.416
241.442
197.449
665.507
131.513
139.599
263.1
626.848
221.72
271.385
852.764
266.787
595.165
255.459
328.762
442.345
369.955
365.494
601.845
279.286
295.947
522.885
319.874
249.269
438.557
180.932
148.558
523.825
345.424
442.992
455.207
204.502
897.237
317.412
523.052
752.231
252.805
548.381
115.908
353.816
479.346
451.528
344.258
134.633
404.045
405.286
168.732
533.045
running time = 21.44 seconds.
459.758
386.958
331.957
1014.14
725.273
979.22
252.206
1024.39
134.069
253.005
951.666
314.238
249.843
425.176
704.163
271.474
350.409
458.348
2200.62
543.9
1061.67
368.342
198.278
330.766
268.724
168.836
963.814
535.364
464.774
164.095
391.708
1352.44
212.104
150.998
826.472
220.16
649.394
265.028
878.232
275.814
564.165
282.841
205.966
397.324
163.598
822.016
416.986
209.427
565.891
1386.2
349.054
313.319
779.928
645.523
140.931
713.819
339.077
190.473
274.357
609.167
198.851
291.056
262.024
585.664
472.568
207.648
324.213
215.557
236.485
348.641
1378.25
588.115
604.67
274.061
602.831
618.389
91.1293
440.224
969.066
105.94
930.238
269.997
355.271
785.589
504.801
188.586
229.571
316.042
304.782
460.727
310.434
237.422
149.155
495.008
86.4365
288.824
399.762
580.041
1142.78
408.409
519.857
197.728
399.881
51.0694
590.448
262.167
414.232
1347.54
876.832
369.915
641.262
223.347
388.497
1279.05
399.43
468.448
556.63
855.169
717.18
266.774
439.769
678.053
308.322
557.579
252.758
running time = 26.32 seconds.
459.758
386.958
331.957
1014.14
725.273
979.22
252.206
1024.39
134.069
253.005
951.666
314.238
249.843
425.176
704.163
271.474
350.409
458.348
2200.62
543.9
1061.67
368.342
198.278
330.766
268.724
168.836
963.814
535.364
464.774
164.095
391.708
1352.44
212.104
150.998
826.472
220.16
649.394
265.028
878.232
275.814
564.165
282.841
205.966
397.324
163.598
822.016
416.986
209.427
565.891
1386.2
349.054
313.319
779.928
645.523
140.931
713.819
339.077
190.473
274.357
609.167
198.851
291.056
262.024
585.664
472.568
207.648
324.213
215.557
236.485
348.641
1378.25
588.115
604.67
274.061
602.831
618.389
91.1293
440.224
969.066
105.94
930.238
269.997
355.271
785.589
504.801
188.586
229.571
316.042
304.782
460.727
310.434
237.422
149.155
495.008
86.4365
288.824
399.762
580.041
1142.78
408.409
519.857
197.728
399.881
51.0694
590.448
262.167
414.232
1347.54
876.832
369.915
641.262
223.347
388.497
1279.05
399.43
468.448
556.63
855.169
717.18
266.774
439.769
678.053
308.322
557.579
252.758
running time = 26.71 seconds.
295.202
215.193
204.322
709.253
291.553
453.492
346.954
175.69
211.47
595.047
229.09
277.556
230.778
174.479
593.93
393.502
209.676
378.126
760.76
833.272
295.91
398.815
401.615
404.323
294.977
714.96
294.654
497.648
460.165
303.373
150.8
290.994
860.435
369.933
801.728
629.848
741.218
448.919
393.738
289.185
331.861
996.376
199.069
375.637
475.635
178.866
254.108
243.326
925.094
276.133
201.094
476.854
333.692
369.315
1141.92
517.527
182.341
110.324
302.561
783.471
264.932
901.228
314.487
375.021
228.058
546.59
148.802
226.983
535.422
281.488
554.911
663.744
228.94
91.3003
229.261
860.005
382.02
157.56
275.783
530.755
311.342
384.063
334.54
956.947
429.98
932.104
317.353
566.015
516.28
220.38
379.238
477.247
238.504
378.109
631.959
287.971
139.524
701.478
411.412
249.96
383.469
655.834
361.646
261.517
500.393
447.605
252.917
479.372
165.784
118.872
450.894
636.719
235.46
469.424
181.868
714.521
1067.03
287.119
976.68
411.461
317.275
246.573
555.22
342.673
231.247
running time = 23.65 seconds.
