422.078
88.5413
204.788
180.636
538.594
139.311
130.75
125.856
109.286
137.6
185.276
158.116
114.325
342.081
352.122
255.597
397.694
147.155
236.931
138.196
300.957
188.437
124.996
335.321
364.268
228.181
80.3691
1070.03
169.731
203.957
43.435
97.192
88.4608
181.402
128.221
170.543
122.284
52.819
125.298
83.6316
178.782
337.332
442.456
228.724
283.01
203.555
117.526
75.2309
112.572
299.776
384.329
902.48
193.42
298.419
225.122
201.408
507.077
133.722
209.06
644.61
399.577
69.2961
78.5385
188.191
438.419
1046.43
149.789
214.15
407.457
248.903
217.702
72.1163
154.651
179.442
443.086
77.139
432.152
108.553
171.667
49.9662
251.03
239.884
296.972
246.345
128.575
217.88
149.47
135.03
919.457
265.197
102.962
100.151
159.893
249.289
204.146
299.487
202.22
200.689
158.535
541.967
407.086
92.3388
137.658
219.315
505.023
249.49
135.347
102.954
264.146
369.39
287.06
97.7522
136.29
105.401
134.298
132.696
136.344
195.919
123.693
464.187
98.0876
246.946
453.453
366.457
434.203
running time = 6.61 seconds.
