454.142
1048.4
404.809
570.677
1261.88
373.068
353.099
889.058
1276.94
1416.16
1627.7
432.092
1660.2
742.83
1463.18
597.597
962.374
1205.08
343.672
1870.39
1750.03
2863.39
752.464
1161.22
1557.68
958.54
2481.12
499.142
1185.19
1919.45
763.556
786.741
1960.73
556.601
318.381
1460.49
1767.89
624.988
1385.76
1877.51
1037.36
1000.71
502.117
1035.81
3192.78
815.05
1106.62
1000.43
452.17
3606.71
1378.98
1629.98
555.354
1754.61
1307.9
930.615
238.152
468.091
513.311
1297.11
873.211
621.221
1596.64
804.52
614.426
707.665
2078.89
333.492
1326.42
917.982
1917.73
1041.94
1019.91
552.115
1059.37
2138.08
1005.19
981.214
2668.65
566.585
1410.93
983.693
1270.32
776.969
328.736
985.637
321.098
1709.7
1199.21
358.712
1054
453.961
422.136
353.642
514.845
731.027
566.314
377.16
997.293
619.229
1218.8
571.018
909.676
857.704
1096.97
609.26
778.679
2045.15
759.582
680.838
522.721
1225.59
1686.75
1831.17
1902.43
614.255
2072.13
585.868
1608.39
654.371
1428.22
260.147
1306.96
1019.08
705.528
running time = 145.43 seconds.
