295.202
215.193
204.322
709.253
291.553
453.492
346.954
175.69
211.47
595.047
229.09
277.556
230.778
174.479
593.93
393.502
209.676
378.126
760.76
833.272
295.91
398.815
401.615
404.323
294.977
714.96
294.654
497.648
460.165
303.373
150.8
290.994
860.435
369.933
801.728
629.848
741.218
448.919
393.738
289.185
331.861
996.376
199.069
375.637
475.635
178.866
254.108
243.326
925.094
276.133
201.094
476.854
333.692
369.315
1141.92
517.527
182.341
110.324
302.561
783.471
264.932
901.228
314.487
375.021
228.058
546.59
148.802
226.983
535.422
281.488
554.911
663.744
228.94
91.3003
229.261
860.005
382.02
157.56
275.783
530.755
311.342
384.063
334.54
956.947
429.98
932.104
317.353
566.015
516.28
220.38
379.238
477.247
238.504
378.109
631.959
287.971
139.524
701.478
411.412
249.96
383.469
655.834
361.646
261.517
500.393
447.605
252.917
479.372
165.784
118.872
450.894
636.719
235.46
469.424
181.868
714.521
1067.03
287.119
976.68
411.461
317.275
246.573
555.22
342.673
231.247
running time = 23.65 seconds.
