993.988
3230.45
1811.58
1132.88
4108.1
2025.46
1037.08
1982.14
1352.93
1779.24
892.834
3658.23
2784.26
2025.44
4761.33
3353.35
2051.74
1319.47
701.458
2450.18
3228.6
1046.06
2018.67
1445.99
3291.02
1129.34
883.51
2990.89
1214.25
1517.78
3433.61
1131.43
1462.94
3325.07
2589.51
5705.01
1792.38
3721.95
1083.36
1271.4
2594.79
2026.19
1263.2
1443.08
4492.91
3108.77
4372.55
600.246
4172.07
943.159
2183.55
688.712
3979.71
1067.14
1220.79
2489.25
3551.94
4845.31
1403.66
795.357
1776.2
1666.97
2004.48
1589.02
699.083
1940.22
1746.36
4141.76
4047.02
2910.31
1905.45
1903.24
1398.18
3472.48
1175.08
2924.64
3383.64
1839.52
1425.76
2287.02
2331.43
436.254
2046.82
1816.06
3088.69
4448.99
1431.6
1479.81
2184.1
1602.1
1940.4
1220.52
866.953
1937.23
3086.22
933.143
1672.5
897.764
1948.02
1703.8
2447.59
3937.93
1718.61
3266.34
630.552
1216.04
573.828
2189.67
1246.11
1006.83
4431.81
978.127
6997.45
2446.81
856.143
2161.8
1506.36
1243.46
1226.9
1057.63
968.081
3202.96
1146.57
919.628
724.247
running time = 577 seconds.
