8817.02
3363.46
1693.87
5901.26
4156.24
2949.5
4333.55
4497.58
2660.9
3947.89
3098.81
4506.14
8576.07
3629.63
11127.1
2329.37
5774.23
2721.45
5254.13
1906.38
6247.07
2832.53
2391.47
2225.08
9586.75
2287.99
8775.16
2862.67
3995.66
1795.03
5067.93
4056.86
14153.4
1280.54
2155.33
2604.77
5518.05
6514.05
4377.76
2650.23
7685.11
2592.81
3359.04
2849.55
3278.41
4682.81
3527.06
1618.54
4486.87
1601.49
6717.14
6159.64
2819.2
2049.8
1952.25
3843.95
2461.08
2329.34
1985.31
3096.59
620.335
6808.17
4148.41
3984.69
5623.58
1903.92
3445.84
4541.32
3910.65
2948.35
5959.32
8266.01
9845.48
2707.46
2774.36
2976.38
3836.07
2592.44
4078.44
14031.2
6016.54
5344.91
4412.67
10768.7
2633.17
2303.57
1155.55
3239.44
2216.35
3179.14
8589.44
2736.11
8858.06
5597.86
3274.31
2277.71
5613.7
1678.76
3500.77
8972.15
10417.6
1856.21
7489.51
3083.99
2425.73
4537.22
8362.6
1682.58
1989.59
2019.2
4024.84
6231.18
3143.37
6484.87
4771.94
5071.66
2796.39
4363.68
2889.43
1544.32
6770.31
3189.64
1607.54
12552
800.001
running time = 2366 seconds.
