29756.5
13222.5
11146.1
19754.1
9208.38
14994.1
8154.72
8893.24
8646.41
15240.1
13873.1
8976.01
13298.7
4118.53
5946.99
20702.4
6012.22
10981.1
31472.5
13391.7
5681.52
15390.1
22277.7
5438.99
17960.5
4646.64
10240.1
13513
4125.06
8806.04
10583
22453.7
14536.9
4125.21
6400.12
10948.7
5193.77
19955.7
30092.4
4348.97
6038.82
8345.12
4861.01
5001.56
15692.5
4249.86
5177.14
12632.7
6352.91
3063.71
5550.72
4415.98
12953.3
7003.32
28195.6
6673.91
11049.1
7251.65
2988.21
7117.65
5521.92
17387.6
4324.4
13682.9
8447.84
9004.12
5712.92
5957.17
8933.69
2880.95
6976.34
9604.92
2961.19
20257.1
25407.9
5505.22
4063.73
11229.3
26001.4
5725.78
9970.39
3337.16
3515.5
9530.04
10867
4985.17
20813.3
9825.04
12165.1
10807.7
15215.8
10234.8
10544.8
7232.82
2490.16
16626
7987.04
3596.12
3163.17
12770.9
7663.31
5430.82
30173.4
5577.53
5594.5
9848.87
8157.75
5343.88
17770
17393.2
9073.95
16503.7
4729.07
5663.2
18485.4
13448.2
3360.76
12784.9
17626.2
11919.5
6839.79
7884.17
3345.92
8291.94
13793.6
running time = 14116 seconds.
