1919.72
1252.36
2325.5
812.818
5461.31
2548.78
3973.61
566.1
940.311
2950.99
3581.95
2010.79
901.232
1828.4
1297.45
1644.19
2917.64
2210.29
3031.27
1718.91
1978.38
1556.02
1118.14
761.696
3890.62
1820.52
2168.91
1317.03
809.949
2611.74
2913.49
1229.16
1878.49
2921.09
3724.78
949.436
2080.95
580.198
2102.09
2446.02
2902.64
455.445
780.167
1985.55
1593.17
1085.26
2597.04
1051.74
5698.61
7769.25
2128.03
3319.97
983.548
3026.03
1065.96
4208.99
3293.37
1954.19
4129.1
1105
1023.21
1257.72
4021.55
1763.38
844.158
1130.71
847.102
1037.73
2112.09
1777.42
1255.76
2995.21
1728.34
1628.8
3451.9
1275.43
2011.89
1844.84
1335.02
716.431
516.051
1832
1239.49
558.532
1541.82
1606.04
6093.71
2097.5
982.839
1633.39
1205.44
1040.49
1272.22
1645.3
2931.44
921.621
1276.91
3067.87
1688.33
8601.9
5651.29
1781.17
760.593
1605.38
1555.66
851.326
3264.87
2326.04
2663.74
3519.08
1884.02
1862.37
3418.03
1871.68
1284.05
3624.12
978.197
856.772
2973.69
727.886
2587.87
1421.8
1765.19
2039.66
1348.11
running time = 556 seconds.
