207.048
66.1224
64.769
157.665
399.037
205.758
342.809
135.645
179.908
189.7
477.032
54.1027
450.586
125.89
232.993
130.506
164.891
308.111
570.435
95.6539
338.217
154.245
507.405
351.82
138.442
638.363
129.011
261.653
78.2443
181.335
111.017
126.485
278.025
61.8795
140.151
94.8898
291.204
302.269
276.824
215.172
77.874
174.392
86.1361
96.4108
171.51
170.216
101.88
327.067
362.187
71.1056
270.126
214.165
268.002
213.461
167.418
182.977
119.652
291.538
941.698
337.345
453.672
71.4735
113.485
274.953
791.129
148.267
327.25
160.69
140.845
171.975
58.9349
307.551
83.9613
89.9113
424.391
282.295
844.196
200.608
151.454
209.354
335.961
100.378
151.208
101.429
396.199
340.501
246.532
480.553
119.292
364.834
187.544
48.5444
631.226
415.72
589.606
164.946
181.57
192.593
212.773
133.731
480.12
122.814
122.793
433.94
178.652
142.538
112.22
267.857
212.191
84.1654
264.936
135.41
255.387
273.512
117.164
78.147
126.889
99.6983
97.3966
124.792
224.546
171.341
59.9225
594.403
121.708
running time = 6.57 seconds.
