3380.66
59.3649
22.2882
70.1273
111.886
65.6585
63.8188
29.3984
72.952
289.642
128.406
361.914
30.1672
47.1945
127.499
99.8261
63.9803
88.1796
52.8216
322.1
77.3431
75.8338
138.546
41.4128
191.287
72.0407
113.85
48.1962
71.8558
24.8904
67.7846
205.293
104.973
102.808
71.0264
23.6605
18.4143
25.5617
129.2
73.5083
77.897
56.6908
115.097
85.803
22.4946
64.1456
80.773
75.8174
104.804
144.578
68.5127
50.3762
31.8976
69.7314
72.1785
118.732
167.642
258.176
108.861
112.353
65.0706
161.514
36.0149
101.458
102.066
143.05
65.8505
32.5729
65.754
111.157
93.4547
105.968
168.234
41.231
68.7853
97.5356
34.501
265.477
39.7617
119.622
68.924
74.7159
66.4671
61.7341
198.658
64.3046
86.3642
79.522
318.721
160.723
78.0101
59.9534
317.045
67.6475
163.126
34.8705
96.4562
121.174
54.7578
46.0558
130.205
38.4766
34.5754
159.096
45.7928
112.956
42.5121
76.6676
43.9556
45.9878
114.476
122.31
73.4967
110.463
152.429
72.5316
126.396
108.885
66.1863
82.2164
74.667
81.1772
68.8246
86.8013
37.7142
running time = 1.32 seconds.
