1612.07
8002.39
3978.92
5712.78
4168.3
12062.8
1867.99
4529.16
2804.14
5200.06
7234.05
4087.1
9127.81
3831.69
9582.1
3451.48
2482.16
2358.7
7245.53
3648.17
2372.81
4453.87
3937.32
3297.43
1400.82
1556.49
1777.09
2074.27
1814.1
7429.13
4521.67
9485.38
905.573
2063.96
3609.11
4344.77
4067.86
6782.99
7628.6
3532.45
3659.18
3344.12
8827.32
5253.26
4921.03
2122.12
3622.9
4366.01
3361.77
4849.77
3531.68
4847.06
1207.63
6433.01
1879.8
2699.9
2037.79
4116.3
5215.97
4017.12
2006.08
2804.95
1331.03
4675.24
3268.29
2870.32
2581.76
2156.06
6405.29
1733.34
2870.88
10010.1
4526.88
2927.56
10075.6
3718.08
4583.13
3608.38
1161.03
3596.68
4549.7
1829.05
2108.05
1654.32
4921.43
9057.27
2598.9
4148.68
4519.16
4191.36
5182.06
2268.75
3632.65
2293.35
3030.02
4520.12
4946.68
3492.24
3420.85
3551.31
4629.43
3731.01
4496.63
11745.7
7223.89
3310.72
3020.38
4285.92
9547.46
2450.19
3810.71
2274.75
2334.28
4161.08
6046.95
4421.59
5216.48
4464.75
2946.35
5155.8
7100.05
3299.36
3283.79
8272.67
6460.6
running time = 2359 seconds.
