4853.73
5780.34
3060.6
8280.07
9314.21
8546.95
2308.34
4764.58
17188.9
8180.61
7505.39
12341.5
14060.1
16877
3747.94
6169.32
16665.7
11294.5
9448.67
18640.7
7287.69
12578.8
4286.26
5505.17
13047.1
6282.28
13110.6
7005.03
7590.89
9967.28
9615.34
24369.1
7290.32
11969.5
16570
6837.46
6683.71
16297
16489
6295.4
7035.25
6471.81
5403.65
17837.3
10526.3
2815.86
3839.69
10116.6
11009.5
17568.2
11196.5
5282.54
4865.26
11823
17822.6
7841.35
18570.1
13608.9
6465.93
12663.8
6490.19
4875.5
6226.98
5467.97
12934.3
7450.63
15406
16908.4
5296.89
6647.24
15650.6
6280.28
7557.42
1762.65
11199.8
17456.9
13367.4
10518.1
8879.7
9601.34
8981.47
7890.2
9574.01
10679.3
7047.3
3913.56
11275.5
13028.9
8693.5
5143.9
9524.91
7482.14
3428.43
32877.6
9591.65
7993.05
6389.62
10901.9
7052.44
11933.3
6092.52
7853.39
16225.3
3664.26
3443.73
9547.44
4200.53
4921.02
9149.17
12250.9
12530.5
24997.1
5274.52
7204.38
5016.13
7119.36
6786.39
27860.4
5781.71
4514.36
25145.7
7623.12
11589.4
4484.45
11671.5
running time = 13755 seconds.
4648.76
3550.37
8397.07
4296.94
5893.84
11542.5
13582.4
10718.2
22282.4
2948.62
36151.6
21600
18968.7
4796.27
9123.05
3530.02
13388.7
4953.55
15609.1
13788
4245.6
8868.64
8785.41
16046.5
24573.5
11857
10012.9
5407.71
5861.62
8435.15
12193.2
5016.74
12526.7
7983.62
4889.72
12882.5
12452.3
2615.08
7789.91
7215.22
7831.34
12111.1
8336.57
4337.36
18240.5
4912.59
5955.29
13208.6
17293.1
7736.43
8139.27
7043.75
4874.04
5526.92
16056.2
9589.83
8927.34
11453.9
25332.1
6778.3
6012.41
8793.48
7510.35
7945.53
3048.39
5685.84
21679
11535.3
9021
16506
15897.5
22105.6
9041.25
8689.41
5102.51
6156.49
5683.91
12270.3
16440.3
19154.5
8625.48
21581.8
4619.79
4856.83
16908.4
2572.4
13179.9
26665
6472.32
7461.48
2753.54
3322.35
4788.69
5947.61
10384
7045.66
18340.4
11367.4
18856.1
8480.58
23092
3939.53
5765.34
11320.1
5381.52
5367.17
20220.9
13670.8
7016.8
6313.87
13133.9
3743.03
24147.4
8851.63
18898.3
23873.2
4424.05
14831.7
6257.64
6169.03
31793.7
5096.85
2087.05
19188.3
2984.96
running time = 14455 seconds.
5782.69
12112.8
2840.92
12631.6
10305.2
8168.01
12462.9
4793.91
3375.72
9407.52
8079.41
6244.21
13054
10865.9
2149.69
3810.61
7797.77
5197.59
18301.1
17454.9
6739.19
3379.49
10259.8
11775.1
16748
30829.4
14612.8
13835.3
9557.26
2773.79
5166.94
4325.95
3641.08
17811.1
15175.2
9636.42
5751.52
33408.9
4754.85
3261.41
11728.3
4145.27
9565.77
10989.1
42124.2
8091.4
6820.47
3351
8000.82
19444.1
15719
17480.1
32263.7
4192.34
6826.2
7857.6
33549.4
4779.73
2643.11
7407.12
8993.42
12789.6
10680.5
11142.2
8229.25
7092.5
6053.73
9890.93
7488.96
5830.69
4572.12
7516.43
18769.8
11777.3
10953.8
5508.9
5252.56
6975.25
15445.3
4159.97
8761.81
3103.39
5091.69
4696.19
13854.7
1911.77
11181.4
27353.8
2718.19
4717.71
2376.36
13699.1
8559.4
4776.45
4685.34
10200.8
25311.4
18875.9
13036
21057.1
8000.1
13158
20344.7
19217.2
12920.9
7313.55
1730.86
5314.81
7328.06
3775.46
11981.3
7082.75
18341.5
5208.77
5900.48
14138.1
2290.16
8924.45
11470.9
8569.97
7529.77
3803.26
15906.2
9252.02
37533.6
running time = 14070 seconds.
12138
11541.6
8305.2
18514.3
6025.41
6059.24
3769.15
7620.87
6289.53
7669.26
18785.7
15035.4
4058.74
10006.8
10016.3
12531.5
4584.65
2953.77
2881.74
5369.22
24338.1
7103.36
17030.5
5578.66
9046.51
14885.5
10190.4
11215.6
13633.2
20123.6
9877.01
16557.3
10109.2
23054.4
5402.64
4081.59
7666.69
14675.2
5522.15
22337.9
7161.11
23951.4
7972.74
4663.25
5827.79
5751.17
39860.4
11035.9
6285.01
3323.78
23896.2
5515.52
15087
10712.5
5713.12
7275.17
13994.2
6916.58
16304.2
5638.43
3006.78
17787.5
18703.3
2708.81
9907.03
7693.45
15143.2
4954.68
8313.75
3811.18
13778.5
4090.45
8202.32
11758.9
9716.25
12058.8
6484.29
12804.2
5439.08
6985.74
8935.68
14987.2
34707
5370.3
12597.3
11226.8
16155.9
5682.34
6694.26
10432.5
18244.9
8577.94
20877.1
11168.7
5736.43
21908.4
5722.9
6994.73
27387
5066.12
2936.61
5904.85
13200.8
34338.9
5089.65
6414.24
15453.2
8818.97
9669.03
5211.42
19005.5
4480.89
8246.07
25676.8
8643.94
4208.64
5036.9
3328.91
5216.04
4434.68
6997.58
4641.93
8514.96
20637.7
21521.5
running time = 14778 seconds.
6284.35
10907.4
4291.85
2844.52
5078.71
9302.04
15246.5
11969.9
8112.85
3138.86
6661.45
4890.45
4185.48
7216.78
12693.5
10395.1
3006.39
2976.06
3995.45
11427.4
5855.64
5740.73
12506
13527.7
3947.86
15549
28179.8
6622.45
4240.61
10794.6
9765.35
5098.85
3350.52
8304.24
4736.3
17506.5
7802.67
2136.51
11407.9
3887.51
8412.39
6750.56
4614.03
7047.05
32940.1
13423
33015
7728.91
4798.91
5231.17
17550.1
15797.5
8776.65
8755.64
2526.97
11878.9
9639.6
7574.72
9126.66
11047.1
10161.3
13185.3
6927.69
8823.43
4779.98
17225.6
4786.22
3592.79
5251.77
8250.46
8854.38
21176.9
4960.32
5112.97
8539.76
22190.7
10724
4080.75
5637.27
4669.49
6575.92
4974.91
28382.4
9226.14
17051.3
13147.4
22703.7
11964.7
14139.3
13463.3
14179.6
8638.32
5152.23
4964.54
12131.8
16909.3
2366.22
7452.55
19062.5
47799
5508.36
8154.83
6724.4
9783.15
10423.3
4955.41
7889.88
4368.46
30612.2
10859.9
6419.59
2982.59
9365.77
7587.08
4113.99
3758.12
6782.24
5544.99
7095.95
12340
15713.3
10003.8
12253.6
5382.91
10829.1
running time = 13730 seconds.
5618.78
9673.14
13133.3
11390
4413.59
9227.41
11060.1
3581.99
4803.66
8965.6
4838.45
7827.4
9083.24
13695.6
4686.1
16716.1
5789.84
7705.79
7680.12
15728.1
13150.2
9260.85
3366.86
5630.54
8984.84
15467.4
7988.98
6909.68
5013.78
7092.33
8158.99
9866.31
9072.16
14635.5
5212.89
13038.8
8421.66
3455.36
8393.94
9049.93
16565.2
28368.6
5834.67
3953.67
11146.5
4848.96
8503.72
19638
6309.25
7188.08
5770.57
6782.92
3583.15
5603.65
8041.36
13343.2
6679.01
7198.35
4408.59
37572.8
3439.78
13084.1
5399.42
24020.9
15585.5
4564.05
5205.89
2394.04
10347.1
10730.8
4485.49
4599.05
24959.9
8552.39
4740.13
2741.61
10220.7
5647
5839.31
8612.82
4233.88
26891.1
9801.44
3729.94
26141.9
5719.09
8011.8
10504.9
3602.89
7239.83
8953.26
27590.8
19309.4
13562.3
5315.91
8931.34
5140.13
3096.68
16034.5
14017.9
6712.36
7830.59
22474.6
17281
22558.7
17077.5
7088.69
6814.38
12778.9
15967.2
7115.72
20187.3
4240.99
23000.5
3207.1
4905.4
8825.55
7963.91
12344.6
7386.07
11240.1
7490.59
2601.13
9138.55
7682.38
running time = 13870 seconds.
10075.1
3731.09
5193.52
5547.99
4804.65
4694.16
8077.57
6102.04
15598.2
21467.7
5649.05
9660.15
7756.36
13959
11015.6
14205.2
17282
11464
5806.32
14038.9
15995.6
3184.43
5884.11
6841.65
7443.01
9975.04
10627.3
3122.39
4890.62
12994
12366.3
5664.54
3271.94
4166.78
21458.5
7537.04
16989.1
7563
4732.24
18973.1
10924.5
4713.25
17215.2
5354.32
7059.57
30968.6
4770.62
15013.9
8451.79
10171
9010.06
17892
7574.63
3711.01
3715.94
3399.87
18445.6
5095.32
5375.62
8362.33
4234.27
8289.32
11249.5
10661.2
5231.89
3562.47
7112.15
17665
9404.76
9567.71
8405.9
12287.3
14013.8
14872.8
5889.83
3117.58
5028.11
5542.94
11076.9
3362.13
13653.2
15759.5
9174.53
17754.8
11254.4
3182.32
16198.7
14272.1
8685.62
12413.7
11405.5
5222.63
3560.43
14012.7
10803.6
14056.9
2989.65
2703.56
7972.57
8028.9
10960.9
26248.7
12051.6
22459.9
7916.09
29452.9
3272.33
9347.7
3247.26
5648.68
6011.57
4489.48
6751.51
8101.86
8407.34
2651.78
14433.9
3869.98
14090.5
16640.4
8458.95
18600.2
11994.4
9483.31
9841.36
running time = 13829 seconds.
29756.5
13222.5
11146.1
19754.1
9208.38
14994.1
8154.72
8893.24
8646.41
15240.1
13873.1
8976.01
13298.7
4118.53
5946.99
20702.4
6012.22
10981.1
31472.5
13391.7
5681.52
15390.1
22277.7
5438.99
17960.5
4646.64
10240.1
13513
4125.06
8806.04
10583
22453.7
14536.9
4125.21
6400.12
10948.7
5193.77
19955.7
30092.4
4348.97
6038.82
8345.12
4861.01
5001.56
15692.5
4249.86
5177.14
12632.7
6352.91
3063.71
5550.72
4415.98
12953.3
7003.32
28195.6
6673.91
11049.1
7251.65
2988.21
7117.65
5521.92
17387.6
4324.4
13682.9
8447.84
9004.12
5712.92
5957.17
8933.69
2880.95
6976.34
9604.92
2961.19
20257.1
25407.9
5505.22
4063.73
11229.3
26001.4
5725.78
9970.39
3337.16
3515.5
9530.04
10867
4985.17
20813.3
9825.04
12165.1
10807.7
15215.8
10234.8
10544.8
7232.82
2490.16
16626
7987.04
3596.12
3163.17
12770.9
7663.31
5430.82
30173.4
5577.53
5594.5
9848.87
8157.75
5343.88
17770
17393.2
9073.95
16503.7
4729.07
5663.2
18485.4
13448.2
3360.76
12784.9
17626.2
11919.5
6839.79
7884.17
3345.92
8291.94
13793.6
running time = 14116 seconds.
