66.2819
54.7736
157.275
179.637
95.3207
28.4521
47.5564
41.9341
149.017
137.202
105.908
162.099
248.595
92.5144
118.622
154.081
65.4788
165.997
73.939
41.6955
86.17
331.557
217.965
57.047
74.1203
112.735
67.9861
58.8243
250.989
56.484
35.7892
70.6597
43.0679
185.869
150.519
82.1338
54.9798
54.8985
180.586
64.028
136.368
92.5758
79.7753
258.962
82.2212
64.8912
62.759
149.374
149.704
32.0671
151.922
51.2229
76.8489
144.872
99.7015
116.552
76.1204
103.612
47.5978
70.3313
156.946
42.5234
87.3458
121.675
67.0815
221.116
110.358
188.379
85.3622
117.308
70.4327
197.309
93.8784
53.5534
125.752
158.41
83.4437
81.2852
44.2267
85.5317
54.8119
67.7566
229.113
110.394
84.8198
92.4861
53.6173
100.658
232.51
61.5301
55.7464
144.536
65.9099
229.979
40.7221
107.396
33.5921
126.783
92.2159
40.8228
109.508
85.8445
186.997
47.53
108.533
275.424
36.2174
44.4643
41.3232
111.918
150.851
102.797
55.8195
301.326
82.0324
239.509
82.9596
47.3873
48.6313
125.152
132.479
120.638
269.889
44.1194
70.1969
running time = 1.45 seconds.
