2264.29
4524.39
3486.06
4654.67
2573.82
1113.05
2581.23
1335.68
983.316
4499.99
1994.79
2447.33
2983.09
12630.4
4190.08
12724.9
11174
2080.68
4975.68
9710.2
3010.4
3784.34
3449.59
7471.07
1285.94
1912.28
1800.41
1459.69
3298.87
2833.79
2566.4
2470.94
10258.9
1786.51
1036.28
9698.08
3675.27
1840.62
2636.8
3817.89
5134.5
8779.79
2897.26
2035.58
8905.79
4366.81
2277.75
9291.25
1670.99
1606.61
8130.46
2372.54
4576.62
3813.32
4254.5
2309.27
8873.19
2780.44
4998.36
8591.39
2708.34
5416.85
3192.51
2559.56
3851.29
16149.8
2375.37
4198.97
2846.49
7109.07
3858.02
2680.86
5668.21
1968.03
8008.9
4607.23
1343.96
6407.93
5669.31
4973.94
2919.99
2953.55
4967.63
7406.3
3734.48
10970
1418.57
2353.27
9763.01
3479.64
1826.97
3611.91
3440.8
8152.37
1495.64
3198.01
3022.96
4047.7
8049.66
2243.06
1938.13
2859.93
1915.22
4563.18
4116.91
2381.51
6462.43
3331.82
3814.34
3674.14
1295.35
1455.49
1680.7
7038.85
3199.41
4474.64
3543.64
8299.34
5616.16
1865.52
2494.02
1348.62
2572.58
3163.67
1703.09
running time = 2287 seconds.
