2407.17
4057.72
1141.53
2425.57
1438.22
2591.9
1497.35
1552.84
1752.09
1718.51
1460.94
1835.29
1915.25
1453.72
5464.02
3747.61
1394.23
3549.42
1983.33
1648.88
1823.04
1640.45
2046.93
1646.06
847.364
1476.94
7013.86
446.783
1481.02
826.025
2739.8
1886.81
2178.57
2280.04
859.618
1390.19
1391.46
1308.55
3975.26
5684.47
1424.19
2721.71
655.189
3133.08
5415.65
2673.62
1884.08
2274.41
4065.74
1195.27
1525.4
3802.05
3549.95
4480.45
2906.29
1629.75
1890.02
2871.4
1288.51
1251.23
1904.47
478.793
1529.56
2836.47
1434.27
6276.21
1819.39
1653.75
424.637
3785
3366.55
1642.5
2380.42
1402.52
943.99
2362.66
2506.45
3374.29
916.558
2149.65
2962.82
1388.83
2277.72
1283.98
843.439
2123.08
1307.11
1301.35
383.277
1984.09
995.103
1127.18
2341.97
2085.59
3670.8
5083.61
1150.05
3306.86
2165.27
2003.36
989.464
2245.5
2364.52
475.137
941.876
4115.29
1992.05
2859.35
703.535
3758.5
1047.32
1526.71
6314.7
1831.35
932.861
1879.06
3246.65
1880.61
2086.88
2664.09
2454.47
1960.04
4610.28
1318.7
755.968
running time = 614 seconds.
