407.216
78.2264
136.07
95.8823
84.2292
158.537
143.265
118.433
101.385
199.056
204.308
96.9555
263.172
361.915
43.0476
321.915
334.707
514.608
116.524
427.023
476.488
99.7917
180.17
212.186
115.531
226.916
185.179
513.148
68.3007
151.09
43.1364
314.119
206.517
237.028
387.519
390.545
106.538
490.887
351.942
518.393
193.608
177.061
284.614
160.606
152.806
121.282
90.2955
241.23
225.261
63.856
359.29
150.875
715.555
140.22
190.091
192.53
419.666
176.513
164.869
85.9182
217.107
166.544
260.271
179.404
138.89
93.013
168.183
129.423
137.865
302.875
488.516
240.731
91.6208
191.65
74.1019
208.492
160.024
268.219
282.352
200.428
224.962
96.9967
210.137
140.863
397.299
80.4117
131.908
115.611
426.484
379.531
79.6794
136.046
152.757
94.422
166.723
432.646
603.151
105.643
74.1241
341.334
296.451
171.662
345.683
165.453
182.329
107.144
254.319
184.48
189.256
451.452
109.159
275.636
392.425
391.547
198.957
227.007
119.829
90.8239
151.478
125.506
71.9676
71.6006
238.155
161.986
144.702
running time = 6.02 seconds.
