3316.4
7838.4
1159.15
8774.43
1111.19
8541.77
2279.47
6364.66
4717
5715.6
10862
5365.69
1834.19
4042.46
3847.12
2245.7
2971.38
4252.16
7886.49
2691.63
4028.63
6848.38
2465.17
3929.23
1367.88
3351.34
1505.75
1923.32
3092.92
8329.11
3275.11
11971.1
1903.49
1238.87
4078.13
12825.2
3167.14
916.516
1786.79
1579.01
4060.17
9102.07
4147.41
7071.45
4187.87
4766.6
4779.84
6693.69
12145
7607.83
2281.18
2529.05
3878.99
5617.72
1702.02
2405.75
2377.38
2887.94
3363.28
2949.97
2417.39
5935.28
4049.55
4359.72
1109.81
5299.82
9225.88
5311.53
3200.48
2336.91
3507.19
3742.92
3024.7
3255.51
2096.49
6454.18
2607.3
2478.46
7884.01
2651.73
5492.6
2273.29
1958.89
2914.89
2325.7
2493.54
2727.17
2582.09
1702.01
1983.94
2287.94
2817.07
7695.58
2605.49
16981.2
2664.57
4378.75
2662.79
2770.69
10269.6
3400.59
5939.12
5844.08
4195.39
1816.05
2141.89
2377.32
1851.79
6502.14
4185.94
1119.14
1021.44
1912.1
1261.13
9607.56
8491.93
4228.72
2888.97
3164.4
1891.88
2543.08
8677.81
1308.51
2113.17
2046.56
running time = 2290 seconds.
