3540.77
5096.8
5357.37
2244.14
2579.42
3713.03
7400.3
4346.09
3991.47
2111.81
5477.29
3170.34
2035.82
2745.19
1516.98
6868.19
2951.62
3922.73
1874.18
3829.62
3192.19
3174.94
11155.5
2834.79
2351.27
3345.96
3010.57
6180.35
8838.1
6509.54
1779.03
7683.96
6133.64
9445.02
3856.29
2011.34
3641.59
2467.73
2083.39
4887.38
1351.12
1734.24
6650.54
3057.95
4840.24
2552.03
1856.6
9184.06
4795.05
1406.55
7081.88
2841.03
6805.29
3286.37
3305.23
1661.75
2953.12
1232.25
1622.79
1868.2
5364.4
4108.25
4260.63
8386.63
3367.24
995.038
1479.76
1824.75
2420.03
4613.44
5121.34
4222.32
2652.9
2837.31
2986.61
4655.04
4091.06
4110.69
3726.52
4153.73
4796.74
683.726
2126.96
1324.24
2402.91
2238.1
4137.96
3949.25
2603.33
3294.42
1356.34
2875.2
3502.15
3041.9
9892.56
3085.56
11267.2
2689.99
3715.99
1310.51
6152.32
2522.9
4750.13
1927.98
3013.04
4968.66
2375.4
5223.93
1970.41
1557.16
4286.43
1322.35
4554.39
12961.1
2792.98
5139.39
14968.2
1048.55
2110.21
2647.51
10421
4482.17
1849.94
1002.44
5442.97
running time = 2144 seconds.
