187.096
378.982
130.324
269.701
191.895
120.964
142.655
86.9698
525.791
197.446
301.683
427.115
163.04
103.976
666.77
358.805
184.81
196.275
276.7
123.079
69.0083
230.891
226.764
198.302
171.189
167.257
305.525
273.963
137.175
221.32
94.1401
137.667
456.471
278.694
203.026
110.354
212.086
446.051
238.489
86.9124
125.213
148.623
89.7762
107.004
145.691
106.031
53.8382
357.046
53.7705
92.9195
260.422
335.84
203.303
75.8473
134.885
201.595
147.225
474.938
250.474
300.687
172.538
356.159
132.509
148.654
261.244
81.2598
359.557
80.5211
101.731
246.094
131.814
84.5281
123.227
231.753
117.938
117.674
127.585
249.065
327.101
90.4663
290.518
501.144
377.871
105.854
214.595
69.1775
182.746
52.4345
126.408
374.564
164.836
118.023
131.486
129.038
266.655
206.954
300.245
169.37
75.2818
450.079
85.0232
54.0138
192.908
580.566
149.998
122.013
134.84
97.562
183.829
94.7388
452.532
52.6577
137.61
124.916
103.256
136.066
110.564
104.837
87.3405
176.551
125.778
541.009
94.2854
155.917
280.154
running time = 5.46 seconds.
