125.075
95.0881
83.4808
49.4906
58.3546
110.606
245.52
104.459
50.3168
35.0265
40.5061
32.8765
125.236
43.4628
89.7823
111.88
105.31
82.2251
68.0363
135.185
65.476
44.0899
151.579
144.179
174.096
31.0583
101.374
68.1254
36.3709
37.4145
38.984
81.0815
88.7945
425.871
62.7176
44.1096
332.509
124.313
78.5882
43.8428
35.64
89.596
54.9485
68.5287
30.4977
135.233
87.4917
45.6681
89.6264
83.9016
151.309
320.596
46.9274
315.769
83.8405
46.3442
189.601
44.5259
232.666
66.9847
172.412
67.1174
39.4525
138.099
85.015
58.2941
104.271
163.117
161.402
104.665
39.5697
29.6637
43.1601
48.2212
151.594
51.3867
95.4521
117.997
195.121
167.283
45.478
29.1778
73.8917
52.3414
65.8695
91.9636
67.6454
175.983
116.925
61.439
81.4671
98.8874
87.4706
47.7933
46.3811
124.194
91.8906
46.8136
64.254
48.9028
230.259
108.297
175.003
73.0834
268.992
159.707
119.84
97.4746
57.7509
226.457
452.419
149.313
88.2422
31.8992
106.284
131.61
171.839
129.001
56.1095
59.6268
34.4119
24.5096
519.897
97.9568
305.854
running time = 2.19 seconds.
