142.705
40.3884
115.283
66.9181
35.7161
60.5443
54.9472
138.002
183.824
46.3431
51.5631
111.483
54.3504
141.249
23.4433
258.012
66.3541
47.2937
61.6899
176.368
144.283
61.2546
37.3426
109.573
130.056
104.865
57.5319
52.6446
43.8955
26.062
60.6094
35.2895
116.83
44.4116
67.2128
117.888
244.985
124.007
109.955
95.269
129.778
108.874
151.073
194.848
52.6062
160.727
67.0761
54.3506
139.521
120.169
35.064
300.713
78.3461
159.128
58.0899
733.898
50.6352
87.135
52.9141
138.071
568.217
121.027
191.166
88.2923
63.435
106.146
47.3929
104.213
333.426
347.395
128.201
126.829
89.0346
88.2982
361.287
50.3749
102.678
237.976
146.761
75.3894
177.703
241.648
111.267
82.8712
47.8523
349.721
110.182
164.533
58.5032
103.203
164.101
112.526
36.2837
34.5645
156.326
77.7409
260.535
630.427
214.041
103.542
47.473
129.066
33.8813
148.055
67.2952
33.0508
98.1439
135.978
130.039
196.881
57.978
110.398
75.4087
79.1768
131.096
109.946
37.4179
74.1733
136.07
111.32
338.909
168.124
158.875
105.703
30.9372
running time = 1.67 seconds.
