273.511
467.706
165.471
478.445
279.309
57.8815
323.044
145.649
119.802
151.36
61.5492
275.508
207.681
490.182
125.723
432.738
187.045
128.982
62.3694
82.5734
365.158
283.987
633.487
86.965
165.276
352.292
50.2156
172.994
141.929
258.464
147.612
196.734
136.932
162.787
95.9263
144.36
189.901
246.325
111.855
124.164
680.911
295.114
188.001
188.285
459.978
141.503
539.541
248.489
116.736
236.183
362.12
108.458
125.651
144.241
314.056
119.821
246.411
66.2987
155.323
115.592
186.424
156.492
218.486
153.079
163.766
43.1694
76.9945
253.609
263.683
139.205
109.441
96.6973
155.044
400.143
181.811
350.977
73.0575
323.715
94.3352
499.062
171.578
198.405
94.1066
215.615
321.961
173.924
65.5897
69.7409
94.7615
90.2496
71.6465
620.293
354.241
203.026
220.131
121.178
97.4141
177.062
531.328
265.52
172.671
462.452
258.051
202.385
124.259
218.107
106.468
222.203
80.5196
78.3129
122.556
264.185
258.501
463.267
166.286
419.475
219.39
69.5241
180.647
196.672
62.7501
348.255
238.059
552.139
120.603
running time = 5.95 seconds.
