1498.9
941.531
2569.49
6395.59
11526.9
1056.43
9019.91
2175.13
5189.6
7393.14
2990.68
8140.42
4637.75
2441.55
6101.44
1212.51
6459.39
7629.25
1162.3
6179.85
2746.2
4450.15
1724.15
6359.02
9999.69
13013
5377.52
2909.65
1541.49
1420.98
2841.64
4107.74
1019.26
5444.07
9604.56
4617.81
3004.72
6990.57
969.008
8111.39
6103.26
5167.08
3135.39
5746.62
3043.5
2808.8
9630.76
4108.76
9845.44
3460.06
1551.44
2013.17
5422.25
2571.03
2169.3
6556.26
4466.9
4478.71
9642
12096.5
4577.95
1475.28
2570.13
4079.06
1935.8
2000.13
11648.1
7075.52
2990.27
2165.25
2049.19
4372.13
1573.35
6741.41
2289.51
5553.11
5918.39
3062.09
6937.74
2893.05
4250.29
1523.12
7422.36
5189.43
2104.06
1869.86
5435.76
8151.28
2066.14
8447.1
3133.8
2300.75
10502.2
1679.73
3054.69
9444.33
8928.28
4004.72
2148.94
4653.98
5371.44
10367.4
5079.99
1056.37
2936.61
7776.11
3173.07
3697.7
2212.32
4725.39
3664.42
1205.28
1455.36
9596.67
5428.34
2713.74
1805.7
1143.39
939.028
2092.98
1958.89
1633.65
11297.3
1279.99
8976.8
running time = 2462 seconds.
3869.96
2056.12
7933.98
1995.94
3152.86
3378.36
11082.2
6363.45
2107.32
2306.79
3216.18
6009.73
8661.48
1709.08
2019.44
2883.74
2473.11
2682.69
7747.71
9384.55
6761.16
7192
2073.06
1765.33
1205.94
3285.11
3563.24
5633.99
7104.01
4581.3
6167.95
1325.92
1750.58
8886.4
8196.2
10385.4
4438.08
7014.16
6215.84
1167.98
3699.82
2686.58
1226.66
3505.15
6929.16
3693.84
5506.31
3529.79
6161.77
1155.54
1981.07
14930.5
2221.13
1326.7
2839.72
2527.7
3408.43
7124.68
4313.96
4842.93
1423.9
3694.07
7827.26
7722.95
1041.83
9804.63
12537.5
3482.74
2346.19
5238.57
5373.26
2899.37
2862.39
2135.59
8975.23
1672.98
2264.45
1934.59
3578.1
5855.4
1864.02
6325.79
2369.02
3621.91
5203.92
2627.04
3771.53
2825.3
9940.25
6556.02
6797.74
3201.85
993.801
2160.21
1195.72
1841.8
2265.99
5372.29
4555.17
4075.69
1157.15
1480
3736.72
2561.07
3408.17
2455.54
6558.35
5303.25
8371.18
2991.45
1389.36
3120.31
2762.1
4984.23
9845.36
5067.37
3782.32
3683.29
4487.27
7639
2789.5
4142.32
2998.09
7894.69
4388.75
running time = 2456 seconds.
2264.29
4524.39
3486.06
4654.67
2573.82
1113.05
2581.23
1335.68
983.316
4499.99
1994.79
2447.33
2983.09
12630.4
4190.08
12724.9
11174
2080.68
4975.68
9710.2
3010.4
3784.34
3449.59
7471.07
1285.94
1912.28
1800.41
1459.69
3298.87
2833.79
2566.4
2470.94
10258.9
1786.51
1036.28
9698.08
3675.27
1840.62
2636.8
3817.89
5134.5
8779.79
2897.26
2035.58
8905.79
4366.81
2277.75
9291.25
1670.99
1606.61
8130.46
2372.54
4576.62
3813.32
4254.5
2309.27
8873.19
2780.44
4998.36
8591.39
2708.34
5416.85
3192.51
2559.56
3851.29
16149.8
2375.37
4198.97
2846.49
7109.07
3858.02
2680.86
5668.21
1968.03
8008.9
4607.23
1343.96
6407.93
5669.31
4973.94
2919.99
2953.55
4967.63
7406.3
3734.48
10970
1418.57
2353.27
9763.01
3479.64
1826.97
3611.91
3440.8
8152.37
1495.64
3198.01
3022.96
4047.7
8049.66
2243.06
1938.13
2859.93
1915.22
4563.18
4116.91
2381.51
6462.43
3331.82
3814.34
3674.14
1295.35
1455.49
1680.7
7038.85
3199.41
4474.64
3543.64
8299.34
5616.16
1865.52
2494.02
1348.62
2572.58
3163.67
1703.09
running time = 2287 seconds.
3316.4
7838.4
1159.15
8774.43
1111.19
8541.77
2279.47
6364.66
4717
5715.6
10862
5365.69
1834.19
4042.46
3847.12
2245.7
2971.38
4252.16
7886.49
2691.63
4028.63
6848.38
2465.17
3929.23
1367.88
3351.34
1505.75
1923.32
3092.92
8329.11
3275.11
11971.1
1903.49
1238.87
4078.13
12825.2
3167.14
916.516
1786.79
1579.01
4060.17
9102.07
4147.41
7071.45
4187.87
4766.6
4779.84
6693.69
12145
7607.83
2281.18
2529.05
3878.99
5617.72
1702.02
2405.75
2377.38
2887.94
3363.28
2949.97
2417.39
5935.28
4049.55
4359.72
1109.81
5299.82
9225.88
5311.53
3200.48
2336.91
3507.19
3742.92
3024.7
3255.51
2096.49
6454.18
2607.3
2478.46
7884.01
2651.73
5492.6
2273.29
1958.89
2914.89
2325.7
2493.54
2727.17
2582.09
1702.01
1983.94
2287.94
2817.07
7695.58
2605.49
16981.2
2664.57
4378.75
2662.79
2770.69
10269.6
3400.59
5939.12
5844.08
4195.39
1816.05
2141.89
2377.32
1851.79
6502.14
4185.94
1119.14
1021.44
1912.1
1261.13
9607.56
8491.93
4228.72
2888.97
3164.4
1891.88
2543.08
8677.81
1308.51
2113.17
2046.56
running time = 2290 seconds.
8817.02
3363.46
1693.87
5901.26
4156.24
2949.5
4333.55
4497.58
2660.9
3947.89
3098.81
4506.14
8576.07
3629.63
11127.1
2329.37
5774.23
2721.45
5254.13
1906.38
6247.07
2832.53
2391.47
2225.08
9586.75
2287.99
8775.16
2862.67
3995.66
1795.03
5067.93
4056.86
14153.4
1280.54
2155.33
2604.77
5518.05
6514.05
4377.76
2650.23
7685.11
2592.81
3359.04
2849.55
3278.41
4682.81
3527.06
1618.54
4486.87
1601.49
6717.14
6159.64
2819.2
2049.8
1952.25
3843.95
2461.08
2329.34
1985.31
3096.59
620.335
6808.17
4148.41
3984.69
5623.58
1903.92
3445.84
4541.32
3910.65
2948.35
5959.32
8266.01
9845.48
2707.46
2774.36
2976.38
3836.07
2592.44
4078.44
14031.2
6016.54
5344.91
4412.67
10768.7
2633.17
2303.57
1155.55
3239.44
2216.35
3179.14
8589.44
2736.11
8858.06
5597.86
3274.31
2277.71
5613.7
1678.76
3500.77
8972.15
10417.6
1856.21
7489.51
3083.99
2425.73
4537.22
8362.6
1682.58
1989.59
2019.2
4024.84
6231.18
3143.37
6484.87
4771.94
5071.66
2796.39
4363.68
2889.43
1544.32
6770.31
3189.64
1607.54
12552
800.001
running time = 2366 seconds.
749.922
21357.4
4976.3
2941.14
1649.76
3139.52
2111.71
6676.68
9459.78
4109.69
3704.12
6592.68
2527.25
2550.22
6245.96
12244.9
5356.89
6553.82
1830.16
1838.72
4768.05
3384.83
4964.97
5879.52
6290.53
3196.7
1438.13
5185.92
1081.51
10713.3
3433.13
1785.82
6476.82
3921.23
9283.52
4074.52
4425.3
13068.7
11825.6
9647.52
7066.98
2035.8
4722.98
2459.32
1766.35
10866
10407.3
1745.98
1724.27
6523.09
2131.29
3939.31
1941.62
1521.89
12116.6
9196.82
4221.91
3480.02
1553.23
999.364
1764.59
2603.59
8277.11
10009
2970.99
2118.64
1158.36
2692.65
2878.92
8175.87
8472.32
4525.02
2098.82
3952.22
772.711
3531.83
4599.95
13224.8
7461.74
3045.17
10140.7
4368.95
2762.94
8223.29
4340.04
2321.57
1698.98
1300.2
4447.59
8017.33
1371.62
1179.43
4148.69
1034.26
3807.06
4089.04
4202.1
4526.2
2897.99
2681.81
1613.67
3925.87
9092.89
2191.72
1561.72
3563.95
2703.92
1963.14
2359.04
4998.86
3412.62
3113.09
4536.58
1780.64
2435.22
6902.77
9821.98
7914.82
1185.15
5439.81
2620.72
2397.49
10410.4
3148.93
2545.58
running time = 2578 seconds.
1612.07
8002.39
3978.92
5712.78
4168.3
12062.8
1867.99
4529.16
2804.14
5200.06
7234.05
4087.1
9127.81
3831.69
9582.1
3451.48
2482.16
2358.7
7245.53
3648.17
2372.81
4453.87
3937.32
3297.43
1400.82
1556.49
1777.09
2074.27
1814.1
7429.13
4521.67
9485.38
905.573
2063.96
3609.11
4344.77
4067.86
6782.99
7628.6
3532.45
3659.18
3344.12
8827.32
5253.26
4921.03
2122.12
3622.9
4366.01
3361.77
4849.77
3531.68
4847.06
1207.63
6433.01
1879.8
2699.9
2037.79
4116.3
5215.97
4017.12
2006.08
2804.95
1331.03
4675.24
3268.29
2870.32
2581.76
2156.06
6405.29
1733.34
2870.88
10010.1
4526.88
2927.56
10075.6
3718.08
4583.13
3608.38
1161.03
3596.68
4549.7
1829.05
2108.05
1654.32
4921.43
9057.27
2598.9
4148.68
4519.16
4191.36
5182.06
2268.75
3632.65
2293.35
3030.02
4520.12
4946.68
3492.24
3420.85
3551.31
4629.43
3731.01
4496.63
11745.7
7223.89
3310.72
3020.38
4285.92
9547.46
2450.19
3810.71
2274.75
2334.28
4161.08
6046.95
4421.59
5216.48
4464.75
2946.35
5155.8
7100.05
3299.36
3283.79
8272.67
6460.6
running time = 2359 seconds.
3540.77
5096.8
5357.37
2244.14
2579.42
3713.03
7400.3
4346.09
3991.47
2111.81
5477.29
3170.34
2035.82
2745.19
1516.98
6868.19
2951.62
3922.73
1874.18
3829.62
3192.19
3174.94
11155.5
2834.79
2351.27
3345.96
3010.57
6180.35
8838.1
6509.54
1779.03
7683.96
6133.64
9445.02
3856.29
2011.34
3641.59
2467.73
2083.39
4887.38
1351.12
1734.24
6650.54
3057.95
4840.24
2552.03
1856.6
9184.06
4795.05
1406.55
7081.88
2841.03
6805.29
3286.37
3305.23
1661.75
2953.12
1232.25
1622.79
1868.2
5364.4
4108.25
4260.63
8386.63
3367.24
995.038
1479.76
1824.75
2420.03
4613.44
5121.34
4222.32
2652.9
2837.31
2986.61
4655.04
4091.06
4110.69
3726.52
4153.73
4796.74
683.726
2126.96
1324.24
2402.91
2238.1
4137.96
3949.25
2603.33
3294.42
1356.34
2875.2
3502.15
3041.9
9892.56
3085.56
11267.2
2689.99
3715.99
1310.51
6152.32
2522.9
4750.13
1927.98
3013.04
4968.66
2375.4
5223.93
1970.41
1557.16
4286.43
1322.35
4554.39
12961.1
2792.98
5139.39
14968.2
1048.55
2110.21
2647.51
10421
4482.17
1849.94
1002.44
5442.97
running time = 2144 seconds.
