115.719
133.327
77.9859
104.325
35.5706
167.443
97.219
69.2092
118.212
121.488
108.647
90.8379
52.7739
107.234
181.633
34.2467
126.833
55.9742
25.6771
60.5258
199.679
190.602
93.3116
182.064
36.3638
112.78
110.584
193.402
30.5055
102.062
93.2717
57.4538
66.5193
63.2138
123.713
55.2069
83.9239
65.9592
98.2219
123.902
151.276
51.5916
66.1739
55.7439
57.4661
98.5204
196.667
102.426
27.8517
84.616
177.007
42.5312
76.0456
163.443
29.1337
53.4224
57.0713
63.7764
103.981
45.6508
94.111
50.0625
110.436
311.989
74.9527
57.8824
85.1149
58.2069
98.4548
63.7502
30.0336
58.5463
165.003
58.5712
110.486
73.1033
276.294
155.199
48.9358
105.439
120.369
85.2242
29.209
258.223
48.8287
26.3599
66.765
91.1107
122.429
146.813
69.7975
95.6587
33.426
134.843
62.0379
67.8046
189.444
55.5628
56.9206
42.4711
77.5331
69.0672
74.8874
123.683
109.756
93.1483
105.979
264.516
136.624
96.3526
50.393
46.0776
152.119
41.887
53.9435
67.7524
182.918
108.635
56.0182
84.6438
88.9052
63.8947
71.5262
143.759
72.3965
running time = 1.92 seconds.
