6284.35
10907.4
4291.85
2844.52
5078.71
9302.04
15246.5
11969.9
8112.85
3138.86
6661.45
4890.45
4185.48
7216.78
12693.5
10395.1
3006.39
2976.06
3995.45
11427.4
5855.64
5740.73
12506
13527.7
3947.86
15549
28179.8
6622.45
4240.61
10794.6
9765.35
5098.85
3350.52
8304.24
4736.3
17506.5
7802.67
2136.51
11407.9
3887.51
8412.39
6750.56
4614.03
7047.05
32940.1
13423
33015
7728.91
4798.91
5231.17
17550.1
15797.5
8776.65
8755.64
2526.97
11878.9
9639.6
7574.72
9126.66
11047.1
10161.3
13185.3
6927.69
8823.43
4779.98
17225.6
4786.22
3592.79
5251.77
8250.46
8854.38
21176.9
4960.32
5112.97
8539.76
22190.7
10724
4080.75
5637.27
4669.49
6575.92
4974.91
28382.4
9226.14
17051.3
13147.4
22703.7
11964.7
14139.3
13463.3
14179.6
8638.32
5152.23
4964.54
12131.8
16909.3
2366.22
7452.55
19062.5
47799
5508.36
8154.83
6724.4
9783.15
10423.3
4955.41
7889.88
4368.46
30612.2
10859.9
6419.59
2982.59
9365.77
7587.08
4113.99
3758.12
6782.24
5544.99
7095.95
12340
15713.3
10003.8
12253.6
5382.91
10829.1
running time = 13730 seconds.
