1102.44
243.076
1283.36
1301.61
1078.42
1405.51
1188.24
422.475
1121.98
748.869
3314.6
1363.45
368.502
535.92
1799.84
797.161
562.103
606.616
1744.05
618.349
373.172
1059.53
641.856
776.049
1148.27
982.987
318.523
906.69
424.896
304.444
628.215
926.184
525.549
1010.94
687.623
487.988
548.735
848.695
508.802
933.045
279.34
1074.66
312.654
740.619
984.784
354.243
979.053
867.012
1588.17
3094.1
2965.62
429.902
1372.49
2673.37
2256.02
475.072
2242.43
459.264
782.41
537.234
1476.24
985.43
1834.43
825.102
2364.56
432.51
294.734
680.098
1314.43
1049.06
410.529
680.034
1239.55
987.047
381.651
441.742
359.075
1267.28
467.12
442.22
1154.59
619.79
1602.37
499.545
4015.09
1648.96
682.829
1815.76
3439.78
726.242
1656.29
1976.29
923.041
676.437
926.46
2297.91
1080.44
848.846
489.611
735.438
549.77
541.635
1850.63
1174.26
1976.46
470.269
639.059
2556.38
1105.42
406.609
928.178
1134.53
1085.19
1748.62
924.074
813.113
918.736
1497.2
1035.65
2351.85
1182.25
1363.19
351.938
2937.28
1640.1
running time = 148.43 seconds.
