2113.29
1119.6
609.771
1626.16
1239.66
310.85
1475.78
822.639
646.393
435.704
2617.11
986.885
958.791
478.067
1162.58
1540
658.672
1001.98
464.28
465.557
1277.53
598.102
2414.9
700.162
2137.28
2314.18
3907.42
394.534
1018.85
631.4
402.964
785.188
608.211
703.74
908.067
579.611
811.625
862.162
897.949
672.547
438.966
573.473
324.846
1229.52
559.847
690.137
1142.97
1181.32
279.183
612.195
1911.46
258.035
2179.54
867.429
951.799
653.708
1418.94
590.496
919.089
944.792
2023.96
1028.7
519.305
526.847
1485.53
1942.67
417.442
1547.27
1457.38
949.891
646.163
1205.51
712.258
660.173
401.509
662.142
402.707
472.301
447.302
1822.9
1114.31
1353.73
585.697
1555.56
672.009
1412.38
1216.55
779.123
928.232
2551.89
789.505
578.353
976.86
780.597
602.274
1035.03
2219.91
2316.82
1386.97
976.031
560.973
325.156
1950.71
1220.2
515.486
304.07
933.076
1583.43
630.93
519.035
642.08
331.895
1291.77
753.102
751.085
450.305
1674.33
292.053
483.47
381.653
691.73
747.72
811.87
1590.77
1757.62
running time = 138.52 seconds.
