26.9415
34.2679
82.1406
67.75
84.4052
135.946
186.56
94.9978
70.6445
160.76
217.047
61.4997
92.689
298.447
155.948
28.6789
56.4947
187.858
102.947
91.2941
17.0916
128.906
95.6854
68.7766
51.7019
78.3331
185.904
59.9852
356.99
87.5563
97.1643
196.858
299.562
25.0609
30.8421
130.415
144.432
114.544
76.1022
61.3288
138.929
150.622
35.9814
116.031
238.935
95.1221
35.9029
32.3639
111.289
119.289
276.488
72.3821
90.5061
156.696
78.8843
138.943
213.644
79.1071
106.733
43.5205
61.5514
168.157
62.1148
87.8905
104.623
119.418
27.8768
88.0182
45.8594
61.6242
69.6116
66.6274
214.908
91.2656
53.4351
223.44
63.5233
64.0449
75.6047
92.4844
75.8877
69.7378
62.9969
127.908
312.349
92.9288
77.505
184.668
263.509
70.4284
231.84
99.645
60.3731
111.409
127.117
101.424
90.5562
61.7324
51.6046
39.0234
178.761
58.2539
67.3353
36.7941
62.4917
109.91
111.257
75.8185
162.115
147.305
46.5126
316.019
58.1228
103.943
159.963
130.598
56.1638
90.9005
223.79
61.6781
129.701
75.2679
62.945
80.3712
70.0377
running time = 2.18 seconds.
