1498.9
941.531
2569.49
6395.59
11526.9
1056.43
9019.91
2175.13
5189.6
7393.14
2990.68
8140.42
4637.75
2441.55
6101.44
1212.51
6459.39
7629.25
1162.3
6179.85
2746.2
4450.15
1724.15
6359.02
9999.69
13013
5377.52
2909.65
1541.49
1420.98
2841.64
4107.74
1019.26
5444.07
9604.56
4617.81
3004.72
6990.57
969.008
8111.39
6103.26
5167.08
3135.39
5746.62
3043.5
2808.8
9630.76
4108.76
9845.44
3460.06
1551.44
2013.17
5422.25
2571.03
2169.3
6556.26
4466.9
4478.71
9642
12096.5
4577.95
1475.28
2570.13
4079.06
1935.8
2000.13
11648.1
7075.52
2990.27
2165.25
2049.19
4372.13
1573.35
6741.41
2289.51
5553.11
5918.39
3062.09
6937.74
2893.05
4250.29
1523.12
7422.36
5189.43
2104.06
1869.86
5435.76
8151.28
2066.14
8447.1
3133.8
2300.75
10502.2
1679.73
3054.69
9444.33
8928.28
4004.72
2148.94
4653.98
5371.44
10367.4
5079.99
1056.37
2936.61
7776.11
3173.07
3697.7
2212.32
4725.39
3664.42
1205.28
1455.36
9596.67
5428.34
2713.74
1805.7
1143.39
939.028
2092.98
1958.89
1633.65
11297.3
1279.99
8976.8
running time = 2462 seconds.
