10075.1
3731.09
5193.52
5547.99
4804.65
4694.16
8077.57
6102.04
15598.2
21467.7
5649.05
9660.15
7756.36
13959
11015.6
14205.2
17282
11464
5806.32
14038.9
15995.6
3184.43
5884.11
6841.65
7443.01
9975.04
10627.3
3122.39
4890.62
12994
12366.3
5664.54
3271.94
4166.78
21458.5
7537.04
16989.1
7563
4732.24
18973.1
10924.5
4713.25
17215.2
5354.32
7059.57
30968.6
4770.62
15013.9
8451.79
10171
9010.06
17892
7574.63
3711.01
3715.94
3399.87
18445.6
5095.32
5375.62
8362.33
4234.27
8289.32
11249.5
10661.2
5231.89
3562.47
7112.15
17665
9404.76
9567.71
8405.9
12287.3
14013.8
14872.8
5889.83
3117.58
5028.11
5542.94
11076.9
3362.13
13653.2
15759.5
9174.53
17754.8
11254.4
3182.32
16198.7
14272.1
8685.62
12413.7
11405.5
5222.63
3560.43
14012.7
10803.6
14056.9
2989.65
2703.56
7972.57
8028.9
10960.9
26248.7
12051.6
22459.9
7916.09
29452.9
3272.33
9347.7
3247.26
5648.68
6011.57
4489.48
6751.51
8101.86
8407.34
2651.78
14433.9
3869.98
14090.5
16640.4
8458.95
18600.2
11994.4
9483.31
9841.36
running time = 13829 seconds.
