264.754
340.809
113.936
229.621
475.055
327.359
238.628
362.413
251.901
519.966
165.308
501.332
226.835
279.511
737.455
551.689
318.033
500.455
203.967
272.97
387.604
197.225
531.439
551.138
340.12
167.537
486.405
443.202
569.181
267.112
205.535
417.976
225.148
125.329
485.252
199.055
1250.9
324.392
144.886
292.135
166.676
127.022
561.068
487.241
400.794
446.577
488.763
428.838
516.178
217.943
728.818
333.158
726.978
279.794
293.739
233.39
273.375
711.811
202.271
502.811
581.731
581.068
1078.08
696.696
356.587
174.319
763.074
644.641
547.285
382.055
562.975
346.833
365.514
188.645
202.178
332.877
301.037
269.416
241.442
197.449
665.507
131.513
139.599
263.1
626.848
221.72
271.385
852.764
266.787
595.165
255.459
328.762
442.345
369.955
365.494
601.845
279.286
295.947
522.885
319.874
249.269
438.557
180.932
148.558
523.825
345.424
442.992
455.207
204.502
897.237
317.412
523.052
752.231
252.805
548.381
115.908
353.816
479.346
451.528
344.258
134.633
404.045
405.286
168.732
533.045
running time = 21.44 seconds.
