1564.04
942.047
1066.98
414.784
777.833
461.024
783.631
4460.05
3370.97
487.232
749.867
1015.97
330.437
539.143
3016.24
1196.31
957.184
830.475
270.541
1662.22
1096.71
1153.88
766.14
634.504
297.404
2191.51
1130.68
2084.07
845.685
755.7
655.153
2661.16
1379.62
251.942
1353.54
439.557
4194.29
975.019
1053.32
2238.59
2344.18
630.835
716.384
595.068
2047.47
422.815
756.753
2803.51
961.198
367.319
806.048
2701.23
1516.6
1289.94
805.156
518.168
587.49
474.661
562.064
485.208
1133.96
661.197
1313.25
1987.68
606.619
696.997
1408.49
1065.19
2220.26
1052.57
726.75
1689.59
2187.69
1153.16
374.972
1508.89
473.347
3080.93
568.665
606.747
701.156
530.928
329.836
512.06
571.446
1608.73
1403.9
574.458
1142.2
2168.48
1684.74
703.458
564.137
485.634
1780.63
1294.68
814.15
934.232
1016.68
1537.43
1852.17
1245.47
710.217
267.797
1340
1078.82
980.576
983.931
1432.96
1172.35
784.122
1017.09
1312.81
339.301
550.147
1893.97
2376.57
493.548
488.574
818.611
1174.78
1173.38
1443.41
1026.07
763.481
running time = 155.57 seconds.
