162.419
76.3807
90.9958
73.2644
102.882
84.574
126.235
101.582
100.998
44.2531
126.723
42.5006
85.5297
94.7203
36.0416
116.068
73.9272
87.9151
65.703
102.398
70.5397
105.068
91.2542
187.234
33.917
98.1889
48.6284
67.6288
33.274
182.104
27.3082
48.5363
160.405
47.2862
93.7493
98.3361
182.934
128.879
76.5785
93.826
52.963
58.3839
39.5056
87.1465
30.1948
109.533
80.5576
142.465
88.2172
45.0875
154.466
223.37
86.6468
70.0976
101.985
128.322
193.547
57.81
45.7143
25.8828
207.666
47.427
82.7198
49.1515
71.6165
48.5442
94.346
58.5761
77.5831
78.4875
68.7737
43.1421
56.0574
168.877
76.7844
35.9443
198.371
57.0624
91.609
106.67
52.1392
193.114
72.9255
110.519
86.2861
46.8316
83.7866
162.703
102.94
88.5965
142.73
65.1088
95.5468
212.617
39.298
64.0726
76.0195
114.132
80.0312
42.4414
65.8864
112.856
63.9909
122.919
189.973
180.418
247.649
89.8721
38.5095
38.2396
126.977
55.1442
103.279
38.2631
145.193
152.242
49.1655
143.767
22.107
239.712
90.5667
97.5384
29.9395
91.054
53.7109
running time = 1.29 seconds.
