1247.95
1457.95
916.106
735.432
848.345
1258.39
1573.93
1331.1
479.508
2177.93
613.208
1733.09
412.336
2142.08
1074.51
725.279
424.343
746.205
4624.48
1441.32
1127.47
583.123
317.51
988.995
2408.79
586.73
2036.22
518.575
2074.84
331.127
507.131
475.027
520.609
294.013
875.113
724.96
3205.03
2309.02
370.489
576.338
1128.13
1446.95
1182.4
550.136
1069.84
372.476
2168.98
738.769
587.679
526.833
1590.4
1178.79
2016.11
866.029
852.01
2258.14
257.944
742.49
870.656
823.528
659.21
376.566
699.839
303.276
461.753
1463.91
955.22
1545.43
753.842
289.491
1291.2
965.988
793.21
1669.4
946.96
1634.94
2184.15
1031.58
677.873
3651.1
444.577
740.703
1809.27
1447.91
732.531
257.114
286.207
2186.42
421.312
796.12
2926.03
219.076
572.172
336.698
333.632
441.559
1292.65
2191.88
511.886
657.516
557.038
3254.44
648.954
786.837
1424.78
759.277
1455.61
774.609
1110.96
1599.54
489.443
2029.13
605.315
763.518
820.102
813.213
911.711
3353.25
370.006
992.542
592.981
646.166
2008.85
2003.1
1128.71
running time = 147.9 seconds.
