61.2437
138.058
77.6292
101.988
117.038
76.6723
100.197
147.971
108.34
109.5
82.2141
35.2898
193.563
286.599
68.4831
43.5463
51.3758
54.5988
49.5077
45.1027
39.2435
91.6072
42.3945
120.636
163.418
70.5895
227.548
152.755
140.452
35.2781
46.1573
139.575
95.2368
70.0018
89.9517
212.953
119.118
98.4464
67.2073
34.8829
164.352
39.3945
45.2857
57.0009
106.897
37.833
43.9698
88.3892
46.7066
120.767
229.022
49.755
138.488
189.66
108.996
190.187
185.858
383.476
65.082
66.2071
176.679
102.877
49.3412
53.3155
141.96
107.368
268.834
95.0167
87.3709
234.489
51.2983
100.5
68.3232
28.8702
99.7366
39.2583
95.6737
116.86
56.5189
52.4255
249.906
210.123
79.2864
104.032
40.5221
85.413
18.8307
57.9346
40.0816
128.809
171.356
102.472
122.625
32.0371
60.3843
105.81
80.0917
119.051
86.3211
36.6704
95.0418
74.5955
133.835
60.7369
79.8037
145.489
53.1889
50.2344
33.513
68.4342
78.6083
54.8951
61.5511
131.677
82.7669
32.0549
81.0999
76.4104
115.881
54.1745
63.8845
75.4127
58.4733
258.398
115.346
running time = 1.97 seconds.
