78.8735
535.345
258.548
83.6609
216.32
529.837
436.128
414.858
121.241
157.212
440.654
89.5222
398.387
169.043
240.917
78.4807
313.197
195.777
288.417
83.8836
109.134
163.048
70.4127
193.225
56.089
214.499
278.186
487.579
434.568
603.914
138.438
76.3558
355.455
51.1619
136.513
161.398
86.2785
93.7664
155.37
115.767
87.0982
181.594
94.6083
325.172
184.326
105.872
73.5009
198.867
139.216
315.496
491.91
326.732
187.236
193.559
104.708
124.233
79.5662
536.51
209.194
383.438
55.8181
132.211
103.548
100.292
785.658
216.364
71.6063
111.052
52.1737
257.209
130.129
154.808
464.657
236.309
319.229
616.968
575.294
105.746
324.087
411.959
146.692
134.466
165.206
217.239
145.074
228.765
157.705
476.64
628.606
208.03
111.68
257.181
89.3006
381.455
444.501
65.1394
62.0293
174.596
125.152
167.026
210.916
493.164
85.7935
130.303
241.141
78.6134
479.773
56.0914
389.956
623.396
152.191
188.612
201.15
159.831
332.568
93.7998
62.8369
266.591
349.84
153.233
130.439
233.28
170.397
311.519
226.738
running time = 6.17 seconds.
