4853.73
5780.34
3060.6
8280.07
9314.21
8546.95
2308.34
4764.58
17188.9
8180.61
7505.39
12341.5
14060.1
16877
3747.94
6169.32
16665.7
11294.5
9448.67
18640.7
7287.69
12578.8
4286.26
5505.17
13047.1
6282.28
13110.6
7005.03
7590.89
9967.28
9615.34
24369.1
7290.32
11969.5
16570
6837.46
6683.71
16297
16489
6295.4
7035.25
6471.81
5403.65
17837.3
10526.3
2815.86
3839.69
10116.6
11009.5
17568.2
11196.5
5282.54
4865.26
11823
17822.6
7841.35
18570.1
13608.9
6465.93
12663.8
6490.19
4875.5
6226.98
5467.97
12934.3
7450.63
15406
16908.4
5296.89
6647.24
15650.6
6280.28
7557.42
1762.65
11199.8
17456.9
13367.4
10518.1
8879.7
9601.34
8981.47
7890.2
9574.01
10679.3
7047.3
3913.56
11275.5
13028.9
8693.5
5143.9
9524.91
7482.14
3428.43
32877.6
9591.65
7993.05
6389.62
10901.9
7052.44
11933.3
6092.52
7853.39
16225.3
3664.26
3443.73
9547.44
4200.53
4921.02
9149.17
12250.9
12530.5
24997.1
5274.52
7204.38
5016.13
7119.36
6786.39
27860.4
5781.71
4514.36
25145.7
7623.12
11589.4
4484.45
11671.5
running time = 13755 seconds.
