1564.04
942.047
1066.98
414.784
777.833
461.024
783.631
4460.05
3370.97
487.232
749.867
1015.97
330.437
539.143
3016.24
1196.31
957.184
830.475
270.541
1662.22
1096.71
1153.88
766.14
634.504
297.404
2191.51
1130.68
2084.07
845.685
755.7
655.153
2661.16
1379.62
251.942
1353.54
439.557
4194.29
975.019
1053.32
2238.59
2344.18
630.835
716.384
595.068
2047.47
422.815
756.753
2803.51
961.198
367.319
806.048
2701.23
1516.6
1289.94
805.156
518.168
587.49
474.661
562.064
485.208
1133.96
661.197
1313.25
1987.68
606.619
696.997
1408.49
1065.19
2220.26
1052.57
726.75
1689.59
2187.69
1153.16
374.972
1508.89
473.347
3080.93
568.665
606.747
701.156
530.928
329.836
512.06
571.446
1608.73
1403.9
574.458
1142.2
2168.48
1684.74
703.458
564.137
485.634
1780.63
1294.68
814.15
934.232
1016.68
1537.43
1852.17
1245.47
710.217
267.797
1340
1078.82
980.576
983.931
1432.96
1172.35
784.122
1017.09
1312.81
339.301
550.147
1893.97
2376.57
493.548
488.574
818.611
1174.78
1173.38
1443.41
1026.07
763.481
running time = 155.57 seconds.
1102.44
243.076
1283.36
1301.61
1078.42
1405.51
1188.24
422.475
1121.98
748.869
3314.6
1363.45
368.502
535.92
1799.84
797.161
562.103
606.616
1744.05
618.349
373.172
1059.53
641.856
776.049
1148.27
982.987
318.523
906.69
424.896
304.444
628.215
926.184
525.549
1010.94
687.623
487.988
548.735
848.695
508.802
933.045
279.34
1074.66
312.654
740.619
984.784
354.243
979.053
867.012
1588.17
3094.1
2965.62
429.902
1372.49
2673.37
2256.02
475.072
2242.43
459.264
782.41
537.234
1476.24
985.43
1834.43
825.102
2364.56
432.51
294.734
680.098
1314.43
1049.06
410.529
680.034
1239.55
987.047
381.651
441.742
359.075
1267.28
467.12
442.22
1154.59
619.79
1602.37
499.545
4015.09
1648.96
682.829
1815.76
3439.78
726.242
1656.29
1976.29
923.041
676.437
926.46
2297.91
1080.44
848.846
489.611
735.438
549.77
541.635
1850.63
1174.26
1976.46
470.269
639.059
2556.38
1105.42
406.609
928.178
1134.53
1085.19
1748.62
924.074
813.113
918.736
1497.2
1035.65
2351.85
1182.25
1363.19
351.938
2937.28
1640.1
running time = 149.65 seconds.
1102.44
243.076
1283.36
1301.61
1078.42
1405.51
1188.24
422.475
1121.98
748.869
3314.6
1363.45
368.502
535.92
1799.84
797.161
562.103
606.616
1744.05
618.349
373.172
1059.53
641.856
776.049
1148.27
982.987
318.523
906.69
424.896
304.444
628.215
926.184
525.549
1010.94
687.623
487.988
548.735
848.695
508.802
933.045
279.34
1074.66
312.654
740.619
984.784
354.243
979.053
867.012
1588.17
3094.1
2965.62
429.902
1372.49
2673.37
2256.02
475.072
2242.43
459.264
782.41
537.234
1476.24
985.43
1834.43
825.102
2364.56
432.51
294.734
680.098
1314.43
1049.06
410.529
680.034
1239.55
987.047
381.651
441.742
359.075
1267.28
467.12
442.22
1154.59
619.79
1602.37
499.545
4015.09
1648.96
682.829
1815.76
3439.78
726.242
1656.29
1976.29
923.041
676.437
926.46
2297.91
1080.44
848.846
489.611
735.438
549.77
541.635
1850.63
1174.26
1976.46
470.269
639.059
2556.38
1105.42
406.609
928.178
1134.53
1085.19
1748.62
924.074
813.113
918.736
1497.2
1035.65
2351.85
1182.25
1363.19
351.938
2937.28
1640.1
running time = 146.68 seconds.
1102.44
243.076
1283.36
1301.61
1078.42
1405.51
1188.24
422.475
1121.98
748.869
3314.6
1363.45
368.502
535.92
1799.84
797.161
562.103
606.616
1744.05
618.349
373.172
1059.53
641.856
776.049
1148.27
982.987
318.523
906.69
424.896
304.444
628.215
926.184
525.549
1010.94
687.623
487.988
548.735
848.695
508.802
933.045
279.34
1074.66
312.654
740.619
984.784
354.243
979.053
867.012
1588.17
3094.1
2965.62
429.902
1372.49
2673.37
2256.02
475.072
2242.43
459.264
782.41
537.234
1476.24
985.43
1834.43
825.102
2364.56
432.51
294.734
680.098
1314.43
1049.06
410.529
680.034
1239.55
987.047
381.651
441.742
359.075
1267.28
467.12
442.22
1154.59
619.79
1602.37
499.545
4015.09
1648.96
682.829
1815.76
3439.78
726.242
1656.29
1976.29
923.041
676.437
926.46
2297.91
1080.44
848.846
489.611
735.438
549.77
541.635
1850.63
1174.26
1976.46
470.269
639.059
2556.38
1105.42
406.609
928.178
1134.53
1085.19
1748.62
924.074
813.113
918.736
1497.2
1035.65
2351.85
1182.25
1363.19
351.938
2937.28
1640.1
running time = 148.43 seconds.
454.142
1048.4
404.809
570.677
1261.88
373.068
353.099
889.058
1276.94
1416.16
1627.7
432.092
1660.2
742.83
1463.18
597.597
962.374
1205.08
343.672
1870.39
1750.03
2863.39
752.464
1161.22
1557.68
958.54
2481.12
499.142
1185.19
1919.45
763.556
786.741
1960.73
556.601
318.381
1460.49
1767.89
624.988
1385.76
1877.51
1037.36
1000.71
502.117
1035.81
3192.78
815.05
1106.62
1000.43
452.17
3606.71
1378.98
1629.98
555.354
1754.61
1307.9
930.615
238.152
468.091
513.311
1297.11
873.211
621.221
1596.64
804.52
614.426
707.665
2078.89
333.492
1326.42
917.982
1917.73
1041.94
1019.91
552.115
1059.37
2138.08
1005.19
981.214
2668.65
566.585
1410.93
983.693
1270.32
776.969
328.736
985.637
321.098
1709.7
1199.21
358.712
1054
453.961
422.136
353.642
514.845
731.027
566.314
377.16
997.293
619.229
1218.8
571.018
909.676
857.704
1096.97
609.26
778.679
2045.15
759.582
680.838
522.721
1225.59
1686.75
1831.17
1902.43
614.255
2072.13
585.868
1608.39
654.371
1428.22
260.147
1306.96
1019.08
705.528
running time = 145.43 seconds.
636.071
2086.92
688.017
319.474
1013.26
2566.43
968.422
745.718
862.89
2072.1
532.061
2037.72
582.496
732.273
581.017
1494.22
3307.44
1289.13
581.105
527.295
840.491
385.955
2050.63
419.473
1609.46
381.556
1784.92
331.328
210.204
322.93
3009.85
1132.54
930.348
487.535
767.483
1533.09
608.156
700.382
666.642
1271.09
1216.69
1969.43
2230.74
448.586
799.473
1632.81
697.45
523.321
617.804
767.419
996.928
611.243
857.013
447.877
1374.21
317.344
1740.64
1148.79
2877.62
997.114
1924.87
876.913
1276.94
455.82
516.175
1140.01
990.145
584.841
201.725
1210.69
772.97
452.686
1593.27
681.011
514.394
963.555
1291.81
1010.62
852.587
991.529
431.795
1111.32
1132.25
746.239
1721.93
2565.91
898.205
916.699
688.398
1284.82
979.936
370.114
191.444
881.876
867.614
1998.89
811.602
717.933
1019.24
1735.28
1270.43
853.719
1004.64
641.047
317.331
927.815
642.585
720.413
1529.61
1431.18
1186
943.815
563.451
1398.11
638.081
1083.39
1113.02
1563.1
1258.17
1529.64
830.741
1521.7
492.576
2887.93
1536.1
running time = 140.79 seconds.
1247.95
1457.95
916.106
735.432
848.345
1258.39
1573.93
1331.1
479.508
2177.93
613.208
1733.09
412.336
2142.08
1074.51
725.279
424.343
746.205
4624.48
1441.32
1127.47
583.123
317.51
988.995
2408.79
586.73
2036.22
518.575
2074.84
331.127
507.131
475.027
520.609
294.013
875.113
724.96
3205.03
2309.02
370.489
576.338
1128.13
1446.95
1182.4
550.136
1069.84
372.476
2168.98
738.769
587.679
526.833
1590.4
1178.79
2016.11
866.029
852.01
2258.14
257.944
742.49
870.656
823.528
659.21
376.566
699.839
303.276
461.753
1463.91
955.22
1545.43
753.842
289.491
1291.2
965.988
793.21
1669.4
946.96
1634.94
2184.15
1031.58
677.873
3651.1
444.577
740.703
1809.27
1447.91
732.531
257.114
286.207
2186.42
421.312
796.12
2926.03
219.076
572.172
336.698
333.632
441.559
1292.65
2191.88
511.886
657.516
557.038
3254.44
648.954
786.837
1424.78
759.277
1455.61
774.609
1110.96
1599.54
489.443
2029.13
605.315
763.518
820.102
813.213
911.711
3353.25
370.006
992.542
592.981
646.166
2008.85
2003.1
1128.71
running time = 147.9 seconds.
2113.29
1119.6
609.771
1626.16
1239.66
310.85
1475.78
822.639
646.393
435.704
2617.11
986.885
958.791
478.067
1162.58
1540
658.672
1001.98
464.28
465.557
1277.53
598.102
2414.9
700.162
2137.28
2314.18
3907.42
394.534
1018.85
631.4
402.964
785.188
608.211
703.74
908.067
579.611
811.625
862.162
897.949
672.547
438.966
573.473
324.846
1229.52
559.847
690.137
1142.97
1181.32
279.183
612.195
1911.46
258.035
2179.54
867.429
951.799
653.708
1418.94
590.496
919.089
944.792
2023.96
1028.7
519.305
526.847
1485.53
1942.67
417.442
1547.27
1457.38
949.891
646.163
1205.51
712.258
660.173
401.509
662.142
402.707
472.301
447.302
1822.9
1114.31
1353.73
585.697
1555.56
672.009
1412.38
1216.55
779.123
928.232
2551.89
789.505
578.353
976.86
780.597
602.274
1035.03
2219.91
2316.82
1386.97
976.031
560.973
325.156
1950.71
1220.2
515.486
304.07
933.076
1583.43
630.93
519.035
642.08
331.895
1291.77
753.102
751.085
450.305
1674.33
292.053
483.47
381.653
691.73
747.72
811.87
1590.77
1757.62
running time = 138.52 seconds.
