331.571
106.794
32.9515
130.408
46.1994
366.427
102.212
65.4576
158.346
100.027
102.853
159.202
86.7733
131.1
61.2393
60.1652
40.3397
47.9129
59.9282
97.864
40.5298
39.0765
301.597
295.223
332.126
92.555
62.6253
85.4917
93.2544
85.8628
109.545
114.974
122.6
83.8762
157.059
265.561
60.7502
31.4482
98.3028
125.92
97.5454
49.9341
106.626
47.0549
31.7213
54.9817
55.607
453.548
47.8405
89.8311
137.942
69.0405
100.008
38.5065
33.1205
74.4209
275.513
36.1651
126.145
87.2834
48.8122
71.3032
109.82
134.421
147.755
273.314
176.273
253.708
149.879
47.9523
115.61
44.2336
45.2196
62.3389
105.219
55.03
111.101
63.4666
174.347
150.176
57.6061
87.2155
101.517
27.7552
128.491
266.559
161.844
267.995
60.6239
82.1455
140.479
86.686
160.232
34.3871
74.4805
195.068
160.913
107.014
282.764
107.255
73.2898
121.619
119.368
149.723
189.063
56.6866
53.87
243.438
118.9
98.0647
73.3417
70.6934
49.1283
155.46
99.2722
84.1697
200.248
110.706
203.205
64.0652
165.896
32.5448
294.37
45.5669
138.606
running time = 2.37 seconds.
