2002.99
3111.02
2213.4
1917.59
1376.43
2761.76
1293.56
2280.66
3026.82
2480.85
1114.88
755.116
520.318
1664.8
1549.68
1755.05
1453.81
1271.2
3821.79
2674.53
2964.95
973.707
1439.75
1098.24
1311.74
477.154
1121.67
664.501
1610.14
2281.97
951.303
964.162
2208.09
3187.9
792.16
2340.44
4126.4
893.879
2368.19
2215.6
1572.55
1135.97
864.007
1279.12
591.312
6137.97
4665.57
882.9
699.149
3147.46
1298.24
3005.45
1684.09
1994
1760.83
960.932
1274.02
3122.78
1431.51
1486.32
1904.95
6324.16
1124.61
1501.57
3291.74
1549.99
831.001
1194.67
3873.95
1254.61
1412.32
1524.6
2027.64
7014.7
2209.97
963.878
2448.4
2509.38
992.531
771.15
3257.38
1365.85
2191.52
6267.97
1717.12
1807.57
959.006
3712.81
1246.05
2360.2
1046.31
793.034
2486.31
5041.08
950.932
7303.65
2678.53
1249.08
1006.26
1537.84
1394.77
3515.8
1231.27
6833.68
2539.3
1261.57
1186.22
3094.98
1808.85
2682.38
2143.54
1229.89
429.672
3456.66
631.673
2004.83
1221.48
2017.91
2008.2
1424.17
3592.19
974.351
814.332
2780.58
1047.56
running time = 577 seconds.
