5618.78
9673.14
13133.3
11390
4413.59
9227.41
11060.1
3581.99
4803.66
8965.6
4838.45
7827.4
9083.24
13695.6
4686.1
16716.1
5789.84
7705.79
7680.12
15728.1
13150.2
9260.85
3366.86
5630.54
8984.84
15467.4
7988.98
6909.68
5013.78
7092.33
8158.99
9866.31
9072.16
14635.5
5212.89
13038.8
8421.66
3455.36
8393.94
9049.93
16565.2
28368.6
5834.67
3953.67
11146.5
4848.96
8503.72
19638
6309.25
7188.08
5770.57
6782.92
3583.15
5603.65
8041.36
13343.2
6679.01
7198.35
4408.59
37572.8
3439.78
13084.1
5399.42
24020.9
15585.5
4564.05
5205.89
2394.04
10347.1
10730.8
4485.49
4599.05
24959.9
8552.39
4740.13
2741.61
10220.7
5647
5839.31
8612.82
4233.88
26891.1
9801.44
3729.94
26141.9
5719.09
8011.8
10504.9
3602.89
7239.83
8953.26
27590.8
19309.4
13562.3
5315.91
8931.34
5140.13
3096.68
16034.5
14017.9
6712.36
7830.59
22474.6
17281
22558.7
17077.5
7088.69
6814.38
12778.9
15967.2
7115.72
20187.3
4240.99
23000.5
3207.1
4905.4
8825.55
7963.91
12344.6
7386.07
11240.1
7490.59
2601.13
9138.55
7682.38
running time = 13870 seconds.
