225.316
1052.23
255.746
289.141
595.064
602.417
336.435
881.88
252.717
145.757
510.106
489.325
680.109
791.481
225.959
517.696
309.56
744.216
374.609
1351.55
509.097
381.132
468.318
353.964
337.666
679.518
284.418
621.114
445.4
493.264
340.224
168.032
264.501
516.177
265.705
224.077
311.874
259.87
164.358
201.788
187.3
283.126
190.388
222.394
116.805
241.493
207.772
161.997
259.046
443.789
336.518
254.994
337.658
352.12
570.367
171.608
414.162
353.906
190.523
740.985
382.847
258.825
737.17
374.009
803.802
138.159
248.307
273.538
465.058
314.216
299.69
164.177
215.473
766.689
299.408
119.535
316.747
133.505
261.651
163.19
258.319
234.164
713.022
345.513
336.583
284.264
533.803
456.328
294.697
345.685
253.354
81.9008
521.945
152.805
500.913
142.258
249.13
186.661
571.234
167.221
275.69
1058.97
473.105
212.797
179.515
420.71
232.27
230.076
210.336
196.408
343.651
797.46
159.795
215.228
705.512
274.33
580.295
159.959
121.739
208.129
238.787
163.313
327.953
734.38
297.635
running time = 20.04 seconds.
