60.8987
86.9055
157.464
66.4274
55.0317
53.4803
105.934
210.207
95.997
174.622
54.6859
42.0658
336.273
147.065
126.986
116.119
366.171
79.9752
41.3611
150.359
143.825
180.92
55.4782
254.509
95.7541
58.6809
169.974
73.5196
250.793
65.3693
161.454
108.22
44.9976
150.499
44.7031
63.3991
99.295
74.4341
33.1722
56.168
88.1928
239.402
164.351
84.8587
70.248
50.3194
55.6161
42.0852
70.454
40.6717
61.8144
126.269
132.68
57.3998
91.312
48.686
58.253
75.5607
150.989
149.799
111.695
99.436
79.5315
133.563
119.418
30.1584
92.1913
171.273
96.9384
190.387
159.314
40.7
164.803
77.1679
193.296
218.172
119.628
186.104
142.377
94.8675
136.874
97.256
125.117
73.0238
75.4156
127.107
183.195
37.2793
78.8965
112.876
56.4734
113.8
163.908
135.708
54.5145
204.445
127.674
41.4987
239.705
65.3037
201.541
88.0181
331.103
63.1158
45.955
67.0195
176.918
101.859
120.615
89.0463
234.753
49.6344
197.123
127.227
61.8321
102.822
91.3732
50.6584
84.2722
86.319
49.5068
62.1919
249.375
130.52
290.586
running time = 1.53 seconds.
