128.352
354.038
39.2664
50.3575
193.573
114.462
402.674
76.9383
96.796
134.971
60.7632
86.1319
128.43
92.5573
115.313
77.2318
488.998
129.324
57.2003
127.137
300.171
268.127
139.104
227.434
215.586
129.518
119.403
87.1415
197.064
205.151
469.558
254.551
74.8455
89.4238
216.526
185.88
109.932
146.043
86.3318
107.266
184.97
169.373
327.079
342.037
79.9699
313.472
273.618
64.3367
228.931
37.0309
97.1081
340.882
193.939
473.114
81.2037
206.538
253.012
98.0371
283.067
368.953
183.315
158.908
169.837
135.083
560.067
214.759
378.324
67.977
130.357
229.492
233.863
135.852
230.719
153.431
141.803
302.013
88.0984
121.887
165.169
271.014
152.296
58.903
195.999
82.303
52.9646
213.284
450.471
215.285
239.848
163.23
214.621
157.287
609.429
98.6264
222.554
291.558
129.314
102.722
195.56
255.331
105.807
351.519
152.789
198.323
121.53
147.383
335.37
120.862
175.401
74.0151
123.8
368.071
304.678
367.377
188.907
192.356
167.754
364.753
136.553
78.4234
166.761
135.432
210.554
255.169
175.79
running time = 5.24 seconds.
