60.8987
86.9055
157.464
66.4274
55.0317
53.4803
105.934
210.207
95.997
174.622
54.6859
42.0658
336.273
147.065
126.986
116.119
366.171
79.9752
41.3611
150.359
143.825
180.92
55.4782
254.509
95.7541
58.6809
169.974
73.5196
250.793
65.3693
161.454
108.22
44.9976
150.499
44.7031
63.3991
99.295
74.4341
33.1722
56.168
88.1928
239.402
164.351
84.8587
70.248
50.3194
55.6161
42.0852
70.454
40.6717
61.8144
126.269
132.68
57.3998
91.312
48.686
58.253
75.5607
150.989
149.799
111.695
99.436
79.5315
133.563
119.418
30.1584
92.1913
171.273
96.9384
190.387
159.314
40.7
164.803
77.1679
193.296
218.172
119.628
186.104
142.377
94.8675
136.874
97.256
125.117
73.0238
75.4156
127.107
183.195
37.2793
78.8965
112.876
56.4734
113.8
163.908
135.708
54.5145
204.445
127.674
41.4987
239.705
65.3037
201.541
88.0181
331.103
63.1158
45.955
67.0195
176.918
101.859
120.615
89.0463
234.753
49.6344
197.123
127.227
61.8321
102.822
91.3732
50.6584
84.2722
86.319
49.5068
62.1919
249.375
130.52
290.586
running time = 1.53 seconds.
3380.66
59.3649
22.2882
70.1273
111.886
65.6585
63.8188
29.3984
72.952
289.642
128.406
361.914
30.1672
47.1945
127.499
99.8261
63.9803
88.1796
52.8216
322.1
77.3431
75.8338
138.546
41.4128
191.287
72.0407
113.85
48.1962
71.8558
24.8904
67.7846
205.293
104.973
102.808
71.0264
23.6605
18.4143
25.5617
129.2
73.5083
77.897
56.6908
115.097
85.803
22.4946
64.1456
80.773
75.8174
104.804
144.578
68.5127
50.3762
31.8976
69.7314
72.1785
118.732
167.642
258.176
108.861
112.353
65.0706
161.514
36.0149
101.458
102.066
143.05
65.8505
32.5729
65.754
111.157
93.4547
105.968
168.234
41.231
68.7853
97.5356
34.501
265.477
39.7617
119.622
68.924
74.7159
66.4671
61.7341
198.658
64.3046
86.3642
79.522
318.721
160.723
78.0101
59.9534
317.045
67.6475
163.126
34.8705
96.4562
121.174
54.7578
46.0558
130.205
38.4766
34.5754
159.096
45.7928
112.956
42.5121
76.6676
43.9556
45.9878
114.476
122.31
73.4967
110.463
152.429
72.5316
126.396
108.885
66.1863
82.2164
74.667
81.1772
68.8246
86.8013
37.7142
running time = 1.32 seconds.
66.2819
54.7736
157.275
179.637
95.3207
28.4521
47.5564
41.9341
149.017
137.202
105.908
162.099
248.595
92.5144
118.622
154.081
65.4788
165.997
73.939
41.6955
86.17
331.557
217.965
57.047
74.1203
112.735
67.9861
58.8243
250.989
56.484
35.7892
70.6597
43.0679
185.869
150.519
82.1338
54.9798
54.8985
180.586
64.028
136.368
92.5758
79.7753
258.962
82.2212
64.8912
62.759
149.374
149.704
32.0671
151.922
51.2229
76.8489
144.872
99.7015
116.552
76.1204
103.612
47.5978
70.3313
156.946
42.5234
87.3458
121.675
67.0815
221.116
110.358
188.379
85.3622
117.308
70.4327
197.309
93.8784
53.5534
125.752
158.41
83.4437
81.2852
44.2267
85.5317
54.8119
67.7566
229.113
110.394
84.8198
92.4861
53.6173
100.658
232.51
61.5301
55.7464
144.536
65.9099
229.979
40.7221
107.396
33.5921
126.783
92.2159
40.8228
109.508
85.8445
186.997
47.53
108.533
275.424
36.2174
44.4643
41.3232
111.918
150.851
102.797
55.8195
301.326
82.0324
239.509
82.9596
47.3873
48.6313
125.152
132.479
120.638
269.889
44.1194
70.1969
running time = 1.45 seconds.
120.248
80.5434
127.093
155.811
236.221
402.52
34.1101
110.9
149.125
115.773
58.1015
44.2828
150.511
68.4798
211.726
169.421
88.9191
162.519
142.001
116.754
33.817
65.6372
42.7257
153.947
151.113
108.839
32.3118
56.101
33.2257
255.907
303.148
40.8508
75.4338
58.7978
122.645
41.8707
44.621
94.1269
123.824
67.6607
48.7789
82.9462
49.3399
226.04
263.37
220.146
135.312
107.155
88.4348
94.0643
98.0584
159.138
85.7598
218.048
109.204
209.958
50.5386
86.1493
318.282
157.983
263.19
198.931
100.67
138.084
119.509
228.734
107.432
76.9822
43.8744
39.733
113.775
40.9279
142.191
82.14
103.085
120.624
41.4121
69.2592
146.731
125.821
62.9485
54.3642
352.952
159.926
519.906
27.0244
178.615
57.6133
155.823
43.7603
69.5145
53.9936
108.733
36.2898
135.404
83.5816
74.9901
157.872
86.9754
52.0719
48.0698
128.783
50.1618
33.3858
35.3425
93.5292
169.115
73.6933
80.4843
127.31
24.2873
51.9504
82.1966
180.298
85.3498
88.7582
82.1961
51.7604
39.996
120.91
90.452
130.901
44.0837
125.215
81.2421
running time = 1.59 seconds.
162.419
76.3807
90.9958
73.2644
102.882
84.574
126.235
101.582
100.998
44.2531
126.723
42.5006
85.5297
94.7203
36.0416
116.068
73.9272
87.9151
65.703
102.398
70.5397
105.068
91.2542
187.234
33.917
98.1889
48.6284
67.6288
33.274
182.104
27.3082
48.5363
160.405
47.2862
93.7493
98.3361
182.934
128.879
76.5785
93.826
52.963
58.3839
39.5056
87.1465
30.1948
109.533
80.5576
142.465
88.2172
45.0875
154.466
223.37
86.6468
70.0976
101.985
128.322
193.547
57.81
45.7143
25.8828
207.666
47.427
82.7198
49.1515
71.6165
48.5442
94.346
58.5761
77.5831
78.4875
68.7737
43.1421
56.0574
168.877
76.7844
35.9443
198.371
57.0624
91.609
106.67
52.1392
193.114
72.9255
110.519
86.2861
46.8316
83.7866
162.703
102.94
88.5965
142.73
65.1088
95.5468
212.617
39.298
64.0726
76.0195
114.132
80.0312
42.4414
65.8864
112.856
63.9909
122.919
189.973
180.418
247.649
89.8721
38.5095
38.2396
126.977
55.1442
103.279
38.2631
145.193
152.242
49.1655
143.767
22.107
239.712
90.5667
97.5384
29.9395
91.054
53.7109
running time = 1.29 seconds.
142.705
40.3884
115.283
66.9181
35.7161
60.5443
54.9472
138.002
183.824
46.3431
51.5631
111.483
54.3504
141.249
23.4433
258.012
66.3541
47.2937
61.6899
176.368
144.283
61.2546
37.3426
109.573
130.056
104.865
57.5319
52.6446
43.8955
26.062
60.6094
35.2895
116.83
44.4116
67.2128
117.888
244.985
124.007
109.955
95.269
129.778
108.874
151.073
194.848
52.6062
160.727
67.0761
54.3506
139.521
120.169
35.064
300.713
78.3461
159.128
58.0899
733.898
50.6352
87.135
52.9141
138.071
568.217
121.027
191.166
88.2923
63.435
106.146
47.3929
104.213
333.426
347.395
128.201
126.829
89.0346
88.2982
361.287
50.3749
102.678
237.976
146.761
75.3894
177.703
241.648
111.267
82.8712
47.8523
349.721
110.182
164.533
58.5032
103.203
164.101
112.526
36.2837
34.5645
156.326
77.7409
260.535
630.427
214.041
103.542
47.473
129.066
33.8813
148.055
67.2952
33.0508
98.1439
135.978
130.039
196.881
57.978
110.398
75.4087
79.1768
131.096
109.946
37.4179
74.1733
136.07
111.32
338.909
168.124
158.875
105.703
30.9372
running time = 1.67 seconds.
100.105
81.5057
83.7309
132.429
182.125
235.428
52.4487
130.999
66.4648
45.9365
46.8289
68.6587
38.2634
219.96
75.3454
96.309
93.8494
134.48
256.697
33.1617
87.0346
284.075
41.3813
140.87
67.6093
104.623
40.819
85.3918
85.6873
78.4832
58.4739
197.727
191.469
69.7542
46.2288
84.2248
69.2101
277.971
114.905
95.1233
411.118
185.647
97.7687
138.895
80.2557
109.682
58.1597
80.3379
51.9443
86.1733
126.626
124.277
65.5967
249.424
171.064
53.9515
123.288
93.1003
94.6717
100.364
22.2819
45.6138
105.654
42.5679
62.1873
76.5256
106.835
355.978
49.078
101.131
281.026
92.0747
225.066
134.18
50.1379
104.946
116.097
123.396
78.8827
98.4992
51.4013
108.389
234.44
56.6561
57.6288
141.798
72.4959
85.3117
50.0938
105.625
53.3333
51.8683
38.6326
56.224
68.5545
178.882
41.8624
66.041
92.3342
53.7438
188.441
45.5934
255.007
92.7143
63.7202
70.5492
140.977
125.983
100.603
43.1669
110.224
120.196
43.7084
95.0193
118.257
98.0951
55.7311
93.6098
110.492
122.824
61.5962
50.1677
89.5991
94.0334
173.761
running time = 1.45 seconds.
96.0052
167.215
72.595
132.579
32.4901
348.717
52.9314
52.8842
281.74
177.175
113.838
87.0437
209.698
57.6355
63.4911
126.394
147.924
42.1876
71.0569
68.8354
79.2754
123.796
98.3538
34.4652
287.244
74.6844
103.248
80.8446
213.097
61.426
56.7788
27.4098
95.115
41.631
66.5414
127.517
152.875
112.285
85.0428
125.408
64.0122
82.8427
154.348
195.15
37.3058
328.91
25.9279
30.6342
190.145
104.268
77.1262
114.874
187.056
86.978
90.1478
138.792
123.918
208.767
36.9387
112.391
141.655
68.6636
46.2229
60.5179
155.911
90.0946
235.614
143.933
49.032
46.1456
60.8905
31.6954
177.218
56.8536
53.7543
92.5131
186.574
46.6776
42.2327
152.236
124.048
346.246
85.3501
229.38
67.9921
169.319
32.7973
62.2417
64.0464
95.8027
106.175
40.3749
436.466
157.998
86.7505
96.3644
179.175
114.978
83.1589
63.0922
99.3525
122.112
43.0661
53.7137
190.253
35.1024
23.0305
101.323
84.5501
274.645
66.243
120.136
135.789
147.435
71.3124
126.019
113.386
41.0244
102.364
259.552
43.794
47.3753
128.235
258.133
78.1971
running time = 1.53 seconds.
