41.1038
70.0249
165.674
94.1044
63.2706
79.1726
360.746
131.591
174.043
133.511
43.7451
73.8466
200.388
79.8308
118.818
85.3924
115.447
52.1854
41.0103
78.907
118.034
50.6797
270.375
109.591
66.3955
76.7342
62.3583
222.903
120.304
84.6181
41.021
22.9027
117.416
55.8914
114.373
104.992
54.311
34.8869
69.0583
61.1671
167.533
80.2756
193.723
95.7034
58.2504
95.2413
60.5818
27.4899
74.2517
77.5248
252.983
75.3853
115.923
145.403
42.557
70.4889
110.989
89.0068
93.5933
33.6131
102.744
60.7961
57.1468
364.638
90.9011
61.9428
132.716
100.929
25.8798
45.5729
96.648
119.33
195.851
45.6965
93.0384
150.769
64.0929
97.5729
72.4687
172.107
159.791
86.8099
191.418
105.566
110.409
302.315
109.992
46.7894
106.143
68.2341
192.632
232.365
15.2065
26.2469
63.6483
141.665
80.0257
132.393
203.264
92.9019
101.961
65.4236
118.511
123.635
64.4125
122.735
67.7657
236.676
58.7163
126.407
107.903
170.571
55.5478
190.239
303.089
101.559
275.436
46.489
73.8456
42.0728
108.46
53.3803
160.576
33.378
179.923
running time = 2.19 seconds.
