  3.782   5.000   0.100
  4.715  14.000   0.100
  5.647  21.000   0.100
  6.580  25.000   0.100
  7.513  44.000   0.100
  8.445  41.000   0.100
  9.378  30.000   0.100
 10.311  33.000   0.100
 11.244  33.000   0.100
 12.176  42.000   0.100
 13.109  45.000   0.100
 14.042  43.000   0.100
 14.974  38.000   0.100
 15.907  42.000   0.100
 16.840  45.000   0.100
 17.773  32.000   0.100
 18.705  35.000   0.100
 19.638  31.000   0.100
 20.571  25.000   0.100
 21.503  24.000   0.100
 22.436  25.000   0.100
 23.369  22.000   0.100
 24.301  24.000   0.100
 25.234  19.000   0.100
 26.167  21.000   0.100
 27.100  18.000   0.100
 28.032  10.000   0.100
 28.965  21.000   0.100
 29.898   9.000   0.100
 30.830  10.000   0.100
 31.763  14.000   0.100
 32.696  10.000   0.100
 33.629   8.000   0.100
 34.561  10.000   0.100
 35.494   9.000   0.100
 36.427   7.000   0.100
 37.359   9.000   0.100
 38.292  14.000   0.100
 39.225   7.000   0.100
 40.158   4.000   0.100
 41.090   8.000   0.100
 42.023   4.000   0.100
 42.956   6.000   0.100
 43.888   3.000   0.100
 44.821   7.000   0.100
 45.754   5.000   0.100
 46.687   2.000   0.100
 47.619   0.000   0.100
 48.552   0.000   0.100
 49.485   3.000   0.100
 50.417   0.000   0.100
 51.350   2.000   0.100
 52.283   4.000   0.100
 53.216   0.000   0.100
 54.148   4.000   0.100
 55.081   2.000   0.100
 56.014   1.000   0.100
 56.946   2.000   0.100
 57.879   1.000   0.100
 58.812   2.000   0.100
 59.745   0.000   0.100
 60.677   4.000   0.100
 61.610   0.000   0.100
 62.543   1.000   0.100
 63.475   0.000   0.100
 64.408   2.000   0.100
 65.341   0.000   0.100
 66.274   2.000   0.100
 67.206   0.000   0.100
 68.139   1.000   0.100
 69.072   1.000   0.100
 70.004   1.000   0.100
 70.937   2.000   0.100
 71.870   0.000   0.100
 72.803   0.000   0.100
 73.735   2.000   0.100
 74.668   0.000   0.100
 75.601   0.000   0.100
 76.533   0.000   0.100
 77.466   0.000   0.100
 78.399   2.000   0.100
 79.332   1.000   0.100
 80.264   1.000   0.100
 81.197   0.000   0.100
 82.130   1.000   0.100
 83.062   0.000   0.100
 83.995   0.000   0.100
 84.928   0.000   0.100
 85.861   0.000   0.100
 86.793   0.000   0.100
 87.726   0.000   0.100
 88.659   1.000   0.100
 89.591   0.000   0.100
 90.524   0.000   0.100
 91.457   1.000   0.100
 92.390   0.000   0.100
 93.322   1.000   0.100
 94.255   0.000   0.100
 95.188   1.000   0.100
 96.120   0.000   0.100
