 34.822   5.000   0.100
 44.562   9.000   0.100
 54.303  24.000   0.100
 64.044  40.000   0.100
 73.785  40.000   0.100
 83.525  38.000   0.100
 93.266  47.000   0.100
103.007  50.000   0.100
112.747  51.000   0.100
122.488  51.000   0.100
132.229  41.000   0.100
141.969  42.000   0.100
151.710  33.000   0.100
161.451  38.000   0.100
171.191  42.000   0.100
180.932  40.000   0.100
190.673  27.000   0.100
200.413  27.000   0.100
210.154  29.000   0.100
219.895  30.000   0.100
229.635  23.000   0.100
239.376  18.000   0.100
249.117  18.000   0.100
258.858  16.000   0.100
268.598  20.000   0.100
278.339  19.000   0.100
288.080  12.000   0.100
297.820   8.000   0.100
307.561  14.000   0.100
317.302  14.000   0.100
327.042  11.000   0.100
336.783   8.000   0.100
346.524   3.000   0.100
356.264   9.000   0.100
366.005   6.000   0.100
375.746   7.000   0.100
385.486  11.000   0.100
395.227   5.000   0.100
404.968   3.000   0.100
414.708   8.000   0.100
424.449   5.000   0.100
434.190   4.000   0.100
443.930   4.000   0.100
453.671   2.000   0.100
463.412   5.000   0.100
473.153   2.000   0.100
482.893   1.000   0.100
492.634   2.000   0.100
502.375   0.000   0.100
512.115   3.000   0.100
521.856   2.000   0.100
531.597   2.000   0.100
541.337   0.000   0.100
551.078   5.000   0.100
560.819   3.000   0.100
570.559   0.000   0.100
580.300   5.000   0.100
590.041   1.000   0.100
599.781   2.000   0.100
609.522   2.000   0.100
619.263   2.000   0.100
629.003   1.000   0.100
638.744   0.000   0.100
648.485   3.000   0.100
658.225   0.000   0.100
667.966   1.000   0.100
677.707   2.000   0.100
687.448   0.000   0.100
697.188   0.000   0.100
706.929   0.000   0.100
716.670   0.000   0.100
726.410   0.000   0.100
736.151   0.000   0.100
745.892   0.000   0.100
755.632   0.000   0.100
765.373   0.000   0.100
775.114   0.000   0.100
784.854   0.000   0.100
794.595   0.000   0.100
804.336   0.000   0.100
814.076   0.000   0.100
823.817   1.000   0.100
833.558   1.000   0.100
843.298   0.000   0.100
853.039   0.000   0.100
862.780   0.000   0.100
872.521   0.000   0.100
882.261   1.000   0.100
892.002   0.000   0.100
901.743   0.000   0.100
911.483   0.000   0.100
921.224   0.000   0.100
930.965   0.000   0.100
940.705   0.000   0.100
950.446   0.000   0.100
960.187   0.000   0.100
969.927   0.000   0.100
979.668   0.000   0.100
989.409   1.000   0.100
999.149   0.000   0.100
