 -1.566  17.000   0.100
 -1.535   9.000   0.100
 -1.503   7.000   0.100
 -1.472   6.000   0.100
 -1.441   6.000   0.100
 -1.409   3.000   0.100
 -1.378  11.000   0.100
 -1.346   3.000   0.100
 -1.315   3.000   0.100
 -1.284   7.000   0.100
 -1.252   1.000   0.100
 -1.221   6.000   0.100
 -1.190   2.000   0.100
 -1.158   1.000   0.100
 -1.127   0.000   0.100
 -1.096   1.000   0.100
 -1.064   0.000   0.100
 -1.033   0.000   0.100
 -1.001   1.000   0.100
 -0.970   1.000   0.100
 -0.939   0.000   0.100
 -0.907   0.000   0.100
 -0.876   1.000   0.100
 -0.845   0.000   0.100
 -0.813   0.000   0.100
 -0.782   1.000   0.100
 -0.750   0.000   0.100
 -0.719   0.000   0.100
 -0.688   0.000   0.100
 -0.656   0.000   0.100
 -0.625   0.000   0.100
 -0.594   0.000   0.100
 -0.562   0.000   0.100
 -0.531   0.000   0.100
 -0.500   0.000   0.100
 -0.468   0.000   0.100
 -0.437   0.000   0.100
 -0.405   0.000   0.100
 -0.374   0.000   0.100
 -0.343   0.000   0.100
 -0.311   0.000   0.100
 -0.280   0.000   0.100
 -0.249   0.000   0.100
 -0.217   0.000   0.100
 -0.186   0.000   0.100
 -0.154   0.000   0.100
 -0.123   1.000   0.100
 -0.092   0.000   0.100
 -0.060   0.000   0.100
 -0.029   2.000   0.100
  0.002   0.000   0.100
  0.034   0.000   0.100
  0.065   0.000   0.100
  0.096   2.000   0.100
  0.128   1.000   0.100
  0.159   2.000   0.100
  0.191   0.000   0.100
  0.222   4.000   0.100
  0.253   1.000   0.100
  0.285   7.000   0.100
  0.316   2.000   0.100
  0.347   6.000   0.100
  0.379   7.000   0.100
  0.410   7.000   0.100
  0.442   4.000   0.100
  0.473  11.000   0.100
  0.504   9.000   0.100
  0.536   8.000   0.100
  0.567  16.000   0.100
  0.598  13.000   0.100
  0.630  18.000   0.100
  0.661  12.000   0.100
  0.692  21.000   0.100
  0.724  22.000   0.100
  0.755  21.000   0.100
  0.787  27.000   0.100
  0.818  29.000   0.100
  0.849  38.000   0.100
  0.881  37.000   0.100
  0.912  26.000   0.100
  0.943  36.000   0.100
  0.975  31.000   0.100
  1.006  30.000   0.100
  1.038  26.000   0.100
  1.069  40.000   0.100
  1.100  35.000   0.100
  1.132  38.000   0.100
  1.163  39.000   0.100
  1.194  32.000   0.100
  1.226  31.000   0.100
  1.257  29.000   0.100
  1.288  36.000   0.100
  1.320  32.000   0.100
  1.351  27.000   0.100
  1.383  23.000   0.100
  1.414  20.000   0.100
  1.445  22.000   0.100
  1.477  20.000   0.100
  1.508   9.000   0.100
  1.539   3.000   0.100
