  0.761   1.000   0.100
  0.768   0.000   0.100
  0.775   0.000   0.100
  0.781   1.000   0.100
  0.788   1.000   0.100
  0.795   1.000   0.100
  0.802   0.000   0.100
  0.809   1.000   0.100
  0.816   1.000   0.100
  0.823   4.000   0.100
  0.830   1.000   0.100
  0.837   2.000   0.100
  0.844   0.000   0.100
  0.851   6.000   0.100
  0.857   1.000   0.100
  0.864   3.000   0.100
  0.871   4.000   0.100
  0.878   8.000   0.100
  0.885   7.000   0.100
  0.892   1.000   0.100
  0.899   5.000   0.100
  0.906  12.000   0.100
  0.913   9.000   0.100
  0.920   8.000   0.100
  0.927  16.000   0.100
  0.933  11.000   0.100
  0.940  11.000   0.100
  0.947  10.000   0.100
  0.954  17.000   0.100
  0.961  16.000   0.100
  0.968  10.000   0.100
  0.975  18.000   0.100
  0.982  15.000   0.100
  0.989  19.000   0.100
  0.996  15.000   0.100
  1.003  28.000   0.100
  1.009  15.000   0.100
  1.016  22.000   0.100
  1.023  17.000   0.100
  1.030  26.000   0.100
  1.037  22.000   0.100
  1.044  19.000   0.100
  1.051  25.000   0.100
  1.058  26.000   0.100
  1.065  31.000   0.100
  1.072  25.000   0.100
  1.079  22.000   0.100
  1.085  23.000   0.100
  1.092  19.000   0.100
  1.099  29.000   0.100
  1.106  31.000   0.100
  1.113  24.000   0.100
  1.120  30.000   0.100
  1.127  23.000   0.100
  1.134  17.000   0.100
  1.141  28.000   0.100
  1.148  20.000   0.100
  1.155  21.000   0.100
  1.161   9.000   0.100
  1.168  17.000   0.100
  1.175  21.000   0.100
  1.182   9.000   0.100
  1.189  12.000   0.100
  1.196   7.000   0.100
  1.203  12.000   0.100
  1.210   8.000   0.100
  1.217  15.000   0.100
  1.224   9.000   0.100
  1.231  11.000   0.100
  1.237  11.000   0.100
  1.244   8.000   0.100
  1.251   6.000   0.100
  1.258   9.000   0.100
  1.265   7.000   0.100
  1.272   7.000   0.100
  1.279   4.000   0.100
  1.286   6.000   0.100
  1.293   1.000   0.100
  1.300   2.000   0.100
  1.307   2.000   0.100
  1.313   3.000   0.100
  1.320   3.000   0.100
  1.327   4.000   0.100
  1.334   0.000   0.100
  1.341   4.000   0.100
  1.348   3.000   0.100
  1.355   1.000   0.100
  1.362   3.000   0.100
  1.369   1.000   0.100
  1.376   0.000   0.100
  1.383   1.000   0.100
  1.389   1.000   0.100
  1.396   0.000   0.100
  1.403   0.000   0.100
  1.410   3.000   0.100
  1.417   0.000   0.100
  1.424   0.000   0.100
  1.431   0.000   0.100
  1.438   2.000   0.100
  1.445   0.000   0.100
