179.000   2.000   0.100
186.000   1.000   0.100
193.000   1.000   0.100
200.000   9.000   0.100
207.000  17.000   0.100
214.000  40.000   0.100
221.000  58.000   0.100
228.000  76.000   0.100
235.000 109.000   0.100
242.000 145.000   0.100
249.000 128.000   0.100
256.000 111.000   0.100
263.000  83.000   0.100
270.000  80.000   0.100
277.000  51.000   0.100
284.000  39.000   0.100
291.000  25.000   0.100
298.000  12.000   0.100
305.000   6.000   0.100
312.000   3.000   0.100
