 12.000  82.000   0.100
 12.000 310.000   0.100
 12.000 294.000   0.100
 12.000 170.000   0.100
 12.000  99.000   0.100
 12.000  31.000   0.100
 12.000   9.000   0.100
 12.000   4.000   0.100
 12.000   0.000   0.100
 12.000   1.000   0.100
 32.000  46.000   0.100
 34.000  39.000   0.100
 36.000  21.000   0.100
 38.000  16.000   0.100
 40.000   8.000   0.100
 42.000   2.000   0.100
 44.000   5.000   0.100
 46.000   2.000   0.100
 48.000   4.000   0.100
 50.000   0.000   0.100
