 -1.571   4.000   0.100
 -1.539   6.000   0.100
 -1.508   5.000   0.100
 -1.477   2.000   0.100
 -1.445   3.000   0.100
 -1.414   2.000   0.100
 -1.382   0.000   0.100
 -1.351   0.000   0.100
 -1.319   4.000   0.100
 -1.288   0.000   0.100
 -1.257   1.000   0.100
 -1.225   0.000   0.100
 -1.194   0.000   0.100
 -1.162   0.000   0.100
 -1.131   0.000   0.100
 -1.100   0.000   0.100
 -1.068   0.000   0.100
 -1.037   0.000   0.100
 -1.005   0.000   0.100
 -0.974   0.000   0.100
 -0.942   0.000   0.100
 -0.911   0.000   0.100
 -0.880   0.000   0.100
 -0.848   0.000   0.100
 -0.817   0.000   0.100
 -0.785   0.000   0.100
 -0.754   0.000   0.100
 -0.723   0.000   0.100
 -0.691   0.000   0.100
 -0.660   0.000   0.100
 -0.628   0.000   0.100
 -0.597   0.000   0.100
 -0.565   0.000   0.100
 -0.534   0.000   0.100
 -0.503   0.000   0.100
 -0.471   0.000   0.100
 -0.440   0.000   0.100
 -0.408   0.000   0.100
 -0.377   0.000   0.100
 -0.346   0.000   0.100
 -0.314   0.000   0.100
 -0.283   0.000   0.100
 -0.251   0.000   0.100
 -0.220   0.000   0.100
 -0.188   0.000   0.100
 -0.157   0.000   0.100
 -0.126   0.000   0.100
 -0.094   0.000   0.100
 -0.063   0.000   0.100
 -0.031   0.000   0.100
  0.000   0.000   0.100
  0.031   0.000   0.100
  0.063   0.000   0.100
  0.094   0.000   0.100
  0.126   0.000   0.100
  0.157   0.000   0.100
  0.188   0.000   0.100
  0.220   0.000   0.100
  0.251   0.000   0.100
  0.283   0.000   0.100
  0.314   0.000   0.100
  0.346   1.000   0.100
  0.377   1.000   0.100
  0.408   1.000   0.100
  0.440   2.000   0.100
  0.471   8.000   0.100
  0.503   4.000   0.100
  0.534   4.000   0.100
  0.565   7.000   0.100
  0.597   8.000   0.100
  0.628  10.000   0.100
  0.660  16.000   0.100
  0.691   9.000   0.100
  0.723  20.000   0.100
  0.754  31.000   0.100
  0.785  25.000   0.100
  0.817  34.000   0.100
  0.848  35.000   0.100
  0.880  37.000   0.100
  0.911  44.000   0.100
  0.942  47.000   0.100
  0.974  38.000   0.100
  1.005  65.000   0.100
  1.037  58.000   0.100
  1.068  50.000   0.100
  1.100  46.000   0.100
  1.131  48.000   0.100
  1.162  47.000   0.100
  1.194  34.000   0.100
  1.225  46.000   0.100
  1.257  42.000   0.100
  1.288  26.000   0.100
  1.319  33.000   0.100
  1.351  28.000   0.100
  1.382  15.000   0.100
  1.414  15.000   0.100
  1.445  12.000   0.100
  1.477  14.000   0.100
  1.508  12.000   0.100
  1.539   0.000   0.100
