 27.000   2.000   0.100
 30.000  18.000   0.100
 33.000  27.000   0.100
 36.000  76.000   0.100
 39.000 108.000   0.100
 42.000 120.000   0.100
 45.000 122.000   0.100
 48.000 103.000   0.100
 51.000  99.000   0.100
 54.000  96.000   0.100
 57.000  51.000   0.100
 60.000  61.000   0.100
 63.000  41.000   0.100
 66.000  27.000   0.100
 69.000  23.000   0.100
 72.000  10.000   0.100
 75.000   7.000   0.100
 78.000   3.000   0.100
 81.000   3.000   0.100
 84.000   1.000   0.100
