       336.506   4.000   0.100
       403.301   9.000   0.100
       470.097  10.000   0.100
       536.892  25.000   0.100
       603.687  24.000   0.100
       670.483  33.000   0.100
       737.278  48.000   0.100
       804.073  50.000   0.100
       870.869  49.000   0.100
       937.664  37.000   0.100
      1004.459  40.000   0.100
      1071.255  43.000   0.100
      1138.050  46.000   0.100
      1204.845  38.000   0.100
      1271.641  32.000   0.100
      1338.436  40.000   0.100
      1405.231  39.000   0.100
      1472.027  26.000   0.100
      1538.822  27.000   0.100
      1605.617  31.000   0.100
      1672.413  32.000   0.100
      1739.208  24.000   0.100
      1806.004  23.000   0.100
      1872.799  19.000   0.100
      1939.594  17.000   0.100
      2006.390  13.000   0.100
      2073.185  17.000   0.100
      2139.980  16.000   0.100
      2206.776  21.000   0.100
      2273.571  10.000   0.100
      2340.366  14.000   0.100
      2407.162  15.000   0.100
      2473.957  12.000   0.100
      2540.752  15.000   0.100
      2607.548   7.000   0.100
      2674.343   2.000   0.100
      2741.138   8.000   0.100
      2807.934   6.000   0.100
      2874.729   3.000   0.100
      2941.524   6.000   0.100
      3008.320   6.000   0.100
      3075.115   6.000   0.100
      3141.910   3.000   0.100
      3208.706   5.000   0.100
      3275.501   2.000   0.100
      3342.296   4.000   0.100
      3409.092   1.000   0.100
      3475.887   2.000   0.100
      3542.682   2.000   0.100
      3609.478   4.000   0.100
      3676.273   2.000   0.100
      3743.069   5.000   0.100
      3809.864   1.000   0.100
      3876.659   1.000   0.100
      3943.455   1.000   0.100
      4010.250   3.000   0.100
      4077.045   2.000   0.100
      4143.840   5.000   0.100
      4210.636   4.000   0.100
      4277.431   0.000   0.100
      4344.227   3.000   0.100
      4411.022   0.000   0.100
      4477.817   0.000   0.100
      4544.612   1.000   0.100
      4611.408   0.000   0.100
      4678.203   1.000   0.100
      4744.999   3.000   0.100
      4811.794   0.000   0.100
      4878.589   0.000   0.100
      4945.384   0.000   0.100
      5012.180   1.000   0.100
      5078.975   0.000   0.100
      5145.771   0.000   0.100
      5212.566   0.000   0.100
      5279.361   0.000   0.100
      5346.156   0.000   0.100
      5412.952   0.000   0.100
      5479.747   0.000   0.100
      5546.542   0.000   0.100
      5613.338   0.000   0.100
      5680.133   0.000   0.100
      5746.929   0.000   0.100
      5813.724   0.000   0.100
      5880.519   0.000   0.100
      5947.314   0.000   0.100
      6014.110   0.000   0.100
      6080.905   0.000   0.100
      6147.701   0.000   0.100
      6214.496   0.000   0.100
      6281.291   0.000   0.100
      6348.086   0.000   0.100
      6414.882   0.000   0.100
      6481.677   0.000   0.100
      6548.473   0.000   0.100
      6615.268   0.000   0.100
      6682.063   0.000   0.100
      6748.858   0.000   0.100
      6815.654   0.000   0.100
      6882.449   0.000   0.100
      6949.245   1.000   0.100
