 -1.559   1.000   0.100
 -1.528   0.000   0.100
 -1.497   0.000   0.100
 -1.465   0.000   0.100
 -1.434   0.000   0.100
 -1.403   0.000   0.100
 -1.372   0.000   0.100
 -1.340   0.000   0.100
 -1.309   0.000   0.100
 -1.278   0.000   0.100
 -1.247   0.000   0.100
 -1.215   0.000   0.100
 -1.184   0.000   0.100
 -1.153   0.000   0.100
 -1.122   0.000   0.100
 -1.090   0.000   0.100
 -1.059   0.000   0.100
 -1.028   0.000   0.100
 -0.997   0.000   0.100
 -0.965   0.000   0.100
 -0.934   0.000   0.100
 -0.903   0.000   0.100
 -0.871   0.000   0.100
 -0.840   0.000   0.100
 -0.809   0.000   0.100
 -0.778   0.000   0.100
 -0.746   0.000   0.100
 -0.715   0.000   0.100
 -0.684   0.000   0.100
 -0.653   0.000   0.100
 -0.621   0.000   0.100
 -0.590   0.000   0.100
 -0.559   0.000   0.100
 -0.528   0.000   0.100
 -0.496   0.000   0.100
 -0.465   0.000   0.100
 -0.434   0.000   0.100
 -0.403   0.000   0.100
 -0.371   0.000   0.100
 -0.340   0.000   0.100
 -0.309   0.000   0.100
 -0.277   0.000   0.100
 -0.246   0.000   0.100
 -0.215   0.000   0.100
 -0.184   0.000   0.100
 -0.152   0.000   0.100
 -0.121   0.000   0.100
 -0.090   0.000   0.100
 -0.059   0.000   0.100
 -0.027   0.000   0.100
  0.004   0.000   0.100
  0.035   0.000   0.100
  0.066   0.000   0.100
  0.098   0.000   0.100
  0.129   0.000   0.100
  0.160   0.000   0.100
  0.191   0.000   0.100
  0.223   0.000   0.100
  0.254   0.000   0.100
  0.285   0.000   0.100
  0.316   0.000   0.100
  0.348   0.000   0.100
  0.379   0.000   0.100
  0.410   0.000   0.100
  0.442   0.000   0.100
  0.473   0.000   0.100
  0.504   0.000   0.100
  0.535   0.000   0.100
  0.567   0.000   0.100
  0.598   0.000   0.100
  0.629   0.000   0.100
  0.660   1.000   0.100
  0.692   5.000   0.100
  0.723   6.000   0.100
  0.754   9.000   0.100
  0.785  28.000   0.100
  0.817  27.000   0.100
  0.848  39.000   0.100
  0.879  60.000   0.100
  0.910  56.000   0.100
  0.942  65.000   0.100
  0.973  83.000   0.100
  1.004  81.000   0.100
  1.036  90.000   0.100
  1.067  59.000   0.100
  1.098  78.000   0.100
  1.129  55.000   0.100
  1.161  47.000   0.100
  1.192  53.000   0.100
  1.223  42.000   0.100
  1.254  31.000   0.100
  1.286  22.000   0.100
  1.317  13.000   0.100
  1.348  12.000   0.100
  1.379  11.000   0.100
  1.411   5.000   0.100
  1.442   9.000   0.100
  1.473   5.000   0.100
  1.504   6.000   0.100
  1.536   1.000   0.100
