 83.000   2.000   0.100
 88.000   3.000   0.100
 93.000  14.000   0.100
 98.000  45.000   0.100
103.000  63.000   0.100
108.000  91.000   0.100
113.000 103.000   0.100
118.000 119.000   0.100
123.000 137.000   0.100
128.000 108.000   0.100
133.000  90.000   0.100
138.000  70.000   0.100
143.000  56.000   0.100
148.000  54.000   0.100
153.000  17.000   0.100
158.000  12.000   0.100
163.000  11.000   0.100
168.000   2.000   0.100
173.000   1.000   0.100
178.000   1.000   0.100
