28 1.44158
31 1.37229
25 1.48872
28 0.423968
22 0.914616
16 0.648194
20 0.785398
18 0.316343
24 0.914616
29 1.01688
37 0.851343
18 -1.55954
19 0.492413
34 0.333892
19 1.14205
24 0.469055
22 1.37796
23 1.53038
21 1.05549
21 0.897623
18 1.5708
24 1.00818
17 -1.14205
15 1.01688
18 1.44158
22 1.1781
27 1.12146
24 1.18718
34 1.20001
23 0.653464
30 -1.54405
41 1.43129
25 1.47347
40 1.2593
21 -1.3642
25 0.535875
21 1.04266
38 1.32993
31 -1.53674
23 1.53038
21 0.823632
19 0.650427
26 1.44158
21 1.08938
24 0.284924
27 1.19291
26 0.691836
27 1.43129
31 1.24684
26 1.05483
17 0.303985
20 1.15618
17 1.12146
16 0.728269
22 1.31929
26 1.10174
22 0.671511
18 0.852414
21 1.08661
13 1.40088
31 1.24394
22 -1.46302
33 1.05919
18 1.43359
18 0.622148
26 0.826504
33 1.04675
30 0.948648
21 1.3642
18 1.10174
19 -1.53038
24 1.35334
17 0.986149
20 1.4842
24 1.41768
22 1.1781
20 1.00818
21 -1.32127
22 1.15618
22 0.930127
17 1.43583
28 0.861754
26 1.13649
28 1.54254
19 0.849886
29 -1.35716
20 0.978234
27 1.37729
19 1.06703
23 1.48872
37 1.39415
37 -1.4613
35 0.757605
24 1.343
30 1.1781
24 1.33552
26 1.10174
30 1.44803
24 0.922602
21 1.53038
34 0.915265
24 1.12524
25 0.825816
24 0.504924
18 0.392699
34 0.914616
23 -1.37005
24 -1.54254
18 0.915265
23 0.999032
20 1.35307
26 0.65618
22 0.907505
25 1.11974
20 1.19935
28 0.866103
25 -1.45007
36 1.23096
24 1.10174
18 0.622148
18 0.706553
21 0.376959
25 1.01189
31 0.729209
24 1.36074
16 1.36074
30 1.12745
18 1.00313
22 1.11626
38 0.866103
21 1.37005
28 -1.3721
22 0.85091
21 0.962049
17 0.85352
18 1.08165
27 1.35169
22 1.27827
20 0.443975
24 1.07361
25 0.553921
21 0.917332
29 1.3153
31 0.952675
30 0.993082
21 1.14094
27 -0.85352
25 1.5127
22 0.65618
26 1.41462
34 -1.20001
32 1.08041
25 -1.46713
26 -1.34047
27 1.35169
46 0.875302
31 -1.26681
27 1.37476
23 1.45857
17 0.991997
22 -1.41768
32 0.463648
28 1.19935
31 1.50267
23 1.32127
14 0.922602
27 1.3153
25 1.42538
23 1.3565
24 0.995457
30 1.29515
22 0.392699
21 1.40088
16 1.27454
14 0.881127
33 1.38995
20 1.23096
17 1.08938
22 1.15618
21 1.33391
26 0.176464
27 -1.50267
22 0.866103
27 0.796477
18 1.23096
18 1.14642
20 1.40755
15 0.897623
23 1.12215
35 0.768649
23 1.05919
18 0.812141
27 0.769555
28 1.52969
37 1.26959
28 1.02533
32 1.20842
34 0.773883
36 1.54711
19 -1.30071
32 1.28259
20 -1.51367
21 1.40088
31 1.27655
19 1.14046
20 1.10174
22 0.801497
20 1.25119
24 0.718382
23 1.29059
19 -1.37476
19 0.952675
14 1.28587
14 0.907505
17 0.986149
15 0.773693
14 0.424378
30 0.519751
25 1.19336
24 0.930127
25 -1.54207
24 0.972018
24 0.746549
35 1.01189
25 1.17191
44 1.10408
22 0.893173
27 1.17164
35 1.55909
18 0.65618
33 1.39415
26 0.824247
14 1.25445
26 1.02627
30 1.22096
38 0.814328
17 1.34646
18 -1.25445
28 0.826504
31 0.558905
42 0.669318
21 1.23473
16 1.10174
34 1.43042
25 1.23646
27 0.897623
23 0.797104
21 0.897623
18 0.914616
23 1.14094
24 0.562618
19 1.11974
34 1.32993
24 1.1781
12 0.756468
26 0.796654
14 0.756468
22 1.46302
26 1.15684
23 1.22529
28 0.544531
27 1.45857
28 0.984091
21 1.48872
16 1.30137
34 0.995457
18 1.03691
18 0.622148
21 1.30071
24 0.930127
29 0.964721
21 1.40088
27 1.17164
16 0.978234
29 0.601871
19 0.955317
22 0.704694
18 0.392699
23 1.29059
41 0.862979
15 1.03492
21 1.37476
18 0.269428
25 0.516915
20 0.930127
33 1.45007
23 0.553921
26 0.824247
20 1.27827
20 0.757145
21 0.768649
24 0.424378
24 0.719887
19 0.624761
20 1.02627
16 1.28587
35 0.975133
24 0.705323
17 0.924909
18 1.23096
25 1.20283
35 1.04266
31 0.891431
18 0.824247
25 1.17191
19 1.10935
25 0.955317
18 0.907505
26 0.698801
23 0.991997
28 1.13523
26 0.744292
23 1.53038
24 0.728269
19 1.33932
32 -1.48622
13 -1.53038
24 1.35307
20 0.95249
24 1.52969
35 1.05549
32 0.500474
24 0.852414
27 1.14205
36 1.13389
20 0.67506
21 0.897623
26 1.12682
21 0.825816
18 1.23096
20 1.12524
18 1.09439
25 1.01688
28 0.893173
17 0.946035
23 1.5127
36 1.10174
27 0.955317
27 0.785398
18 1.1781
36 1.1781
29 0.773693
32 0.893173
28 0.65618
26 0.247286
26 0.746549
19 1.29351
27 1.54671
41 0.61548
24 1.46302
21 0.688076
45 0.939636
39 0.727298
17 -1.50267
34 1.1781
33 0.669588
21 1.50267
17 1.40088
24 0.539936
22 1.1781
19 1.11791
34 1.1781
20 1.25445
28 1.05105
27 -1.26681
23 1.04675
18 1.07032
21 0.871395
34 1.38232
20 0.686428
26 1.20978
32 1.38484
24 1.12524
27 0.924909
25 -1.37476
31 0.553921
23 -1.54363
23 1.45857
16 1.30515
16 1.1781
16 -1.3721
39 0.862979
18 0.785398
31 1.14046
19 -1.40088
20 1.23096
36 0.915265
18 0.922602
17 0.61548
21 0.61548
20 1.30515
26 0.629221
30 1.20753
24 0.756468
27 0.882721
26 1.20753
28 1.32993
19 1.33932
20 0.785398
24 1.36074
23 1.5708
12 1.22937
37 0.688076
21 0.785398
34 1.10174
31 0.768649
13 0.608748
16 1.28587
15 1.42023
28 0.948648
27 1.2146
21 -1.56603
20 0.978234
17 1.29059
22 0.948648
31 -1.17164
16 1.50378
38 1.49195
20 0.878961
38 1.25119
17 0.970913
31 0.946035
29 1.14046
17 0.595663
22 1.27827
21 1.01189
13 0.955317
21 0.909506
25 1.51588
33 0.901208
25 1.24684
19 0.909506
33 0.201894
20 1.52969
15 1.26959
20 1.36074
26 1.15618
20 0.251509
19 1.08938
35 1.52001
23 1.19384
28 1.3721
15 1.21574
19 0.785398
20 0.414612
40 0.768364
36 1.1869
22 1.14739
20 1.23096
21 0.882721
34 0.518157
25 1.22249
32 0.907505
30 1.42607
18 -1.20001
17 1.37476
13 1.19291
38 1.05105
23 0.757605
20 0.648194
31 0.992813
29 -1.24812
21 0.688076
22 0.663291
30 1.35525
18 0.941575
31 1.43886
25 0.962049
23 0.849886
24 0.975705
21 1.08661
24 1.49009
26 0.930127
29 0.924909
21 -1.26959
16 1.25445
23 1.35169
27 0.85352
28 0.948648
22 -1.43359
34 0.329405
42 1.22288
19 1.49322
21 0.882721
25 0.909506
26 0.922602
14 0.392699
18 1.1781
21 0.849886
23 0.762634
19 1.31947
38 1.20842
18 1.27827
29 -1.53256
32 -1.07032
29 1.3689
19 1.13235
28 1.31286
30 0.995457
20 0.995457
26 1.2088
20 0.842527
14 -1.20001
17 1.03492
17 0.717276
25 0.986149
29 0.797104
27 -1.52601
22 -1.5547
21 1.543
29 1.317
22 1.31929
19 1.5708
35 1.53038
19 0.85352
17 -1.3443
19 1.37729
23 1.3153
31 0.773693
14 1.10174
17 0.813192
24 0.975705
31 1.49494
35 0.823632
20 0.445561
17 0.849886
19 1.01688
33 0.730485
19 0.673173
20 1.41462
17 1.48872
34 1.22874
14 -1.20001
17 0.882721
23 0.987292
24 1.28587
16 0.65618
20 1.03691
17 0.813192
27 0.889061
20 -1.44093
25 1.40088
17 0.583504
24 1.16902
15 1.45857
16 1.27166
37 0.825816
24 1.05483
20 -0.984091
26 -0.0119025
18 1.02068
20 0.746549
22 0.852414
19 1.26959
17 1.26959
23 0.583504
30 0.875302
20 0.914616
24 -1.20978
22 -1.55376
18 1.15618
25 0.451058
28 0.938519
35 1.45857
36 1.12524
26 -1.55889
20 1.08165
23 1.26959
22 1.13331
35 0.13627
18 1.32993
21 0.634834
24 1.43673
21 0.673173
26 0.255495
24 -1.54187
19 1.297
18 1.10174
22 1.2088
14 1.20001
21 0.882721
22 1.20937
20 -1.43673
30 -1.47183
24 1.1781
27 -1.47347
16 0.948648
22 0.852414
32 1.10715
18 1.25445
24 1.55376
21 0.653464
24 1.11751
29 1.45007
19 0.843498
21 0.653464
17 1.01688
16 1.30515
24 1.00095
17 0.407959
15 1.40088
17 1.47347
25 0.987292
21 0.61548
32 0.643883
30 0.736529
26 1.33086
21 1.3443
28 0.824247
25 1.3443
22 1.07032
18 1.02068
26 1.23945
22 1.22937
22 0.718382
19 0.717276
21 -1.53038
28 1.54254
20 1.01319
38 -0.959197
14 1.07032
27 1.317
14 0.995457
33 1.05388
26 0.895736
26 1.31929
26 -1.55928
22 1.44803
27 1.09304
22 1.10174
28 1.28259
16 1.43359
19 1.53038
17 0.673173
31 0.841588
16 1.41768
18 -0.757145
36 1.30515
12 0.129867
36 1.12832
24 0.813651
20 1.10715
30 1.26181
31 1.40088
20 1.36074
30 1.05839
22 -1.48622
12 0.995457
26 1.05105
14 0.51597
25 1.23646
26 0.893173
27 1.21574
33 1.37476
33 -1.36188
27 1.21415
20 1.55376
28 1.02068
20 0.592562
27 0.930811
23 0.785398
35 0.825816
33 1.13235
19 0.74498
20 0.895736
31 1.54803
19 1.08661
28 0.899285
28 -1.18718
17 0.553921
26 0.414612
26 1.33552
33 1.20687
19 0.975133
20 1.3912
25 1.14046
27 0.909506
16 -1.40755
32 1.00313
19 1.26959
20 0.839443
26 0.463648
20 1.38484
22 1.03086
34 1.13331
22 1.22937
23 0.61548
21 1.5127
31 0.639985
19 1.19291
22 0.914616
21 1.3056
30 1.44158
36 1.15618
22 1.05483
36 1.20978
24 1.03268
24 1.07793
24 0.884368
26 1.1781
26 -1.47507
21 0.61548
30 1.34047
33 1.3565
14 1.05483
24 0.814328
16 1.32993
18 0.907505
25 1.0045
26 1.43359
45 0.836186
35 0.576479
22 1.05483
20 0.878961
34 1.15684
19 0.717276
20 0.996108
25 1.50267
33 1.19384
38 1.09689
15 1.48872
18 0.57534
27 1.16264
24 1.30515
22 1.28587
27 0.992813
19 1.53256
27 1.24394
25 1.40088
17 1.53038
27 1.3153
21 0.785398
32 -1.47183
21 1.47347
28 1.27827
29 1.35169
21 1.16284
17 0.511604
14 0.648194
20 1.08453
19 0.599883
22 1.27827
37 1.14046
20 1.33552
21 0.747164
27 1.40088
23 0.653464
48 1.31929
22 0.914616
27 1.07032
25 0.899656
22 -1.15684
22 -1.43359
14 1.1781
28 -1.54254
23 0.61548
48 1.03691
22 1.10174
59 1.40088
27 1.22385
22 1.03086
38 0.861754
19 0.332507
16 1.36074
24 1.23096
14 1.43359
30 1.47183
29 0.35665
30 0.864243
26 1.07361
48 -1.5547
30 1.08165
25 1.14205
19 -1.45857
15 1.26681
26 0.757145
18 0.813651
23 1.50631
32 0.881127
22 1.33552
32 1.20001
32 1.05105
23 0.74498
18 1.40755
38 0.854663
23 1.19336
30 1.10174
27 0.981436
28 1.20978
20 0.57534
38 0.437485
32 1.28259
22 1.35307
29 0.877486
27 1.33932
25 1.19384
31 1.04508
24 1.25445
12 -1.28587
22 0.598778
18 0.718382
20 0.704694
28 1.12524
18 1.10715
18 0.500474
23 1.08938
30 1.50378
25 1.21574
18 0.592562
31 1.31947
14 1.22937
18 0.852414
18 1.07032
31 1.32127
24 0.893173
32 1.12524
18 -1.30515
28 0.443345
32 1.00601
34 1.1869
49 0.639261
18 -1.50378
32 0.317328
17 0.189735
32 1.49009
13 0.877486
19 0.599883
24 0.567944
35 -1.543
24 1.34802
33 0.968392
15 0.802147
40 1.02627
25 0.757605
46 1.105
19 1.10935
32 -1.35307
19 0.891431
22 1.12524
20 1.1781
24 0.308989
17 1.39815
18 0.878961
21 1.092
39 0.991997
12 1.14642
22 0.392699
13 0.715648
19 1.23646
23 0.975133
21 1.21526
27 1.23405
25 0.823632
25 1.26959
23 1.39183
22 0.785398
33 1.28587
33 1.35716
22 -0.105328
18 1.32993
19 1.05919
24 0.55012
32 1.15684
34 0.785398
22 0.757145
22 0.825151
40 1.34802
25 1.34646
25 1.17172
18 1.15684
19 0.955317
26 0.995457
23 -1.26959
36 0.443345
25 1.43583
21 0.831256
20 -1.25445
26 0.936509
15 1.26681
22 1.30137
45 0.891431
26 1.00818
24 1.36074
23 0.882721
18 1.4037
40 1.44158
18 0.915265
14 1.52969
21 1.52001
19 0.511604
30 1.18718
17 0.955317
29 0.999032
22 -1.5547
29 0.747164
35 0.500474
27 1.2146
24 0.869978
31 0.785398
17 0.917332
23 0.407959
25 1.14046
19 1.3689
23 1.16284
21 1.50267
18 0.785398
17 0.355061
28 1.1781
35 0.802147
31 1.40088
18 0.677623
16 1.1781
17 1.33932
18 0.922602
22 1.14778
16 -1.41462
26 1.05483
22 -1.54405
18 1.26181
16 1.00818
29 0.458545
21 1.19384
19 1.32127
16 1.50378
24 1.3912
27 0.843498
17 1.26681
15 1.04675
27 0.889061
28 1.00601
23 1.49322
38 1.1781
30 1.46302
35 1.17183
23 1.12146
24 0.700818
44 1.1781
19 0.986149
16 1.40755
31 0.757605
25 0.955317
32 0.837025
26 0.852414
20 1.20978
35 1.21574
22 1.40088
25 0.964721
28 1.1781
18 1.12682
17 1.53038
20 1.51675
21 0.986149
25 1.08938
29 1.14205
26 1.28587
21 -1.40088
33 0.508114
12 1.1781
19 0.69331
19 1.20599
18 1.24905
36 1.32993
18 1.12524
28 1.00095
21 0.785398
21 1.24394
19 1.45857
28 1.45691
17 -1.47571
14 1.02533
29 0.897623
31 0.61548
15 1.26959
19 0.986149
16 1.05105
29 1.21415
27 0.823632
24 1.49072
25 1.33462
18 -1.36074
33 1.24684
21 0.553921
23 0.74498
28 1.21867
18 1.1781
19 1.50267
31 -1.43129
25 1.33932
22 1.1781
22 1.1781
16 -1.27827
31 1.46476
26 0.95249
19 1.46713
18 0.796913
15 1.01688
21 -1.33932
23 -1.25015e-16
24 1.08453
19 0.891431
