793369 187.875
1974506 279.702
3803050 433.012
4338057 126.694
5106932 182.075
6286143 279.246
8415116 504.156
9169277 178.591
10140487 229.99
11098624 226.894
12447752 319.483
12989936 128.393
13942052 225.468
14175904 55.3778
15093803 217.365
15684320 139.839
16427497 175.99
16919313 116.466
17798062 208.094
19079900 303.548
19380967 71.2948
19935850 131.4
20348393 97.6931
21516986 276.731
22078341 132.933
22698366 146.826
23441944 176.085
23770859 77.8894
24847180 254.881
25655824 191.493
26825985 277.103
27271972 105.613
28441783 277.02
29859049 335.619
30314949 107.96
30612076 70.3618
32237446 384.899
33485970 295.659
34428440 223.184
37943444 832.378
38275842 78.7142
38551191 65.2046
39735861 280.538
40345228 144.302
40971884 148.397
42750289 421.139
42989201 56.5761
45340076 556.704
45971871 149.614
48112595 506.939
49114619 237.286
51381416 536.794
52311531 220.258
53442241 267.76
54991728 366.93
55575998 138.359
55881092 72.2485
56778876 212.602
57607050 196.118
59314268 404.281
60055425 175.511
61231489 278.5
61485003 60.0339
63031046 366.114
63547751 122.359
64646177 260.115
66106438 345.8
66809969 166.601
67660619 201.44
68274909 145.468
68482226 49.0942
69050858 134.656
70668201 382.998
70931854 62.4349
71936042 237.799
73592556 392.274
74306835 169.146
74772347 110.237
75475508 166.514
76141980 157.825
78398687 534.404
78719597 75.9938
81505721 659.774
82212115 167.279
82659756 106.005
83004681 81.6807
83450625 105.603
84077327 148.408
84888809 192.165
85408498 123.066
86155168 176.817
87356148 284.401
87809978 107.47
88274291 109.953
88751667 113.046
89359617 143.967
89976051 145.976
90494184 122.698
92305101 428.838
92670256 86.4713
92921613 59.5231
93273328 83.2886
95641459 560.79
95974825 78.9435
96329506 83.991
97242161 216.123
98040027 188.94
98533147 116.774
98903800 87.7733
99395275 116.385
99865394 111.328
101075279 286.509
102013170 222.099
104782319 655.754
106285796 356.034
108678790 566.678
108825837 34.8218
109132075 72.5194
110595170 346.471
111025285 101.854
111794198 182.084
112988098 282.724
113539584 130.596
114188446 153.655
114438462 59.2056
116420991 469.477
117127353 167.272
118145707 241.154
118895966 177.667
119232633 79.7252
119646384 97.9792
120263374 146.108
120888515 148.038
121713355 195.328
122640912 219.652
123595455 226.043
123760525 39.0898
124065465 72.212
124380069 74.5005
124632717 59.8289
125579453 224.194
126094624 121.996
126520870 100.938
126898350 89.39
128029810 267.938
128469806 104.194
130473513 474.492
131611559 269.497
132685017 254.203
133120890 103.218
133853473 173.481
135036420 280.13
135669879 150.008
136274018 143.064
136653438 89.8494
137098976 105.507
138183743 256.881
139714561 362.509
140139924 100.729
142121033 469.141
142736284 145.696
143371136 150.338
144092093 170.728
145309459 288.281
146037745 172.463
146699083 156.61
146941911 57.5034
147537912 141.137
148611591 254.255
149098158 115.223
149653222 131.443
151010896 321.507
152597725 375.773
153039902 104.711
153588117 129.821
154416185 196.092
154917914 118.813
155316257 94.3305
156498056 279.858
158341315 436.497
158778745 103.587
159919898 270.233
160866857 224.247
161445073 136.926
161821963 89.2503
162300522 113.326
162845833 129.134
163174939 77.9347
163760335 138.626
163910804 35.6321
165386405 349.433
166004408 146.348
166775496 182.599
168996214 525.882
169385739 92.2423
170243606 203.149
170797341 131.128
171329595 126.042
172644648 311.414
173695829 248.927
174162863 110.597
174988420 195.498
175505548 122.46
177297990 424.463
177798486 118.521
179131003 315.55
179942275 192.115
182581017 624.873
183641530 251.137
184308504 157.944
185068599 179.996
187482044 571.521
188388954 214.763
189556305 276.437
189968343 97.5736
191157013 281.486
191922382 181.245
193132485 286.561
193600156 110.748
194233811 150.054
194517166 67.1005
195064451 129.601
195931309 205.278
196616108 162.165
197731284 264.082
198192880 109.309
198977250 185.744
199764171 186.349
200766689 237.403
201140278 88.4686
201469671 78.0026
201924193 107.634
202384370 108.973
202875729 116.357
203410855 126.722
204112267 166.099
204406027 69.5645
205719448 311.028
206380086 156.444
206612907 55.1337
207662530 248.558
208062853 94.7994
208724636 156.715
209635494 215.698
210843133 285.978
210994916 35.9433
212619159 384.632
212856888 56.2959
214028739 277.503
215220677 282.259
215600894 90.0381
216124241 123.932
216603783 113.559
217172453 134.665
217629363 108.2
218175147 129.246
221733321 842.601
222442367 167.907
222762292 75.7605
224489479 409.01
224739980 59.3204
225630769 210.945
226510960 208.436
226990001 113.44
227879300 210.592
228464244 138.519
229529941 252.365
230125033 140.922
230865323 175.306
232201492 316.414
232648358 105.821
232989769 80.8486
233922357 220.844
235520907 378.548
235860492 80.4162
236868339 238.665
237770273 213.584
238232140 109.373
238787567 131.529
239198782 97.3787
240280418 256.139
241114710 197.566
241772485 155.766
242324971 130.833
243311386 233.59
244714877 332.357
245186662 111.722
246065582 208.135
246340175 65.0256
246651973 73.836
247025662 88.4922
247828445 190.105
248358654 125.557
249056451 165.243
249857801 189.765
250608103 177.677
251206988 141.82
251909905 166.456
253691411 421.873
254096669 95.968
254456920 85.31
255109701 154.583
255857710 177.134
258562733 640.569
259498621 221.625
259778817 66.3524
260334778 131.656
261014212 160.895
262154672 270.069
262550557 93.7484
263133907 138.141
264541598 333.351
266776089 529.144
267620671 200.003
268267567 153.19
268540418 64.6131
272318065 894.574
272904279 138.82
273423770 123.019
275089803 394.529
275660112 135.053
276408002 177.106
277872424 346.786
278524902 154.511
278869437 81.5884
279195467 77.2062
280269122 254.249
280792398 123.916
281495894 166.593
282454435 226.989
283021860 134.37
284212076 281.852
284851453 151.409
286073346 289.353
286822218 177.338
288433596 381.586
288703627 63.9453
289150776 105.888
289461596 73.6044
290121154 156.188
290681523 132.699
291300795 146.648
291880134 137.192
292536111 155.34
293047509 121.103
293510456 109.629
294281949 182.695
294790660 120.466
295763136 230.289
296609704 200.473
297162943 131.011
298025954 204.367
298449847 100.381
298954611 119.532
300299462 318.47
301071347 182.788
302049649 231.669
303756369 404.164
303956962 47.5019
304749872 187.767
305899386 272.213
306432479 126.24
307189521 179.273
308048160 203.332
308539652 116.389
310329921 423.949
310629690 70.9875
311058908 101.642
312111105 249.168
312835546 171.553
313455727 146.863
313884525 101.542
314272268 91.8203
314765890 116.893
315044698 66.0237
316847800 426.988
317417524 134.915
317669252 59.611
318626222 226.617
319376621 177.7
321788027 571.038
322860806 254.042
323323532 109.577
324897949 372.833
325649307 177.927
326778615 267.428
327733065 226.021
328574015 199.143
328930837 84.498
330740710 428.591
331431007 163.467
332145796 169.267
332866704 170.716
334438900 372.307
335109609 158.829
336068294 227.023
336867811 189.331
337741043 206.788
338429370 163.001
338722146 69.3315
339353982 149.623
339906071 130.739
340669264 180.73
341450741 185.059
341787337 79.7084
342607172 194.143
342919491 73.9594
343825702 214.597
344262264 103.381
344558234 70.0878
345511403 225.717
345827407 74.832
346540867 168.952
348106498 370.753
350085565 468.657
350554422 111.029
351636101 256.149
353382161 413.48
354152709 182.471
356003770 438.345
358021111 477.721
358871145 201.294
360109117 293.161
360599356 116.092
361766215 276.321
362659109 211.444
364187473 361.928
365148820 227.654
366443653 306.626
367061502 146.311
367546492 114.849
368685754 269.785
369222690 127.15
369492138 63.8072
369707942 51.1039
370707938 236.806
371247569 127.788
371596934 82.7321
372277027 161.051
372703409 100.97
373638583 221.456
374140143 118.773
375402923 299.035
376037237 150.21
377101167 251.946
377730285 148.98
378855586 266.479
380134763 302.918
380894350 179.876
381501008 143.661
382265217 180.97
382927476 156.828
384120546 282.528
385096460 231.103
385567181 111.47
386061297 117.01
386986117 219.004
388650729 394.192
389985172 316.006
391935387 461.825
392646511 168.399
393250878 143.118
393761998 121.037
394278299 122.264
394847045 134.683
395644317 188.8
397840080 519.972
399373239 363.063
400040837 158.092
401104144 251.799
401866937 180.635
402998828 268.04
403299448 71.189
403866706 134.331
404831233 228.407
406220343 328.951
406980145 179.927
407945865 228.689
408366406 99.5871
409078124 168.54
410319171 293.889
411376860 250.468
411812960 103.272
412644430 196.898
413052986 96.749
413412962 85.2449
413883199 111.356
415585092 403.02
416223597 151.203
417939172 406.26
418928895 234.374
420113513 280.526
420589378 112.688
421433100 199.799
421937772 119.51
422815255 207.794
423566224 177.835
423867252 71.2856
424478246 144.688
425084955 143.673
425499976 98.28
427449723 461.714
428020653 135.2
428729560 167.874
429358296 148.889
430201666 199.716
430780945 137.177
431198147 98.7964
433702010 592.933
434257589 131.565
434870931 145.244
437073678 521.626
437378252 72.1253
437876374 117.959
439096141 288.85
439872163 183.768
440562115 163.386
441489409 219.59
442146622 155.633
442500520 83.8056
443030137 125.417
443987311 226.666
444530411 128.61
444899923 87.5031
445481038 137.612
446906132 337.473
447485473 137.192
447893959 96.7324
448153129 61.3733
448919351 181.447
449307527 91.9229
450067829 180.045
450781564 169.018
451196672 98.3006
451780979 138.368
452463100 161.531
452811009 82.3874
453676019 204.841
455057896 327.238
455578271 123.229
456292476 169.129
458004722 405.472
458406400 95.1202
459032710 148.315
460057806 242.75
461668946 381.53
462032653 86.1284
462940835 215.064
463484251 128.685
464873064 328.881
465409508 127.034
465938779 125.335
468413681 586.075
469407477 235.338
470092870 162.306
470602288 120.634
471967113 323.2
473384759 335.709
474343327 226.996
474706281 85.9501
475213219 120.047
475773864 132.765
476554404 184.837
477071954 122.56
477753008 161.278
479151563 331.188
480154806 237.575
481728521 372.667
482670855 223.151
483229173 132.214
484411566 279.999
485418183 238.374
486211208 187.794
487057645 200.442
488718795 393.372
489312846 140.676
490361541 248.339
491394010 244.496
491836703 104.833
492586747 177.616
493040471 107.445
494331174 305.648
494609974 66.0218
495599596 234.35
495940248 80.6688
498588530 627.132
499180992 140.299
499968877 186.577
502332643 559.757
503318883 233.549
503677955 85.0308
504104785 101.076
504358791 60.1504
505697938 317.12
506047851 82.8619
506836625 186.787
507204510 87.1178
507552345 82.3698
509468624 453.789
510383058 216.545
511527225 270.947
512308077 184.911
512776676 110.968
513851993 254.643
514427178 136.208
514748442 76.0776
515175518 101.135
516846345 395.664
517585316 174.994
517876506 68.9559
518312624 103.276
518956810 152.548
520629790 396.174
520860707 54.6828
521667640 191.088
521953312 67.6492
522330090 89.2237
523225952 212.147
524391011 275.894
524697211 72.5104
524912928 51.0833
526247943 316.141
526908969 156.536
527265229 84.3649
529163338 449.486
529926126 180.634
530499630 135.81
530795362 70.0315
531075071 66.2371
531602410 124.878
533392533 423.914
534169218 183.925
535187212 241.068
536605882 335.951
537104068 117.974
537536906 102.499
539541551 474.714
539861560 75.7804
542424756 606.983
542854725 101.82
543829163 230.754
544563885 173.987
544873105 73.2255
545745116 206.498
546191756 105.768
546748753 131.901
547055256 72.5821
547759162 166.69
548559027 189.414
549415665 202.858
549943855 125.079
550399627 107.93
550985758 138.8
551433191 105.955
552134403 166.052
553383757 295.856
554701232 311.988
555462299 180.226
555914152 107.002
557261026 318.949
558375954 264.023
559148752 183.004
560763393 382.359
561692893 220.112
563083627 329.336
564752049 395.094
565747090 235.633
566401167 154.89
566774701 88.4555
567171964 94.0747
567635299 109.721
567872416 56.151
568529044 155.494
569899588 324.555
570814338 216.619
571339946 124.468
571823540 114.519
572857466 244.841
573423014 133.926
574294597 206.397
575457634 275.416
575936373 113.369
576227344 68.904
576664234 103.459
577085773 99.8235
577476966 92.6373
578161150 162.02
579041037 208.364
580456868 335.279
581630241 277.863
582051542 99.7671
583432325 326.979
584020683 139.327
584343733 76.5006
585960633 382.894
588441727 587.541
589369657 219.74
590285115 216.787
594545522 1008.89
594833534 68.2033
596079446 295.041
596715767 150.685
597430694 169.3
598213301 185.327
599547487 315.945
600040367 116.718
600555790 122.056
601079193 123.946
602093892 240.288
603336630 294.289
603853292 122.349
604972589 265.058
605431960 108.782
606254662 194.822
607698999 342.029
608524010 195.369
608933613 96.9969
611291252 558.306
612573841 303.726
612948618 88.7499
613747247 189.121
615067791 312.714
615433412 86.5817
615897740 109.956
617152913 297.234
617492905 80.5125
618651886 274.455
621156653 593.147
621718169 132.971
622048806 78.2972
622807092 179.568
624098742 305.872
624376960 65.884
627015444 624.812
627450019 102.91
628172429 171.072
629310613 269.53
630109910 189.279
630419690 73.3581
630903390 114.544
631200689 70.4025
632081029 208.471
634584764 592.902
634787263 47.9532
635881193 259.05
636127497 58.3266
636494144 86.8246
636997277 119.146
638198619 284.486
639404855 285.645
640591206 280.936
641173975 138.004
641792480 146.466
642007886 51.0097
643365917 321.592
644259099 211.512
645139647 208.52
645562309 100.089
646637718 254.665
647235401 141.536
648009607 183.338
649303369 306.372
649600734 70.4182
650825912 290.131
651286646 109.105
652575726 305.263
653093763 122.675
653697420 142.95
654195376 117.92
655567581 324.948
656206145 151.217
656571768 86.5822
657996546 337.398
658375029 89.6275
659043672 158.339
660067938 242.554
660644905 136.63
661115223 111.375
661707499 140.255
662507863 189.532
664161977 391.706
664890267 172.464
665865103 230.848
667219226 320.666
667647606 101.443
667968028 75.8782
668597238 149.001
669125668 125.136
669546580 99.675
670323896 184.074
672888522 607.322
673700369 192.251
674143599 104.96
674676009 126.079
675583641 214.934
675894287 73.5632
676985611 258.433
677246921 61.8801
677800385 131.064
678565934 181.288
680423087 439.787
683319125 685.803
685988940 632.231
686810393 194.526
687132717 76.3286
688034416 213.529
688892251 203.141
690621098 409.403
690833743 50.3559
692760497 456.269
694025012 299.446
695263984 293.397
697181903 454.177
697961042 184.506
698462983 118.863
699155977 164.106
700150782 235.577
701618795 347.636
702109189 116.129
702462097 83.5712
702840094 89.5124
704064565 289.964
705070380 238.184
706309982 293.547
707154587 200.009
707618707 109.907
709273782 391.934
709898154 147.856
710553021 155.077
711268276 169.378
711777464 120.579
712076988 70.9294
713301941 290.078
713688087 91.4421
714238113 130.25
715274244 245.363
716093790 194.074
716585970 116.552
716986579 94.8671
717294055 72.8125
718608900 311.365
719655435 247.827
720611073 226.302
721027062 98.5092
721727930 165.971
722065481 79.9345
722766019 165.892
723967162 284.439
724288661 76.1333
725150262 204.033
726677786 361.729
727362786 162.213
728488366 266.545
728709785 52.4336
729221926 121.279
729979900 179.494
730685435 167.076
731726498 246.531
732236443 120.759
732791184 131.367
733665860 207.13
735695073 480.532
736717387 242.091
736954620 56.1785
737724315 182.269
738149590 100.708
738890567 175.469
740546962 392.246
741512352 228.611
742288019 183.684
742833069 129.072
743392727 132.531
744881562 352.567
745400772 122.953
746138910 174.796
746719307 137.442
746979901 61.7105
747289896 73.409
747882149 140.25
748719079 198.191
751005524 541.447
751398412 93.0387
752169803 182.671
753021374 201.658
753382190 85.4438
753700009 75.2618
754582794 209.05
754880624 70.5283
755480448 142.043
757148356 394.973
759666819 596.39
761103244 340.156
761799758 164.94
763865347 489.146
764288494 100.204
765675029 328.341
767532473 439.856
768104090 135.363
768567907 109.835
769406967 198.695
770255894 201.032
770845927 139.724
771744914 212.887
772069657 76.9015
773490548 336.477
774246547 179.026
774658298 97.5056
776079881 336.641
776545991 110.378
777160713 145.571
777529693 87.3771
778538311 238.848
779253868 169.449
780188140 221.242
780666704 113.327
780845475 42.3343
782229566 327.763
782944765 169.364
783340310 93.6679
785724002 564.475
786114941 92.5772
787899768 422.66
788707722 191.329
789433930 171.971
790462813 243.647
791359139 212.256
791757513 94.3378
792729923 230.274
793545182 193.059
794038820 116.897
795584157 365.947
795998551 98.1315
796348117 82.7797
797300111 225.439
797739470 104.043
799125544 328.232
799359693 55.4482
801231873 443.346
802203439 230.074
802712394 120.524
803236265 124.056
805022332 422.954
805360225 80.0155
806107410 176.939
806303494 46.4341
806764709 109.219
807588689 195.124
808180748 140.204
809229594 248.374
809613442 90.898
811107909 353.901
811878819 182.557
812222473 81.3797
812614613 92.8616
813292725 160.582
814525297 291.882
814788540 62.3378
815447296 155.998
815980342 126.229
816469873 115.924
817440283 229.8
818568826 267.247
819462196 211.556
821304835 436.35
822250732 223.995
823425465 278.185
823739408 74.344
824288466 130.021
825304404 240.581
826324358 241.532
827215627 211.059
828026226 191.956
829073222 247.936
829935837 204.273
830561720 148.214
831326391 181.08
831868409 128.354
832492601 147.813
835366260 680.503
836378781 239.772
837298504 217.797
838306451 238.689
838956541 153.946
840492609 363.752
841032143 127.766
841960242 219.781
842769721 191.69
843171199 95.0729
846072680 687.092
846683980 144.76
847334972 154.16
847835582 118.548
849294991 345.599
850390782 259.491
851160564 182.29
852704302 365.568
853606597 213.67
854674279 252.835
855306760 149.776
858102370 662.021
