4100 9.70909
13982 23.4013
23786 23.2166
31596 18.4946
42600 26.0583
52061 22.4043
61582 22.5464
66108 10.7179
84873 44.4369
98753 32.8688
111420 29.9964
117150 13.5691
130575 31.7914
146044 36.6317
152637 15.6127
162113 22.4398
176904 35.0262
180567 8.67425
186462 13.9598
202748 38.5664
216594 32.7883
230261 32.3644
239793 22.5725
246300 15.409
257079 25.5254
262090 11.8664
273327 26.61
297454 57.1345
327698 71.62
338472 25.5136
342990 10.6989
348446 12.9202
354294 13.8485
368202 32.9351
380045 28.0451
393046 30.7873
399988 16.4392
403845 9.13365
408069 10.0027
413819 13.6164
420058 14.7744
425721 13.4104
433960 19.5105
437174 7.61098
440148 7.04265
448673 20.1878
452437 8.91342
469994 41.5762
479914 23.4913
496475 39.2176
502302 13.7988
511647 22.1296
520536 21.0498
539293 44.4179
548438 21.656
558870 24.7037
567238 19.816
570692 8.17932
577023 14.9923
584154 16.8867
609574 60.1964
612710 7.42627
621651 21.1729
626125 10.5948
629065 6.96213
641735 30.0035
648291 15.5251
655981 18.2105
660111 9.78014
670333 24.2064
678767 19.9723
691220 29.4896
706604 36.4304
709786 7.5352
714221 10.5024
722630 19.9131
726658 9.53859
745008 43.4541
758550 32.0684
776281 41.9883
788914 29.9159
824052 83.2093
863159 92.6082
865750 6.13567
873336 17.9642
881564 19.4845
885473 9.25679
891373 13.9716
898192 16.1479
903668 12.9676
912290 20.4175
921522 21.862
946257 58.5743
962521 38.5143
969213 15.8471
973257 9.57648
982517 21.9283
985151 6.2375
997768 29.878
1011619 32.8002
1018806 17.0193
1023735 11.6722
1031469 18.3147
1033969 5.92018
1047495 32.0305
1054949 17.6516
1074527 46.3621
1082640 19.2122
1090345 18.246
1092871 5.98175
1110698 42.2156
1126735 37.9768
1135615 21.0285
1142177 15.5393
1147758 13.2162
1152648 11.5799
1157328 11.0826
1163230 13.9764
1173184 23.5718
1188643 36.608
1193549 11.6178
1209959 38.8601
1218516 20.2636
1232633 33.4301
1237476 11.4686
1246196 20.6496
1255091 21.064
1259071 9.42493
1269575 24.8742
1282159 29.7998
1296428 33.79
1303034 15.6435
1306604 8.45402
1331121 58.058
1340096 21.2534
1346445 15.0349
1355324 21.0261
1384414 68.8872
1389603 12.2879
1394816 12.3448
1420997 61.9985
1427187 14.6584
1435550 19.8042
1452431 39.9754
1468849 38.879
1472404 8.4185
1475730 7.87621
1483825 19.1695
1491836 18.9706
1512010 47.7735
1516351 10.2798
1521977 13.3228
1526510 10.7345
1528758 5.32343
1536411 18.1229
1539860 8.16748
1551435 27.4104
1557477 14.3079
1569699 28.9426
1575379 13.4506
1582194 16.1384
1588846 15.7524
1594749 13.9787
1601528 16.0532
1610006 20.0765
1616036 14.2795
1624331 19.6432
1631444 16.8441
1639297 18.5965
1641651 5.57444
1644737 7.30787
1651891 16.9412
1655725 9.07919
1659205 8.24089
1672757 32.0921
1675999 7.67729
1688064 28.5708
1696445 19.8468
1700315 9.16444
1702500 5.17424
1716217 32.4828
1719025 6.64955
1722456 8.12485
1726897 10.5166
1730598 8.76423
1736910 14.9473
1751188 33.8113
1754737 8.40429
1762589 18.5941
1769905 17.3248
1780276 24.5593
1782243 4.658
1788962 15.9111
1799948 26.0156
1805920 14.1421
1812614 15.8519
1826576 33.063
1830748 9.8796
1838883 19.2643
1842417 8.36877
1849770 17.4124
1878115 67.123
1886395 19.6076
1889731 7.89989
1906844 40.5248
1922898 38.017
1930547 18.1134
1939399 20.9622
1946024 15.6885
1951695 13.4293
1956640 11.7101
1968268 27.5359
1977863 22.7216
2011667 80.0503
2020159 20.1097
2030710 24.9855
2033033 5.50103
2056866 56.4383
2061407 10.7534
2068262 16.2331
2080162 28.1801
2088588 19.9534
2107734 45.3391
2119365 27.543
2122169 6.64007
2131768 22.7311
2148456 39.5184
2154203 13.6093
2163012 20.8603
2172657 22.8401
2182532 23.3847
2185476 6.9716
2189661 9.91038
2196667 16.5907
2211060 34.0837
2217457 15.1486
2225308 18.5917
2230388 12.0298
2236037 13.3772
2269799 79.9508
2285376 36.8875
2292850 17.699
2295892 7.20367
2299396 8.29772
2305838 15.2551
2313372 17.8411
2321265 18.6912
2327808 15.4943
2333851 14.3103
2341579 18.3005
2347636 14.3434
2354372 15.9513
2371727 41.0979
2379237 17.7842
2382285 7.21788
2389077 16.0839
2392454 7.99698
2396087 8.60321
2399942 9.12892
2405628 13.4649
2445723 94.9478
2452931 17.0691
2460988 19.0796
2469973 21.2771
2471846 4.4354
2477484 13.3512
2488744 26.6645
2501821 30.9673
2511023 21.791
2520919 23.4344
2535006 33.359
2549037 33.2264
2560433 26.9865
2567825 17.5048
2570472 6.26829
2585071 34.5715
2590881 13.7585
2599072 19.3969
2605903 16.1763
2612362 15.2954
2618122 13.6401
2623035 11.6343
2638514 36.6554
2655623 40.5153
2657438 4.29805
2668268 25.6462
2675165 16.3326
2688372 31.2751
2706840 43.7336
2711392 10.7795
2718646 17.178
2725379 15.9442
2738026 29.949
2741942 9.27337
2745571 8.59373
2748844 7.7507
2754870 14.27
2780099 59.7441
2791458 26.8989
2794642 7.53994
2799119 10.6019
2802131 7.13263
2806070 9.32784
2816881 25.6012
2834414 41.5194
2850895 39.0282
2860440 22.6032
2865666 12.3755
2870911 12.4205
2873017 4.98716
2887186 33.5532
2893817 15.7027
2906269 29.4872
2909483 7.61098
2916720 17.1377
2923826 16.8275
2927658 9.07445
2934982 17.3438
2938460 8.23615
2946114 18.1252
2964065 42.5093
2982729 44.1977
2995425 30.065
3002493 16.7375
3005534 7.20131
3018345 30.3374
3026555 19.4419
3056565 71.0658
3090479 80.3108
3094263 8.96078
3096959 6.38432
3108684 27.7656
3117436 20.7254
3126344 21.0948
3132198 13.8627
3140592 19.8776
3150803 24.1804
3154246 8.15327
3165683 27.0836
3169832 9.82513
3178558 20.6638
3186227 18.1607
3197249 26.1009
3214926 41.8604
3219213 10.1519
3238344 45.3036
3244329 14.1729
3252855 20.1902
3259117 14.8289
3261272 5.10319
3268179 16.3563
3278856 25.2839
3285101 14.7886
3294088 21.2819
3303937 23.3231
3311745 18.4899
3321738 23.6641
3344909 54.8706
3357783 30.4866
3363762 14.1587
3375285 27.2873
3380931 13.3701
3398073 40.5935
3409355 26.7166
3440867 74.6227
3451120 24.2798
3453324 5.21923
3458615 12.5295
3471958 31.5972
3478384 15.2172
3482007 8.57952
3489561 17.8884
3493294 8.84001
3506319 30.8441
3512778 15.2954
3521363 20.3299
3533412 28.5329
3542770 22.1604
3549091 14.9686
3555304 14.7128
3563341 19.0322
3571531 19.3945
3587477 37.7613
3597528 23.8015
3601178 8.64346
3620593 45.9761
3626928 15.0017
3642386 36.6057
3648610 14.7389
3668881 48.0032
3696625 65.6998
3713603 40.2051
3717843 10.0406
3724669 16.1645
3734524 23.3373
3737288 6.54535
3742802 13.0575
3760492 41.8912
3764423 9.30889
3772455 19.0204
3775897 8.1509
3798478 53.4734
3806158 18.1868
3809374 7.61572
3814681 12.5674
3820911 14.7531
3842227 50.4778
3851662 22.3428
3869804 42.9616
3873191 8.02066
3883777 25.0684
3891118 17.384
3905119 33.1554
3909456 10.2703
3917810 19.7829
3924981 16.9814
3931786 16.1147
3944407 29.8874
3952916 20.1499
3965545 29.9064
3968738 7.56125
3986290 41.5644
4005358 45.1544
4011927 15.5559
4033106 50.1534
4037873 11.2886
4043978 14.4571
4052327 19.771
4056696 10.3461
4059483 6.59982
4064720 12.4016
4077992 31.429
4092275 33.8232
4099553 17.2348
4111516 28.3292
4123570 28.5447
4126859 7.78859
4130241 8.00882
4143823 32.1632
4147265 8.1509
4154305 16.6712
4161354 16.6925
4168387 16.6546
4181343 30.6807
4193850 29.6175
4201673 18.5254
4207981 14.9378
4213020 11.9327
4216794 8.9371
4230523 32.5113
4236951 15.222
4250379 31.7985
4256787 15.1746
4267756 25.9754
4291356 55.8865
4299686 19.726
4310194 24.8837
4314047 9.12418
4325367 26.8066
4328035 6.31802
4335460 17.5829
4348283 30.3658
4364702 38.8814
4368814 9.73751
4377431 20.4057
4390760 31.564
4395948 12.2856
4406512 25.0163
4410231 8.80686
4413206 7.04501
4418285 12.0274
4426655 19.8208
4431407 11.2531
4451217 46.9115
4459236 18.9896
4467897 20.5099
4498205 71.7715
4506049 18.5752
4511704 13.3914
4517859 14.5755
4535509 41.7965
4544916 22.2765
4548206 7.79096
4550825 6.20198
4555692 11.5254
4562282 15.6056
4574512 28.9615
4587022 29.6246
4594832 18.4946
4605201 24.5545
4607693 5.90124
4615839 19.2903
4623979 19.2761
4636423 29.4683
4647151 25.4047
4653882 15.9395
4661991 19.2027
4664606 6.19251
4677411 30.3232
4683873 15.3025
4689150 12.4963
4695669 15.4375
4714800 45.3036
4720503 13.5051
4761487 97.0531
4782961 50.852
4788830 13.8982
4796079 17.1662
4801221 12.1766
4811172 23.5647
4842803 74.9045
4849960 16.9483
4857900 18.8025
4861060 7.48311
4872481 27.0457
4888160 37.129
4892697 10.7439
4895021 5.5034
4897270 5.32579
4914077 39.8002
4920729 15.7524
4934508 32.6297
4941365 16.2379
4951631 24.3106
4958887 17.1827
4964163 12.4939
4980818 39.4402
4992292 27.1713
4995844 8.41139
5002371 15.4564
5015922 32.0897
5021001 12.0274
5028776 18.4118
5033259 10.6161
5049801 39.1726
5055262 12.932
5070284 35.5732
5076868 15.5914
5079949 7.29603
5086315 15.0751
5093875 17.9026
5117305 55.4839
5128339 26.1293
5135189 16.2213
5144060 21.0072
5151901 18.5681
5160791 21.0522
5170466 22.9111
5174438 9.40598
5189995 36.8401
5197714 18.2791
5217527 46.9186
5229648 28.7034
5237001 17.4124
5247064 23.8299
5258171 26.3022
5264435 14.8336
5268172 8.84948
5272681 10.6776
5278160 12.9747
5287103 21.1777
5299136 28.495
5308374 21.8762
5323226 35.1706
5330187 16.4841
5341005 25.6178
5346600 13.2494
5353975 17.4645
5364132 24.0525
5374020 23.4155
5380788 16.0271
5387532 15.9703
5399968 29.4493
5404660 11.111
5413956 22.0136
5417381 8.11065
5422288 11.6201
5437705 36.5086
5454406 39.5492
5469937 36.7785
5478331 19.8776
5489900 27.3962
5493669 8.92526
5496412 6.49562
5518978 53.4379
5521762 6.59271
5530723 21.2203
5536043 12.5981
5543956 18.7386
5556580 29.8945
5575201 44.0959
5586451 26.6408
5593451 16.5765
5601708 19.5532
5612320 25.13
5620297 18.8901
5627906 18.0187
5638183 24.3367
5645297 16.8465
5650047 11.2483
5660429 24.5853
5677089 39.4521
5696858 46.8144
5700088 7.64887
5702610 5.97228
5714843 28.9686
5725012 24.0809
5731012 14.2084
5737336 14.9757
5739940 6.16646
5745627 13.4672
5749378 8.88264
5754228 11.4851
5766122 28.1658
5777596 27.1713
5781393 8.99157
5783747 5.57444
5787784 9.55991
5791683 9.23311
5797199 13.0623
5806548 22.1391
5815910 22.1699
5823237 17.3509
5828079 11.4662
5833687 13.2801
5835412 4.08492
5845150 23.0603
5851927 16.0484
5866493 34.4933
5876208 23.0058
5887616 27.015
5893141 13.0836
5900690 17.8766
5918691 42.6277
5922760 9.63568
5924774 4.7693
5934600 23.2687
5942600 18.9446
5947090 10.6326
5952914 13.7917
5959062 14.5589
5969190 23.9838
5972773 8.4848
5992231 46.0779
5999604 17.4598
6011318 27.7396
6020054 20.6875
6023631 8.47059
6039702 38.0573
6050313 25.1276
6056618 14.9307
6067500 25.7694
6082419 35.3293
6098176 37.3137
6102252 9.65226
6107699 12.8989
6115315 18.0352
6125891 25.0447
6129071 7.53047
6134016 11.7101
6141337 17.3367
6147014 13.4435
6152937 14.0261
6172435 46.1727
6178580 14.5518
6183799 12.359
6188775 11.7835
6198675 23.4439
6203107 10.4953
6209520 15.1864
6214335 11.4023
6227054 30.1195
6235494 19.9865
6246024 24.9358
6257672 27.5833
6262562 11.5799
6265650 7.31261
6278355 30.0864
6282602 10.0572
6286936 10.2632
6304346 41.2281
6319597 36.1155
6324136 10.7487
6343674 46.2674
6347155 8.24326
6357349 24.1401
6369021 27.6401
6374890 13.8982
6377202 5.47498
6395727 43.8685
6404914 21.7555
6414801 23.4131
6422201 17.5237
6429052 16.2237
6436293 17.1472
6441605 12.5792
6445048 8.15327
6455273 24.2135
6462722 17.6398
6465397 6.33459
6472522 16.8725
6483582 26.1909
6491603 18.9943
6506018 34.1358
6515295 21.9686
6519168 9.17154
6524315 12.1885
6531253 16.4297
6539118 18.6249
6546952 18.5515
6562888 37.7376
6572910 23.7328
6579979 16.7399
6594884 35.2961
6603712 20.9053
6609133 12.8373
6623965 35.1232
6627396 8.12485
6631696 10.1827
6637086 12.7639
6653668 39.2674
6658046 10.3674
6660790 6.49799
6670618 23.2734
6678888 19.584
6690287 26.9937
6695389 12.0819
6702679 17.2632
6708044 12.7047
6710981 6.95503
6718376 17.5119
6733025 34.6899
6740547 17.8126
6746258 13.5241
6773929 65.5269
6780339 15.1793
6789278 21.1682
6802969 32.4213
6808874 13.9835
6820553 27.6567
6827474 16.3894
6830611 7.42864
6842368 27.8414
6851929 22.6411
6858979 16.6949
6869537 25.0021
6888694 45.3652
6894632 14.0616
6932511 89.7002
6937568 11.9753
6955515 42.4998
6961316 13.7372
6965431 9.74462
6974438 21.3292
6979518 12.0298
6990751 26.6006
7000429 22.9182
7010389 23.586
7022059 27.6354
7027480 12.8373
7038584 26.2951
7043881 12.5437
7054309 24.6943
7060013 13.5075
7086965 63.8243
7093001 14.2937
7102101 21.5495
7116595 34.3228
7119644 7.22025
7124204 10.7984
7130220 14.2463
7137046 16.1645
7144505 17.6634
7149919 12.8207
7173065 54.8114
7176483 8.09407
7180486 9.47939
7195747 36.1391
7200360 10.9239
7215003 34.6757
7224818 23.2426
7228006 7.54941
7242951 35.3908
7254810 28.083
7262268 17.6611
7271633 22.177
7284543 30.5718
7290382 13.8272
7298477 19.1695
7308925 24.7416
7312901 9.41545
7319211 14.9425
7322620 8.07276
7344717 52.3273
7350427 13.5217
7355827 12.7876
7360376 10.7724
7367904 17.8268
7386504 44.0461
7390951 10.5308
7397859 16.3586
7415075 40.7687
7425117 23.7802
7431196 14.3955
7441839 25.2034
7458439 39.31
7463897 12.9249
7467599 8.7666
7482714 35.7934
7487326 10.9215
7492212 11.5704
7514728 53.3195
7522726 18.9398
7534357 27.543
7540525 14.6063
7549627 21.5542
7557151 17.8174
7561381 10.0169
7572924 27.3347
7584345 27.0457
7595927 27.427
7602267 15.0136
7628224 61.468
7633937 13.5288
7644607 25.2673
7649266 11.0328
7655563 14.9117
7659979 10.4574
7666827 16.2166
7681602 34.9883
7687154 13.1475
7690483 7.88331
7700090 22.7501
7705443 12.6763
7713070 18.0613
7728112 35.6205
7739434 26.8113
7744095 11.0376
7752293 19.4135
7757710 12.8278
7765773 19.0938
7794334 67.6345
7809877 36.8069
7819368 22.4754
7827419 19.0653
7836862 22.3617
7845839 21.2582
7860012 33.5627
7865497 12.9889
7871065 13.1854
7879172 19.198
7886635 17.6729
7903367 39.6226
7919796 38.9051
7928985 21.7602
7932822 9.08629
7937921 12.0748
7944198 14.8644
7956881 30.0343
7962322 12.8847
7968199 13.9172
7970597 5.67864
7981955 26.8966
7989184 17.1188
7999955 25.5065
8013600 32.3123
8016948 7.9283
8032964 37.927
8040867 18.7149
8054026 31.1615
8058700 11.0684
8074384 37.1408
8087112 30.1408
8095067 18.838
8109424 33.9984
8133861 57.8686
8141201 17.3816
8148228 16.6404
8171684 55.5455
8179278 17.9831
8184942 13.4128
8189986 11.9446
8203284 31.4906
8208419 12.16
8213610 12.2927
8221905 19.6432
8228120 14.7176
8231402 7.77201
8241306 23.4534
8251753 24.7392
8257087 12.6313
8267510 24.6824
8273138 13.3275
8278724 13.228
8294004 36.1841
8299444 12.8823
8304281 11.4544
8309493 12.3424
8326188 39.535
8336946 25.4757
8350414 31.8932
8353179 6.54772
8355908 6.46247
8372211 38.6067
8379677 17.68
8402080 53.0519
8405026 6.97634
8414922 23.4344
8421795 16.2758
8433829 28.4974
8441311 17.7179
8452385 26.224
8455235 6.749
8458909 8.7003
8460506 3.78181
8467710 17.0596
8477957 24.2656
8484941 16.5386
8489330 10.3935
8497869 20.221
8501487 8.56768
8510084 20.3583
8513679 8.51322
8520279 15.6293
8525423 12.1814
8532018 15.6174
8543162 26.3898
8560194 40.333
8569467 21.9591
8572843 7.99461
8580157 17.3201
8583373 7.61572
8594003 25.1726
8605043 26.1435
8611038 14.1966
8620169 21.6229
8624029 9.14076
8633002 21.2487
8640156 16.9412
8643657 8.29062
8669750 61.7901
8704094 81.3291
8707218 7.39786
8711438 9.99326
8721501 23.8299
8731471 23.6097
8743067 27.4602
8753582 24.9003
8757882 10.1827
8763036 12.205
8767625 10.8671
8776664 21.405
8788031 26.9179
8791768 8.84948
8795594 9.06024
8801604 14.2321
8807860 14.8147
8816268 19.9107
8818572 5.45604
8823293 11.1797
8832717 22.3167
8836525 9.01762
8842065 13.1191
8845701 8.61031
8850565 11.5183
8857515 16.4581
8866128 20.3962
8878798 30.0035
8887074 19.5982
8891206 9.78487
8895965 11.2697
8902519 15.5203
8907974 12.9178
8911532 8.4256
8913625 4.95637
8920662 16.6641
8926135 12.9605
8934342 19.4348
8941651 17.3082
8948302 15.75
8952642 10.2774
8958914 14.8525
8963232 10.2253
8985203 52.0289
8989092 9.20943
8996649 17.8955
9000158 8.30956
9008840 20.5596
9017538 20.5975
9022608 12.0061
9028740 14.521
9037196 20.0244
9047315 23.9625
9058630 26.7947
9084843 62.0743
9091529 15.8329
9095799 10.1117
9101461 13.408
9131252 70.5472
9141336 23.8796
