95493153 2261.35
185213502 2124.64
288114798 2436.78
372647839 2001.8
401886333 692.389
481229246 1878.9
504914528 560.885
606799007 2412.7
699083527 2185.36
794344708 2255.85
864309442 1656.82
905100905 965.971
944324052 928.832
995055722 1201.36
1028591477 794.151
1131584979 2438.96
1198989054 1596.18
1233945143 827.785
1294506970 1434.15
1323321708 682.354
1355213341 755.217
1423723420 1622.37
1454278268 723.561
1521322485 1587.66
1593200266 1702.12
1631819834 914.539
1681122167 1167.51
1706896272 610.349
1800417361 2214.65
1842923054 1006.57
1885690328 1012.76
1988528687 2435.29
2027658574 926.624
2053478371 611.431
2161834978 2565.96
2186650005 587.638
2246509232 1417.51
2332100372 2026.86
2360747772 678.391
2393804994 782.819
2415954343 524.513
2452565709 866.983
2520769947 1615.13
2570600769 1180.03
2630614642 1421.17
2674052001 1028.63
2771901538 2317.15
2804566316 773.525
2830286743 609.078
2936783441 2521.92
3028328974 2167.86
3159163565 3098.26
3248383180 2112.78
3279974152 748.097
3346907034 1585.02
3412457343 1552.28
3473780338 1452.17
3556347200 1955.24
3612261310 1324.09
3718693054 2520.38
3772567673 1275.79
3873031263 2379.05
3943584141 1670.74
3991362317 1131.42
4062558941 1685.99
4117574450 1302.81
4168071142 1195.8
4204563937 864.176
4242161326 890.333
4286030877 1038.86
111926991 2862.13
145061359 784.646
161919980 399.224
253779576 2175.3
362139378 2566.04
393916341 752.501
427622520 798.187
534654989 2534.61
685855892 3580.55
771182575 2020.6
854191666 1965.71
872481343 433.113
921580865 1162.71
996345629 1770.48
1041393617 1066.77
1114971685 1742.38
1291902659 4189.85
1325998005 807.402
1398117863 1707.85
1476697191 1860.81
1553061130 1808.35
1661491064 2567.7
1690196000 679.754
1753422301 1497.24
1854840186 2401.65
1927653487 1724.27
1965349963 892.68
2041358858 1799.95
2116388204 1776.75
2179932450 1504.77
2214776212 825.125
2273164125 1382.67
2298003180 588.207
2358703628 1437.43
2423444945 1533.12
2512987647 2120.44
2534728345 514.835
2600835109 1565.46
2680166953 1878.64
2803279790 2915.4
2851871943 1150.7
2948948939 2298.85
2980942603 757.633
3031186759 1189.82
3059839942 678.528
3143444479 1979.82
3203500281 1422.16
3240031898 865.095
3308005560 1609.67
3347295248 930.408
3479275911 3125.4
3581674287 2424.87
3631921581 1189.89
3744420755 2664.06
3904892387 3800.08
3956287822 1217.08
4059939140 2454.54
4233835458 4117.99
65422962 2996.91
159656692 2231.52
234602369 1774.77
293557219 1396.09
350576962 1350.27
368086046 414.628
392316355 573.791
491285238 2343.65
621603900 3086.04
707291927 2029.15
765307559 1373.85
800295063 828.529
849324887 1161.06
896272286 1111.75
1034748627 3279.22
1088503740 1272.96
1148858270 1429.24
1188873738 947.595
1307299966 2804.42
1365447801 1376.98
1452109331 2052.21
1489562219 886.911
1533655023 1044.15
1561012888 647.854
1617645175 1341.09
1688792738 1684.83
1790841380 2416.59
1826446446 843.154
1863151821 869.21
1957895046 2243.59
2000315840 1004.55
2021672207 505.734
2155814126 3176.58
2247883617 2180.27
2276624456 680.604
2303209052 629.542
2338805797 842.957
2369460518 725.926
2457839807 2092.89
2541469071 1980.4
2606085328 1530.16
2640180396 807.396
2720607277 1904.57
2786354846 1556.95
2842015057 1318.07
2908086766 1564.63
2940681728 771.872
3034626359 2224.68
3098005746 1500.87
3115427129 412.551
3193653364 1852.45
3224413948 728.433
3271636855 1118.27
3409363708 3261.47
3444239390 825.881
3484477525 952.868
3534006204 1172.87
3587875290 1275.66
3655463379 1600.53
3683937996 674.299
3747808825 1512.51
3775372207 652.721
3819325076 1040.84
3852023308 774.318
3877228065 596.867
3935222402 1373.35
4055043314 2837.45
4122247066 1591.43
21580709 4601.19
68536545 1111.95
107814492 930.13
199913459 2180.97
387829715 4449.99
547658830 3784.87
588425793 965.391
654066004 1554.41
796227362 3366.48
876583628 1902.89
933267596 1342.32
1060298264 3008.18
1094471240 809.241
1155368328 1442.09
1213289141 1371.61
1269353174 1327.64
1342221452 1725.57
1413984961 1699.41
1452861416 920.622
1585313215 3136.55
1624107311 918.672
1651917526 658.566
1676734975 587.695
1735111737 1382.4
1788594682 1266.51
1837188328 1150.73
1872680807 840.487
1955719498 1966.42
1990786886 830.421
2051275853 1432.42
2098126000 1109.45
2154386150 1332.28
2189829363 839.321
2263221698 1737.98
2305378032 998.292
2357521931 1234.81
2413027601 1314.41
2464842653 1227.02
2525107765 1427.12
2599220931 1755.05
2751329362 3602.04
2785075187 799.125
2867849055 1960.14
2911500172 1033.69
2936179452 584.423
3093910301 3735.18
3226597159 3142.12
3302731552 1802.92
3337402084 821.023
3384836567 1123.28
3458952765 1755.12
3483376437 578.37
3512514955 690.021
3569956908 1360.27
3696345071 2992.96
3874021736 4207.51
3927873920 1275.26
4005317227 1833.91
4098841451 2214.72
4139394505 960.325
4193381146 1278.44
4244897148 1219.94
3665039 1272.49
108055110 2472.03
169897460 1464.47
218314247 1146.54
315764505 2307.69
425538715 2599.53
498389631 1725.16
542916706 1054.43
592965418 1185.19
630921666 898.831
685579777 1294.34
752962886 1595.68
806937863 1278.17
877409851 1668.83
941730626 1523.16
1058125009 2756.3
1084897293 633.987
1122387006 887.783
1150965723 676.765
1186938243 851.855
1254631433 1603.02
1286836179 762.632
1358362925 1693.8
1449750471 2164.12
1474101217 576.643
1534646704 1433.76
1587920672 1261.57
1732940489 3434.17
1802555026 1648.52
1921014268 2805.2
1970043624 1161.05
2046265952 1805
2133110820 2056.55
2178675271 1079
2247504252 1629.92
2293713875 1094.28
2356254261 1481
2455623320 2353.13
2523216546 1600.66
2560799510 889.992
2625398814 1529.76
2764632075 3297.14
2854340761 2124.37
2904409226 1185.66
2923043396 441.271
2938526699 366.656
2988217603 1176.72
3033376994 1069.41
3121381758 2084.02
3161361878 946.758
3206595893 1071.17
3258704276 1233.96
3326367447 1602.31
3366843991 958.514
3521345677 3658.71
3547692153 623.903
3676566656 3051.84
3716659956 949.438
3742214948 605.161
3770347372 666.196
3832225583 1465.32
3934330502 2417.92
3979945510 1080.2
4110813635 3099.05
4202598058 2173.52
4287932525 2020.78
152967404 3788.97
267012707 2700.67
318974008 1230.48
356223282 882.09
403364112 1116.33
575850514 4084.6
609502697 796.908
786508205 4191.62
852491986 1562.54
900011175 1125.29
980301023 1901.32
1014483495 809.466
1041848600 648.025
1163749878 2886.71
1196780942 782.199
1223306058 628.134
1272533156 1165.73
1331786479 1403.16
1377660224 1086.32
1432764849 1304.92
1488326632 1315.74
1537438467 1163
1618813057 1927.01
1702840207 1989.82
1729586289 633.366
1782582803 1255
1803647387 498.824
1876556933 1726.55
1956987549 1904.65
2027372335 1666.76
2066702055 931.356
2174248033 2546.77
2246735551 1716.56
2305470783 1390.89
2493430649 4451.02
2583870019 2141.67
2656837901 1727.93
2746217610 2116.58
2859835917 2690.56
2930718459 1678.55
2983813570 1257.33
3026477644 1010.32
3068502631 995.182
3164969175 2284.4
3239291335 1760
3288641250 1168.64
3426858450 3273.08
3466464624 937.903
3507998811 983.559
3584998675 1823.41
3623162137 903.738
3654863845 750.719
3706526807 1223.42
3742385385 849.157
3787063708 1058.01
3825093930 900.583
3873371110 1143.24
3967654431 2232.7
4027881610 1426.22
4061866059 804.776
4242503057 4277.61
39541535 2178.76
98986704 1407.7
138003350 923.942
166756459 680.894
201166498 814.854
251649331 1195.47
287631884 852.093
367831030 1899.17
470585074 2433.29
499856455 693.167
595563864 2266.42
619727001 572.2
656624674 873.763
723304899 1579.04
767233236 1040.25
820159723 1253.34
841330905 501.349
870500981 690.768
972150142 2407.13
1012194510 948.279
1088421293 1805.11
1148528274 1423.38
1207463467 1395.63
1277141932 1650.04
1340215601 1493.63
1419959425 1888.39
1484999607 1540.2
1561272336 1806.19
1631626141 1666.03
1703008500 1690.39
1806129860 2441.99
1860324284 1283.36
1926968294 1578.18
2013824011 2056.81
2061645737 1132.45
2114026339 1240.41
2192430524 1856.67
2279267756 2056.37
2334711467 1312.95
2408696469 1752.02
2429971135 503.799
2510230980 1900.61
2535647477 601.881
2576891662 976.692
2600732301 564.563
2653912470 1259.34
2691100125 880.63
2736382208 1072.31
2805761342 1642.95
2906986768 2397.09
2949582091 1008.69
2983228984 796.783
3035892705 1247.11
3121552665 2028.49
3171006459 1171.1
3207543757 865.229
3250041448 1006.38
3295614818 1079.21
3328944612 789.273
3423335544 2235.25
3477413375 1280.6
3534632212 1354.98
3621019181 2045.71
3658001350 875.764
3690123602 760.678
3797680489 2547.02
3829076685 743.484
3894955702 1560.06
3924041334 688.769
3984233801 1425.4
4045681375 1455.12
4083176631 887.915
4113450427 716.905
4210903448 2307.76
4269091602 1377.94
11550063 886.269
116652687 2488.91
169783003 1258.16
232215999 1478.46
288061641 1322.46
324949651 873.535
432502349 2546.93
496074229 1505.43
535893060 942.939
569615065 798.561
726905064 3724.74
803321401 1809.59
863744129 1430.85
941559504 1842.72
974815554 787.527
1044809787 1657.51
1092569348 1130.98
1137448293 1062.77
1184905859 1123.83
1281209519 2280.54
1400712977 2829.93
1451373627 1199.68
1508904864 1362.38
1581005130 1707.39
1631967421 1206.82
1663567636 748.316
1776349274 2670.75
1812129009 847.29
1845535437 791.088
1926749352 1923.2
2006046909 1877.82
2100709069 2241.67
2236641465 3218.98
2407641932 4049.41
2486230949 1861.04
2518130401 755.402
2568195968 1185.59
2625296226 1352.18
2703081720 1842.02
2743933269 967.394
2789555230 1080.36
2832739917 1022.64
2906061847 1736.32
2997078834 2155.35
3041582654 1053.88
3123993338 1951.54
3160994410 876.212
3254438201 2212.82
3372207886 2788.87
3422730108 1196.4
3501706747 1870.22
3535703359 805.064
3583530114 1132.57
3623932097 956.748
3727540243 2453.52
3757016005 698.007
3836404702 1879.98
3879900303 1030.01
3948403311 1622.2
3987950843 936.514
4024368058 862.386
4137722467 2684.31
4188775623 1208.98
4228059823 930.278
4284403038 1334.25
58255424 1629.7
213402001 3673.98
272973026 1410.68
298059428 594.064
447375950 3535.92
474340610 638.543
502474469 666.23
550272089 1131.88
632887905 1956.4
665485122 771.926
713894917 1146.38
756846562 1017.13
821126108 1522.19
884077954 1490.74
1063824704 4256.53
1159142825 2257.2
1200220700 972.754
1243742454 1030.63
1284061838 954.792
1343628985 1410.59
1413399178 1652.21
1519360250 2509.23
1630174216 2624.15
1672935043 1012.61
1740094612 1590.39
1773458458 790.08
1915998699 3375.46
1977124783 1447.51
2033825365 1342.71
2100153705 1570.7
2227436894 3014.16
2290591840 1495.55
2324795415 809.965
2419173571 2234.94
2507496040 2091.54
2551098483 1032.54
2633093548 1941.7
2659793150 632.266
2714014297 1284
2812248298 2326.25
2893954840 1934.87
2931190294 881.762
2977324893 1092.5
3023259649 1087.77
3118256327 2249.59
3151771873 793.672
3209833516 1374.94
3249414391 937.304
3319935512 1669.99
3379788850 1417.37
3410573501 729.003
3451269302 963.706
3508424226 1353.47
3559433602 1207.94
3578748715 457.396
3629544151 1202.87
3772981822 3396.71
3825753761 1249.68
3883858526 1375.96
3929231799 1074.47
3959489334 716.52
4023553852 1517.09
4055431898 754.895
4129276295 1748.69
4186957751 1365.94
24640448 3141.25
57846960 786.354
106172341 1144.38
177392819 1686.55
215371849 899.371
251226973 849.075
280955353 703.989
325424298 1053.06
372082430 1104.9
451035483 1869.67
476003019 591.249
506676812 726.377
536389840 703.626
554817505 436.38
608675022 1275.38
636306520 654.334
697955502 1459.89
729722288 752.26
909275783 4251.96
986190575 1821.4
1094653341 2568.48
1123546561 684.212
1298603106 4145.46
1357380436 1391.89
1452635411 2255.71
1499148918 1101.47
1519128837 473.139
1571135898 1231.56
1644677509 1741.52
1691748966 1114.69
1749293504 1362.7
1855229144 2508.63
1900036419 1061.07
1970646644 1672.1
2090273318 2832.85
2167781988 1835.46
2248063724 1901.13
2403391147 3678.27
2453152474 1178.38
2508843119 1318.79
2587850643 1870.95
2658097812 1663.5
2698163947 948.795
2800252870 2417.54
2860059316 1416.26
2930446369 1666.82
3052300183 2885.59
3089103650 871.533
3144080799 1301.9
3193662006 1174.12
3236673989 1018.55
3273937406 882.424
3302399207 673.996
3364940072 1481.01
3417063515 1234.32
3544117885 3008.74
3594154320 1184.9
3660944435 1581.64
3699331807 909.041
3770258149 1679.59
3822772223 1243.57
3942226225 2828.76
3982720287 958.928
4132630365 3549.98
4175930978 1025.39
4214477403 912.807
4248258960 799.972
89723294 3230.8
162745593 1729.22
198893959 856.019
304391683 2498.26
348066038 1034.24
400950666 1252.35
490294507 2115.73
522378850 759.78
583616486 1450.15
617854387 810.778
657313078 934.41
824995474 3970.84
853900778 684.498
910985512 1351.81
976136275 1542.82
1051804602 1791.88
1074725666 542.787
1120377800 1081.08
1143629250 550.611
1206138163 1480.26
1246752071 961.767
1303370127 1340.76
1319690198 386.471
1428207937 2569.78
1609420174 4291.24
1634191872 586.612
1752794351 2808.59
1782675108 707.598
1864168665 1929.83
1934869462 1674.25
2055636084 2859.84
2112620486 1349.43
2291851828 4244.33
2343142736 1214.61
2453341116 2609.58
2575118463 2883.78
2680173563 2487.78
2804910243 2953.85
2898984138 2227.74
2935685993 869.126
2994278966 1387.52
3028158123 802.283
3098955868 1676.54
3204757730 2505.46
3377724847 4095.99
3405538653 658.651
3498579242 2203.27
3534010564 839.039
3589000689 1302.21
3681470361 2189.75
3790968983 2593.01
3838615569 1128.31
3901099972 1479.68
4002187473 2393.82
4072872131 1673.86
4214607822 3356.4
4247679850 783.169
2431256 1177.37
95486039 2203.6
166497450 1681.6
221530763 1303.23
283391848 1464.91
318924926 841.449
394514972 1790.03
496343414 2411.37
567836739 1693.01
611763447 1040.22
631036009 456.388
715476471 1999.61
748477034 781.477
799557404 1209.62
830648016 736.248
962244574 3116.3
1031687267 1644.45
1095450334 1509.96
1138247465 1013.47
1186620259 1145.5
1232305882 1081.87
1269421205 878.918
1308611721 928.06
1376182451 1600.12
1481381410 2491.19
1581781641 2377.55
1632095383 1191.47
1779755539 3496.7
1826942925 1117.43
2030603710 4822.83
2121571340 2154.18
2172785253 1212.78
2315214153 3372.82
2352583096 884.923
2452573047 2367.83
2511777448 1402
2551976795 951.949
2646993928 2250.07
2848912901 4781.59
2884933138 852.985
2980573330 2264.83
3020082996 935.617
3081171130 1446.61
3285246070 4832.64
3374061779 2103.22
3429505181 1312.94
3463335027 801.115
3525337907 1468.27
3572847790 1125.07
3613285827 957.602
3661364876 1138.55
3716505676 1305.77
3746009967 698.683
3809359220 1500.16
3872850585 1503.52
3896234784 553.755
4058618509 3845.36
4144832580 2041.61
4192254397 1122.98
4240944994 1153.03
26482486 1906.41
63255282 870.806
134125230 1678.25
303503382 4011
352688944 1164.75
377193984 580.297
425083538 1134.06
448668238 558.503
486117106 886.816
616678670 3091.79
658309121 985.839
694184500 849.555
744225814 1185.01
853482718 2587.28
1056203247 4800.57
1111947102 1320.05
1170226121 1380.09
1242679308 1715.74
1282134008 934.316
1331256967 1163.27
1394721287 1502.88
1452863500 1376.85
1614338067 3823.83
1724247913 2602.74
1834919279 2620.78
1873396372 911.165
1943721186 1665.34
1979054577 836.72
2034127693 1304.17
2077126830 1018.25
2128385195 1213.83
2170223158 990.753
2196124108 613.353
2306913305 2623.57
2406051742 2347.67
2436762497 727.253
2510576431 1747.97
2544854461 811.728
2583439117 913.712
2745593638 3839.94
2779807281 810.204
2877618752 2316.25
2917657614 948.149
2948938664 740.758
2979490880 723.498
3003405061 566.305
3056840370 1265.39
3076721936 470.81
3120166083 1028.79
3168111624 1135.38
3206184318 901.589
3290530552 1997.38
3362686326 1708.7
3451586799 2105.23
3519513208 1608.55
3553840168 812.887
3595973705 997.752
3656129017 1424.52
3760597207 2473.88
3839074795 1858.41
3911076261 1705.05
3946361657 835.584
4044747565 2329.85
4124054166 1878.04
4187485750 1502.11
4214105314 630.37
15181943 2274.39
91635900 1810.48
127974753 860.53
195282444 1593.89
270484461 1780.84
303858928 790.331
343316963 934.395
391069238 1130.81
411869784 492.572
478261303 1572.2
523236200 1065.04
636802263 2689.33
698478416 1460.54
740054704 984.556
785311537 1071.71
845165277 1417.38
886873024 987.669
906015843 453.316
971308980 1546.19
1044166830 1725.33
1106599691 1478.46
1162189150 1316.4
1199522356 884.077
1256667218 1353.23
1282743987 617.517
1413190291 3089.06
1445376659 762.196
1480368372 828.629
1555538975 1780.09
1620272515 1532.94
1656095052 848.303
1694863414 918.063
1728119704 787.533
1808216756 1896.76
1879969243 1699.15
2176245520 7016.04
2211265159 829.29
2263215892 1230.23
2336932111 1745.65
2386275056 1168.48
2490642208 2471.49
2540359385 1177.34
2617841589 1834.83
2649686810 754.118
2707223796 1362.52
2756159023 1158.82
2843828155 2076.07
2863756260 471.912
2971004419 2539.71
3013967013 1017.39
3053532486 936.939
3126403819 1725.65
3187249216 1440.86
3238740298 1219.35
3291525207 1249.98
3380083110 2097.11
3426023321 1087.9
3641097150 5093.1
3726434685 2020.85
3771700260 1071.92
3833321225 1459.23
3886917121 1269.19
3936138786 1165.6
4031879752 2267.21
4140243121 2566.12
4180562487 954.792
4290664346 2607.29
17707071 521.213
91127177 1738.64
135476580 1050.23
184506944 1161.07
221685113 880.406
296892534 1780.97
319972092 546.541
367228850 1119.07
440211693 1728.29
501551112 1452.56
592241478 2147.61
715982176 2930.27
749633212 796.881
776562154 637.697
834688964 1376.48
889644368 1301.38
912838966 549.265
968075793 1308.05
1031258728 1496.22
1144045471 2670.87
1224778286 1911.81
1271198491 1099.26
1299286157 665.136
1342119254 1014.32
1397437918 1309.99
1467590154 1661.26
1492426122 588.134
1561458472 1634.74
1599117302 891.788
1689733218 2145.85
1746879108 1353.26
1825279880 1856.59
1907943903 1957.54
2034560136 2998.36
2089750958 1306.96
2175084709 2020.76
2287280802 2656.88
2425289317 3268.14
2610759308 4392.06
2645858368 831.171
2700975983 1305.22
2734975872 805.142
2868344009 3158.25
2906076528 893.533
2942349062 858.96
3001481633 1400.3
3047230997 1083.38
3123307585 1801.55
3279353818 3695.29
3322685333 1026.12
3357863933 833.055
3397946743 949.19
3482225648 1995.79
3511976169 704.514
3615897140 2460.92
3648818664 779.605
3706793736 1372.89
3781158863 1761.02
3839619084 1384.38
3926423861 2055.6
4027014333 2382.05
4053802144 634.355
4068012253 336.506
4164761472 2291.09
4244107786 1878.98
44463607 2257.32
120874019 1809.45
168736562 1133.42
273188735 2473.5
336165189 1491.33
424126577 2082.99
505979986 1938.35
580834420 1772.61
624551718 1035.26
694092071 1646.77
737595700 1030.2
916049273 4225.91
994007003 1846.1
1045261660 1213.75
1138481746 2207.52
1212555300 1754.12
1261521418 1159.55
1308686147 1116.89
1392930813 1994.97
1432602263 939.448
1473174240 960.774
1531024668 1369.94
1636996437 2509.49
1727749706 2149.1
1788918175 1448.51
1906953668 2795.17
1971287731 1523.48
2030840399 1410.25
