0 0
0.314159 0.309017
0.628319 0.587785
0.942478 0.809017
1.25664 0.951057
1.5708 1
1.88496 0.951057
2.19911 0.809017
2.51327 0.587785
2.82743 0.309017
3.14159 0


0 0
0.314159 0.294417
0.628319 0.560014
0.942478 0.770793
1.25664 0.906122
1.5708 0.952753
1.88496 0.906122
2.19911 0.770793
2.51327 0.560014
2.82743 0.294417
3.14159 0


0 0
0.314159 0.280506
0.628319 0.533555
0.942478 0.734375
1.25664 0.86331
1.5708 0.907738
1.88496 0.86331
2.19911 0.734375
2.51327 0.533555
2.82743 0.280506
3.14159 0


0 0
0.314159 0.267253
0.628319 0.508346
0.942478 0.699678
1.25664 0.822521
1.5708 0.86485
1.88496 0.822521
2.19911 0.699678
2.51327 0.508346
2.82743 0.267253
3.14159 0


0 0
0.314159 0.254626
0.628319 0.484328
0.942478 0.666621
1.25664 0.783659
1.5708 0.823988
1.88496 0.783659
2.19911 0.666621
2.51327 0.484328
2.82743 0.254626
3.14159 0


0 0
0.314159 0.242596
0.628319 0.461445
0.942478 0.635125
1.25664 0.746634
1.5708 0.785057
1.88496 0.746634
2.19911 0.635125
2.51327 0.461445
2.82743 0.242596
3.14159 0


0 0
0.314159 0.231134
0.628319 0.439643
0.942478 0.605117
1.25664 0.711358
1.5708 0.747966
1.88496 0.711358
2.19911 0.605117
2.51327 0.439643
2.82743 0.231134
3.14159 0


0 0
0.314159 0.220214
0.628319 0.418871
0.942478 0.576527
1.25664 0.677748
1.5708 0.712626
1.88496 0.677748
2.19911 0.576527
2.51327 0.418871
2.82743 0.220214
3.14159 0


0 0
0.314159 0.209809
0.628319 0.399081
0.942478 0.549288
1.25664 0.645726
1.5708 0.678957
1.88496 0.645726
2.19911 0.549288
2.51327 0.399081
2.82743 0.209809
3.14159 0


0 0
0.314159 0.199896
0.628319 0.380225
0.942478 0.523335
1.25664 0.615218
1.5708 0.646878
1.88496 0.615218
2.19911 0.523335
2.51327 0.380225
2.82743 0.199896
3.14159 0


0 0
0.314159 0.190452
0.628319 0.362261
0.942478 0.498609
1.25664 0.58615
1.5708 0.616315
1.88496 0.58615
2.19911 0.498609
2.51327 0.362261
2.82743 0.190452
3.14159 0
