0 0
0.314159 0.309017
0.628319 0.587785
0.942478 0.809017
1.25664 0.951057
1.5708 1
1.88496 0.951057
2.19911 0.809017
2.51327 0.587785
2.82743 0.309017
3.14159 0


0 0
0.314159 0.294064
0.628319 0.559342
0.942478 0.769868
1.25664 0.905035
1.5708 0.95161
1.88496 0.905035
2.19911 0.769868
2.51327 0.559342
2.82743 0.294064
3.14159 0


0 0
0.314159 0.279834
0.628319 0.532275
0.942478 0.732614
1.25664 0.86124
1.5708 0.905561
1.88496 0.86124
2.19911 0.732614
2.51327 0.532275
2.82743 0.279834
3.14159 0


0 0
0.314159 0.266293
0.628319 0.506518
0.942478 0.697163
1.25664 0.819564
1.5708 0.861741
1.88496 0.819564
2.19911 0.697163
2.51327 0.506518
2.82743 0.266293
3.14159 0


0 0
0.314159 0.253407
0.628319 0.482008
0.942478 0.663427
1.25664 0.779905
1.5708 0.820041
1.88496 0.779905
2.19911 0.663427
2.51327 0.482008
2.82743 0.253407
3.14159 0


0 0
0.314159 0.241144
0.628319 0.458683
0.942478 0.631324
1.25664 0.742165
1.5708 0.780359
1.88496 0.742165
2.19911 0.631324
2.51327 0.458683
2.82743 0.241144
3.14159 0


0 0
0.314159 0.229475
0.628319 0.436488
0.942478 0.600774
1.25664 0.706252
1.5708 0.742597
1.88496 0.706252
2.19911 0.600774
2.51327 0.436488
2.82743 0.229475
3.14159 0


0 0
0.314159 0.218371
0.628319 0.415366
0.942478 0.571702
1.25664 0.672076
1.5708 0.706663
1.88496 0.672076
2.19911 0.571702
2.51327 0.415366
2.82743 0.218371
3.14159 0


0 0
0.314159 0.207804
0.628319 0.395266
0.942478 0.544037
1.25664 0.639554
1.5708 0.672467
1.88496 0.639554
2.19911 0.544037
2.51327 0.395266
2.82743 0.207804
3.14159 0


0 0
0.314159 0.197748
0.628319 0.376139
0.942478 0.517711
1.25664 0.608606
1.5708 0.639926
1.88496 0.608606
2.19911 0.517711
2.51327 0.376139
2.82743 0.197748
3.14159 0


0 0
0.314159 0.188179
0.628319 0.357938
0.942478 0.492659
1.25664 0.579155
1.5708 0.60896
1.88496 0.579155
2.19911 0.492659
2.51327 0.357938
2.82743 0.188179
3.14159 0
