0 0
0.314159 0.309017
0.628319 0.587785
0.942478 0.809017
1.25664 0.951057
1.5708 1
1.88496 0.951057
2.19911 0.809017
2.51327 0.587785
2.82743 0.309017
3.14159 0


0 0
0.314159 0.293946
0.628319 0.559119
0.942478 0.769561
1.25664 0.904673
1.5708 0.951229
1.88496 0.904673
2.19911 0.769561
2.51327 0.559119
2.82743 0.293946
3.14159 0


0 0
0.314159 0.27961
0.628319 0.53185
0.942478 0.732029
1.25664 0.860552
1.5708 0.904837
1.88496 0.860552
2.19911 0.732029
2.51327 0.53185
2.82743 0.27961
3.14159 0


0 0
0.314159 0.265973
0.628319 0.505911
0.942478 0.696327
1.25664 0.818582
1.5708 0.860708
1.88496 0.818582
2.19911 0.696327
2.51327 0.505911
2.82743 0.265973
3.14159 0


0 0
0.314159 0.253002
0.628319 0.481238
0.942478 0.662367
1.25664 0.778659
1.5708 0.818731
1.88496 0.778659
2.19911 0.662367
2.51327 0.481238
2.82743 0.253002
3.14159 0


0 0
0.314159 0.240663
0.628319 0.457768
0.942478 0.630063
1.25664 0.740684
1.5708 0.778801
1.88496 0.740684
2.19911 0.630063
2.51327 0.457768
2.82743 0.240663
3.14159 0


0 0
0.314159 0.228925
0.628319 0.435442
0.942478 0.599335
1.25664 0.70456
1.5708 0.740818
1.88496 0.70456
2.19911 0.599335
2.51327 0.435442
2.82743 0.228925
3.14159 0


0 0
0.314159 0.217761
0.628319 0.414205
0.942478 0.570105
1.25664 0.670198
1.5708 0.704688
1.88496 0.670198
2.19911 0.570105
2.51327 0.414205
2.82743 0.217761
3.14159 0


0 0
0.314159 0.20714
0.628319 0.394004
0.942478 0.5423
1.25664 0.637512
1.5708 0.67032
1.88496 0.637512
2.19911 0.5423
2.51327 0.394004
2.82743 0.20714
3.14159 0


0 0
0.314159 0.197038
0.628319 0.374788
0.942478 0.515852
1.25664 0.60642
1.5708 0.637628
1.88496 0.60642
2.19911 0.515852
2.51327 0.374788
2.82743 0.197038
3.14159 0


0 0
0.314159 0.187428
0.628319 0.35651
0.942478 0.490694
1.25664 0.576845
1.5708 0.606531
1.88496 0.576845
2.19911 0.490694
2.51327 0.35651
2.82743 0.187428
3.14159 0


