0 0
0.314159 0.309017
0.628319 0.587785
0.942478 0.809017
1.25664 0.951057
1.5708 1
1.88496 0.951057
2.19911 0.809017
2.51327 0.587785
2.82743 0.309017
3.14159 0


0 0
0.314159 0.293693
0.628319 0.558637
0.942478 0.768898
1.25664 0.903894
1.5708 0.95041
1.88496 0.903894
2.19911 0.768898
2.51327 0.558637
2.82743 0.293693
3.14159 0


0 0
0.314159 0.279129
0.628319 0.530934
0.942478 0.730768
1.25664 0.859069
1.5708 0.903279
1.88496 0.859069
2.19911 0.730768
2.51327 0.530934
2.82743 0.279129
3.14159 0


0 0
0.314159 0.265287
0.628319 0.504605
0.942478 0.694529
1.25664 0.816468
1.5708 0.858485
1.88496 0.816468
2.19911 0.694529
2.51327 0.504605
2.82743 0.265287
3.14159 0


0 0
0.314159 0.252131
0.628319 0.479582
0.942478 0.660087
1.25664 0.775979
1.5708 0.815913
1.88496 0.775979
2.19911 0.660087
2.51327 0.479582
2.82743 0.252131
3.14159 0


0 0
0.314159 0.239628
0.628319 0.455799
0.942478 0.627354
1.25664 0.737498
1.5708 0.775452
1.88496 0.737498
2.19911 0.627354
2.51327 0.455799
2.82743 0.239628
3.14159 0


0 0
0.314159 0.227745
0.628319 0.433196
0.942478 0.596243
1.25664 0.700926
1.5708 0.736997
1.88496 0.700926
2.19911 0.596243
2.51327 0.433196
2.82743 0.227745
3.14159 0


0 0
0.314159 0.216451
0.628319 0.411714
0.942478 0.566675
1.25664 0.666167
1.5708 0.700449
1.88496 0.666167
2.19911 0.566675
2.51327 0.411714
2.82743 0.216451
3.14159 0


0 0
0.314159 0.205717
0.628319 0.391297
0.942478 0.538574
1.25664 0.633131
1.5708 0.665714
1.88496 0.633131
2.19911 0.538574
2.51327 0.391297
2.82743 0.205717
3.14159 0


0 0
0.314159 0.195515
0.628319 0.371892
0.942478 0.511866
1.25664 0.601734
1.5708 0.632701
1.88496 0.601734
2.19911 0.511866
2.51327 0.371892
2.82743 0.195515
3.14159 0


0 0
0.314159 0.18582
0.628319 0.35345
0.942478 0.486482
1.25664 0.571894
1.5708 0.601325
1.88496 0.571894
2.19911 0.486482
2.51327 0.35345
2.82743 0.18582
3.14159 0
