### Program Gauss-Seidel untuk menyelesaikan SPL Ax=b ###
Matriks A : 
2	-1	1	
2	2	2	
-1	-1	2	
Vektor b : 
-1	4	-5	
Tebakan awal x(k=0): 
0 0 0 
epsilon : 1e-05
Nilai barisan solusi x(k) dan epsilon : 
-0.5000  2.5000 -1.5000 	1
 1.5000  2.0000 -0.7500 	1
 0.8750  1.8750 -1.1250 	0.333333
 1.0000  2.1250 -0.9375 	0.117647
 1.0312  1.9062 -1.0312 	0.114754
 0.9688  2.0625 -0.9844 	0.0757576
 1.0234  1.9609 -1.0078 	0.0517928
 0.9844  2.0234 -0.9961 	0.030888
 1.0098  1.9863 -1.0020 	0.0186824
 0.9941  2.0078 -0.9990 	0.0107004
 1.0034  1.9956 -1.0005 	0.00611696
 0.9980  2.0024 -0.9998 	0.0034138
 1.0011  1.9987 -1.0001 	0.00189336
 0.9994  2.0007 -0.9999 	0.00103722
 1.0003  1.9996 -1.0000 	0.000564687
 0.9998  2.0002 -1.0000 	0.000305143
 1.0001  1.9999 -1.0000 	0.000164041
 0.9999  2.0001 -1.0000 	8.77354e-05
 1.0000  2.0000 -1.0000 	4.67308e-05
 1.0000  2.0000 -1.0000 	2.47953e-05
 1.0000  2.0000 -1.0000 	1.31131e-05
 1.0000  2.0000 -1.0000 	6.91412e-06
Jumlah iterasi : 22
