### Program Jacobi untuk menyelesaikan SPL Ax=b ###
Matriks A : 
2	-1	1	
2	2	2	
-1	-1	2	
Vektor b : 
-1	4	-5	
Tebakan awal x(k=0): 
0 0 0 
epsilon : 1e-05
Nilai barisan solusi x(k) dan epsilon : 
-0.5000  2.0000 -2.5000 	1
 1.7500  5.0000 -1.7500 	0.6
 2.8750  2.0000  0.8750 	1.04348
 0.0625 -1.7500 -0.0625 	2.14286
-1.3438  2.0000 -3.3438 	1.1215
 2.1719  6.6875 -2.1719 	0.700935
 3.9297  2.0000  1.9297 	1.19284
-0.4648 -3.8594  0.4648 	1.51822
-2.6621  2.0000 -4.6621 	1.25681
 2.8311  9.3242 -2.8311 	0.785505
 5.5776  2.0000  3.5776 	1.31314
-1.2888 -7.1553  1.2888 	1.27951
-4.7220  2.0000 -6.7220 	1.36198
 3.8610 13.4441 -3.8610 	0.851236
 8.1526  2.0000  6.1526 	1.40374
-2.5763 -12.3051  2.5763 	1.16253
-7.9407  2.0000 -9.9407 	1.43905
 5.4703 19.8814 -5.4703 	0.899403
12.1759  2.0000 10.1759 	1.46859
-4.5879 -20.3517  4.5879 	1.09827
-12.9698  2.0000 -14.9698 	1.49312
 7.9849 29.9397 -7.9849 	0.933199
18.4623  2.0000 16.4623 	1.51334
-7.7311 -32.9246  7.7311 	1.06074
-20.8279  2.0000 -22.8279 	1.52991
Jumlah iterasi : 25
