0 1
0.005 1
0.01 1.00012
0.015 1.00038
0.02 1.00075
0.025 1.00125
0.03 1.00188
0.035 1.00263
0.04 1.0035
0.045 1.0045
0.05 1.00562
0.055 1.00687
0.06 1.00825
0.065 1.00975
0.07 1.01137
0.075 1.01312
0.08 1.015
0.085 1.017
0.09 1.01912
0.095 1.02137
0.1 1.02375
0.105 1.02625
0.11 1.02887
0.115 1.03163
0.12 1.0345
0.125 1.0375
0.13 1.04062
0.135 1.04387
0.14 1.04725
0.145 1.05075
0.15 1.05437
0.155 1.05812
0.16 1.062
0.165 1.066
0.17 1.07012
0.175 1.07437
0.18 1.07875
0.185 1.08325
0.19 1.08787
0.195 1.09262
0.2 1.0975
0.205 1.1025
0.21 1.10762
0.215 1.11287
0.22 1.11825
0.225 1.12375
0.23 1.12937
0.235 1.13512
0.24 1.141
0.245 1.147
0.25 1.15312
0.255 1.15937
0.26 1.16575
0.265 1.17225
0.27 1.17887
0.275 1.18562
0.28 1.1925
0.285 1.1995
0.29 1.20662
0.295 1.21387
0.3 1.22125
0.305 1.22875
0.31 1.23637
0.315 1.24412
0.32 1.252
0.325 1.26
0.33 1.26812
0.335 1.27637
0.34 1.28475
0.345 1.29325
0.35 1.30187
0.355 1.31062
0.36 1.3195
0.365 1.3285
0.37 1.33762
0.375 1.34687
0.38 1.35625
0.385 1.36575
0.39 1.37537
0.395 1.38512
0.4 1.395
0.405 1.405
0.41 1.41512
0.415 1.42537
0.42 1.43575
0.425 1.44625
0.43 1.45687
0.435 1.46762
0.44 1.4785
0.445 1.4895
0.45 1.50062
0.455 1.51187
0.46 1.52325
0.465 1.53475
0.47 1.54637
0.475 1.55812
0.48 1.57
0.485 1.582
0.49 1.59412
0.495 1.60637
0.5 1.61875
0.505 1.63125
0.51 1.64387
0.515 1.65663
0.52 1.6695
0.525 1.6825
0.53 1.69562
0.535 1.70887
0.54 1.72225
0.545 1.73575
0.55 1.74937
0.555 1.76312
0.56 1.777
0.565 1.791
0.57 1.80512
0.575 1.81937
0.58 1.83375
0.585 1.84825
0.59 1.86288
0.595 1.87763
0.6 1.8925
0.605 1.9075
0.61 1.92263
0.615 1.93788
0.62 1.95325
0.625 1.96875
0.63 1.98438
0.635 2.00013
0.64 2.016
0.645 2.032
0.65 2.04813
0.655 2.06438
0.66 2.08075
0.665 2.09725
0.67 2.11388
0.675 2.13063
0.68 2.1475
0.685 2.1645
0.69 2.18163
0.695 2.19888
0.7 2.21625
0.705 2.23375
0.71 2.25138
0.715 2.26913
0.72 2.287
0.725 2.305
0.73 2.32313
0.735 2.34138
0.74 2.35975
0.745 2.37825
0.75 2.39688
0.755 2.41563
0.76 2.4345
0.765 2.4535
0.77 2.47263
0.775 2.49188
0.78 2.51125
0.785 2.53075
0.79 2.55038
0.795 2.57013
0.8 2.59
0.805 2.61
0.81 2.63013
0.815 2.65038
0.82 2.67075
0.825 2.69125
0.83 2.71188
0.835 2.73263
0.84 2.7535
0.845 2.7745
0.85 2.79563
0.855 2.81688
0.86 2.83825
0.865 2.85975
0.87 2.88138
0.875 2.90313
0.88 2.925
0.885 2.947
0.89 2.96913
0.895 2.99138
0.9 3.01375
0.905 3.03625
0.91 3.05888
0.915 3.08163
0.92 3.1045
0.925 3.1275
0.93 3.15063
0.935 3.17388
0.94 3.19725
0.945 3.22075
0.95 3.24438
0.955 3.26813
0.96 3.292
0.965 3.316
0.97 3.34013
0.975 3.36438
0.98 3.38875
0.985 3.41325
0.99 3.43788
0.995 3.46263
1 3.4875
1.005 3.5125
1.01 3.53763
1.015 3.56288
1.02 3.58825
1.025 3.61375
1.03 3.63938
1.035 3.66513
1.04 3.691
1.045 3.717
1.05 3.74313
1.055 3.76938
1.06 3.79575
1.065 3.82225
1.07 3.84888
1.075 3.87563
1.08 3.9025
1.085 3.9295
1.09 3.95663
1.095 3.98388
1.1 4.01125
1.105 4.03875
1.11 4.06637
1.115 4.09413
1.12 4.122
1.125 4.15
1.13 4.17812
1.135 4.20637
1.14 4.23475
1.145 4.26325
1.15 4.29187
1.155 4.32062
1.16 4.3495
1.165 4.3785
1.17 4.40762
1.175 4.43687
1.18 4.46625
1.185 4.49575
1.19 4.52537
1.195 4.55512
1.2 4.585
1.205 4.615
1.21 4.64512
1.215 4.67537
1.22 4.70575
1.225 4.73625
1.23 4.76687
1.235 4.79762
1.24 4.8285
1.245 4.8595
1.25 4.89062
1.255 4.92187
1.26 4.95325
1.265 4.98475
1.27 5.01637
1.275 5.04812
1.28 5.08
1.285 5.112
1.29 5.14412
1.295 5.17637
1.3 5.20875
1.305 5.24125
1.31 5.27387
1.315 5.30662
1.32 5.3395
1.325 5.3725
1.33 5.40562
1.335 5.43887
1.34 5.47225
1.345 5.50575
1.35 5.53937
1.355 5.57312
1.36 5.607
1.365 5.641
1.37 5.67512
1.375 5.70937
1.38 5.74375
1.385 5.77825
1.39 5.81287
1.395 5.84762
1.4 5.8825
1.405 5.9175
1.41 5.95262
1.415 5.98787
1.42 6.02325
1.425 6.05875
1.43 6.09437
1.435 6.13012
1.44 6.166
1.445 6.202
1.45 6.23812
1.455 6.27437
1.46 6.31075
1.465 6.34725
1.47 6.38387
1.475 6.42062
1.48 6.4575
1.485 6.4945
1.49 6.53162
1.495 6.56887
1.5 6.60625
1.505 6.64375
1.51 6.68137
1.515 6.71912
1.52 6.757
1.525 6.795
1.53 6.83312
1.535 6.87137
1.54 6.90975
1.545 6.94825
1.55 6.98687
1.555 7.02562
1.56 7.0645
1.565 7.1035
1.57 7.14262
1.575 7.18187
1.58 7.22125
1.585 7.26075
1.59 7.30037
1.595 7.34012
1.6 7.38
1.605 7.42
1.61 7.46012
1.615 7.50037
1.62 7.54075
1.625 7.58125
1.63 7.62187
1.635 7.66262
1.64 7.7035
1.645 7.7445
1.65 7.78562
1.655 7.82687
1.66 7.86825
1.665 7.90975
1.67 7.95137
1.675 7.99312
1.68 8.035
1.685 8.077
1.69 8.11912
1.695 8.16137
1.7 8.20375
1.705 8.24625
1.71 8.28887
1.715 8.33162
1.72 8.3745
1.725 8.4175
1.73 8.46062
1.735 8.50387
1.74 8.54725
1.745 8.59075
1.75 8.63437
1.755 8.67812
1.76 8.722
1.765 8.766
1.77 8.81012
1.775 8.85437
1.78 8.89875
1.785 8.94325
1.79 8.98787
1.795 9.03262
1.8 9.0775
1.805 9.1225
1.81 9.16762
1.815 9.21287
1.82 9.25825
1.825 9.30375
1.83 9.34937
1.835 9.39512
1.84 9.441
1.845 9.487
1.85 9.53312
1.855 9.57937
1.86 9.62575
1.865 9.67225
1.87 9.71887
1.875 9.76562
1.88 9.8125
1.885 9.8595
1.89 9.90662
1.895 9.95387
1.9 10.0012
1.905 10.0487
1.91 10.0964
1.915 10.1441
1.92 10.192
1.925 10.24
1.93 10.2881
1.935 10.3364
1.94 10.3847
1.945 10.4332
1.95 10.4819
1.955 10.5306
1.96 10.5795
1.965 10.6285
1.97 10.6776
1.975 10.7269
1.98 10.7762
1.985 10.8257
1.99 10.8754
1.995 10.9251
2 10.975
2.005 11.025
2.01 11.0751
2.015 11.1254
2.02 11.1757
2.025 11.2262
2.03 11.2769
2.035 11.3276
2.04 11.3785
2.045 11.4295
2.05 11.4806
2.055 11.5319
2.06 11.5832
2.065 11.6347
2.07 11.6864
2.075 11.7381
2.08 11.79
2.085 11.842
2.09 11.8941
2.095 11.9464
2.1 11.9987
2.105 12.0512
2.11 12.1039
2.115 12.1566
2.12 12.2095
2.125 12.2625
2.13 12.3156
2.135 12.3689
2.14 12.4222
2.145 12.4757
2.15 12.5294
2.155 12.5831
2.16 12.637
2.165 12.691
2.17 12.7451
2.175 12.7994
2.18 12.8537
2.185 12.9082
2.19 12.9629
2.195 13.0176
2.2 13.0725
2.205 13.1275
2.21 13.1826
2.215 13.2379
2.22 13.2932
2.225 13.3487
2.23 13.4044
2.235 13.4601
2.24 13.516
2.245 13.572
2.25 13.6281
2.255 13.6844
2.26 13.7407
2.265 13.7972
2.27 13.8539
2.275 13.9106
2.28 13.9675
2.285 14.0245
2.29 14.0816
2.295 14.1389
2.3 14.1962
2.305 14.2537
2.31 14.3114
2.315 14.3691
2.32 14.427
2.325 14.485
2.33 14.5431
2.335 14.6014
2.34 14.6597
2.345 14.7182
2.35 14.7769
2.355 14.8356
2.36 14.8945
2.365 14.9535
2.37 15.0126
2.375 15.0719
2.38 15.1312
2.385 15.1907
2.39 15.2504
2.395 15.3101
2.4 15.37
2.405 15.43
2.41 15.4901
2.415 15.5504
2.42 15.6107
2.425 15.6712
2.43 15.7319
2.435 15.7926
2.44 15.8535
2.445 15.9145
2.45 15.9756
2.455 16.0369
2.46 16.0982
2.465 16.1597
2.47 16.2214
2.475 16.2831
2.48 16.345
2.485 16.407
2.49 16.4691
2.495 16.5314
2.5 16.5937
2.505 16.6562
2.51 16.7189
2.515 16.7816
2.52 16.8445
2.525 16.9075
2.53 16.9706
2.535 17.0339
2.54 17.0972
2.545 17.1607
2.55 17.2244
2.555 17.2881
2.56 17.352
2.565 17.416
2.57 17.4801
2.575 17.5444
2.58 17.6087
2.585 17.6732
2.59 17.7379
2.595 17.8026
2.6 17.8675
2.605 17.9325
2.61 17.9976
2.615 18.0629
2.62 18.1282
2.625 18.1937
2.63 18.2594
2.635 18.3251
2.64 18.391
2.645 18.457
2.65 18.5231
2.655 18.5894
2.66 18.6557
2.665 18.7222
2.67 18.7889
2.675 18.8556
2.68 18.9225
2.685 18.9895
2.69 19.0566
2.695 19.1239
2.7 19.1912
2.705 19.2587
2.71 19.3264
2.715 19.3941
2.72 19.462
2.725 19.53
2.73 19.5981
2.735 19.6664
2.74 19.7347
2.745 19.8032
2.75 19.8719
2.755 19.9406
2.76 20.0095
2.765 20.0785
2.77 20.1476
2.775 20.2169
2.78 20.2862
2.785 20.3557
2.79 20.4254
2.795 20.4951
2.8 20.565
2.805 20.635
2.81 20.7051
2.815 20.7754
2.82 20.8457
2.825 20.9162
2.83 20.9869
2.835 21.0576
2.84 21.1285
2.845 21.1995
2.85 21.2706
2.855 21.3419
2.86 21.4132
2.865 21.4847
2.87 21.5564
2.875 21.6281
2.88 21.7
2.885 21.772
2.89 21.8441
2.895 21.9164
2.9 21.9887
2.905 22.0612
2.91 22.1339
2.915 22.2066
2.92 22.2795
2.925 22.3525
2.93 22.4256
2.935 22.4989
2.94 22.5722
2.945 22.6457
2.95 22.7194
2.955 22.7931
2.96 22.867
2.965 22.941
2.97 23.0151
2.975 23.0894
2.98 23.1637
2.985 23.2382
2.99 23.3129
2.995 23.3876
3 23.4625
3.005 23.5375
3.01 23.6126
3.015 23.6879
3.02 23.7632
3.025 23.8387
3.03 23.9144
3.035 23.9901
3.04 24.066
3.045 24.142
3.05 24.2181
3.055 24.2944
3.06 24.3707
3.065 24.4472
3.07 24.5239
3.075 24.6006
3.08 24.6775
3.085 24.7545
3.09 24.8316
3.095 24.9089
3.1 24.9862
3.105 25.0637
3.11 25.1414
3.115 25.2191
3.12 25.297
3.125 25.375
3.13 25.4531
3.135 25.5314
3.14 25.6097
3.145 25.6882
3.15 25.7669
3.155 25.8456
3.16 25.9245
3.165 26.0035
3.17 26.0826
3.175 26.1619
3.18 26.2412
3.185 26.3207
3.19 26.4004
3.195 26.4801
3.2 26.56
3.205 26.64
3.21 26.7201
3.215 26.8004
3.22 26.8807
3.225 26.9612
3.23 27.0419
3.235 27.1226
3.24 27.2035
3.245 27.2845
3.25 27.3656
3.255 27.4469
3.26 27.5282
3.265 27.6097
3.27 27.6914
3.275 27.7731
3.28 27.855
3.285 27.937
3.29 28.0191
3.295 28.1014
3.3 28.1837
3.305 28.2662
3.31 28.3489
3.315 28.4316
3.32 28.5145
3.325 28.5975
3.33 28.6806
3.335 28.7639
3.34 28.8472
3.345 28.9307
3.35 29.0144
3.355 29.0981
3.36 29.182
3.365 29.266
3.37 29.3501
3.375 29.4344
3.38 29.5187
3.385 29.6032
3.39 29.6879
3.395 29.7726
3.4 29.8575
3.405 29.9425
3.41 30.0276
3.415 30.1129
3.42 30.1982
3.425 30.2837
3.43 30.3694
3.435 30.4551
3.44 30.541
3.445 30.627
3.45 30.7131
3.455 30.7994
3.46 30.8857
3.465 30.9722
3.47 31.0589
3.475 31.1456
3.48 31.2325
3.485 31.3195
3.49 31.4066
3.495 31.4939
3.5 31.5812
3.505 31.6687
3.51 31.7564
3.515 31.8441
3.52 31.932
3.525 32.02
3.53 32.1081
3.535 32.1964
3.54 32.2847
3.545 32.3732
3.55 32.4619
3.555 32.5506
3.56 32.6395
3.565 32.7285
3.57 32.8176
3.575 32.9069
3.58 32.9962
3.585 33.0857
3.59 33.1754
3.595 33.2651
3.6 33.355
3.605 33.445
3.61 33.5351
3.615 33.6254
3.62 33.7157
3.625 33.8062
3.63 33.8969
3.635 33.9876
3.64 34.0785
3.645 34.1695
3.65 34.2606
3.655 34.3519
3.66 34.4432
3.665 34.5347
3.67 34.6264
3.675 34.7181
3.68 34.81
3.685 34.902
3.69 34.9941
3.695 35.0864
3.7 35.1787
3.705 35.2712
3.71 35.3639
3.715 35.4566
3.72 35.5495
3.725 35.6425
3.73 35.7356
3.735 35.8289
3.74 35.9222
3.745 36.0157
3.75 36.1094
3.755 36.2031
3.76 36.297
3.765 36.391
3.77 36.4851
3.775 36.5794
3.78 36.6737
3.785 36.7682
3.79 36.8629
3.795 36.9576
3.8 37.0525
3.805 37.1475
3.81 37.2426
3.815 37.3379
3.82 37.4332
3.825 37.5287
3.83 37.6244
3.835 37.7201
3.84 37.816
3.845 37.912
3.85 38.0081
3.855 38.1044
3.86 38.2007
3.865 38.2972
3.87 38.3939
3.875 38.4906
3.88 38.5875
3.885 38.6845
3.89 38.7816
3.895 38.8789
3.9 38.9762
3.905 39.0737
3.91 39.1714
3.915 39.2691
3.92 39.367
3.925 39.465
3.93 39.5631
3.935 39.6614
3.94 39.7597
3.945 39.8582
3.95 39.9569
3.955 40.0556
3.96 40.1545
3.965 40.2535
3.97 40.3526
3.975 40.4519
3.98 40.5512
3.985 40.6507
3.99 40.7504
3.995 40.8501
4 40.95
4.005 41.05
4.01 41.1501
4.015 41.2504
4.02 41.3507
4.025 41.4512
4.03 41.5519
4.035 41.6526
4.04 41.7535
4.045 41.8545
4.05 41.9556
4.055 42.0569
4.06 42.1582
4.065 42.2597
4.07 42.3614
4.075 42.4631
4.08 42.565
4.085 42.667
4.09 42.7691
4.095 42.8714
4.1 42.9737
4.105 43.0762
4.11 43.1789
4.115 43.2816
4.12 43.3845
4.125 43.4875
4.13 43.5906
4.135 43.6939
4.14 43.7972
4.145 43.9007
4.15 44.0044
4.155 44.1081
4.16 44.212
4.165 44.316
4.17 44.4201
4.175 44.5244
4.18 44.6287
4.185 44.7332
4.19 44.8379
4.195 44.9426
4.2 45.0475
4.205 45.1525
4.21 45.2576
4.215 45.3629
4.22 45.4682
4.225 45.5737
4.23 45.6794
4.235 45.7851
4.24 45.891
4.245 45.997
4.25 46.1031
4.255 46.2094
4.26 46.3157
4.265 46.4222
4.27 46.5289
4.275 46.6356
4.28 46.7425
4.285 46.8495
4.29 46.9566
4.295 47.0639
4.3 47.1712
4.305 47.2787
4.31 47.3864
4.315 47.4941
4.32 47.602
4.325 47.71
4.33 47.8181
4.335 47.9264
4.34 48.0347
4.345 48.1432
4.35 48.2519
4.355 48.3606
4.36 48.4695
4.365 48.5785
4.37 48.6876
4.375 48.7969
4.38 48.9062
4.385 49.0157
4.39 49.1254
4.395 49.2351
4.4 49.345
4.405 49.455
4.41 49.5651
4.415 49.6754
4.42 49.7857
4.425 49.8962
4.43 50.0069
4.435 50.1176
4.44 50.2285
4.445 50.3395
4.45 50.4506
4.455 50.5619
4.46 50.6732
4.465 50.7847
4.47 50.8964
4.475 51.0081
4.48 51.12
4.485 51.232
4.49 51.3441
4.495 51.4564
4.5 51.5687
4.505 51.6812
4.51 51.7939
4.515 51.9066
4.52 52.0195
4.525 52.1325
4.53 52.2456
4.535 52.3589
4.54 52.4722
4.545 52.5857
4.55 52.6994
4.555 52.8131
4.56 52.927
4.565 53.041
4.57 53.1551
4.575 53.2694
4.58 53.3837
4.585 53.4982
4.59 53.6129
4.595 53.7276
4.6 53.8425
4.605 53.9575
4.61 54.0726
4.615 54.1879
4.62 54.3032
4.625 54.4187
4.63 54.5344
4.635 54.6501
4.64 54.766
4.645 54.882
4.65 54.9981
4.655 55.1144
4.66 55.2307
4.665 55.3472
4.67 55.4639
4.675 55.5806
4.68 55.6975
4.685 55.8145
4.69 55.9316
4.695 56.0489
4.7 56.1662
4.705 56.2837
4.71 56.4014
4.715 56.5191
4.72 56.637
4.725 56.755
4.73 56.8731
4.735 56.9914
4.74 57.1097
4.745 57.2282
4.75 57.3469
4.755 57.4656
4.76 57.5845
4.765 57.7035
4.77 57.8226
4.775 57.9419
4.78 58.0612
4.785 58.1807
4.79 58.3004
4.795 58.4201
4.8 58.54
4.805 58.66
4.81 58.7801
4.815 58.9004
4.82 59.0207
4.825 59.1412
4.83 59.2619
4.835 59.3826
4.84 59.5035
4.845 59.6245
4.85 59.7456
4.855 59.8669
4.86 59.9882
4.865 60.1097
4.87 60.2314
4.875 60.3531
4.88 60.475
4.885 60.597
4.89 60.7191
4.895 60.8414
4.9 60.9637
4.905 61.0862
4.91 61.2089
4.915 61.3316
4.92 61.4545
4.925 61.5775
4.93 61.7006
4.935 61.8239
4.94 61.9472
4.945 62.0707
4.95 62.1944
4.955 62.3181
4.96 62.442
4.965 62.566
4.97 62.6901
4.975 62.8144
4.98 62.9387
4.985 63.0632
4.99 63.1879
4.995 63.3126
