0 0
0.314159 0.187428
0.628319 0.35651
0.942478 0.490694
1.25664 0.576845
1.5708 0.606531
1.88496 0.576845
2.19911 0.490694
2.51327 0.35651
2.82743 0.187428
3.14159 0

0 0
0.314159 0.18582
0.628319 0.35345
0.942478 0.486482
1.25664 0.571894
1.5708 0.601325
1.88496 0.571894
2.19911 0.486482
2.51327 0.35345
2.82743 0.18582
3.14159 0

0 0
0.314159 0.190452
0.628319 0.362261
0.942478 0.498609
1.25664 0.58615
1.5708 0.616315
1.88496 0.58615
2.19911 0.498609
2.51327 0.362261
2.82743 0.190452
3.14159 0

0 0
0.314159 0.188179
0.628319 0.357938
0.942478 0.492659
1.25664 0.579155
1.5708 0.60896
1.88496 0.579155
2.19911 0.492659
2.51327 0.357938
2.82743 0.188179
3.14159 0
