         4.026   7.000   0.100
         5.102  15.000   0.100
         6.178  31.000   0.100
         7.254  38.000   0.100
         8.330  46.000   0.100
         9.406  45.000   0.100
        10.482  29.000   0.100
        11.558  44.000   0.100
        12.634  41.000   0.100
        13.710  54.000   0.100
        14.786  46.000   0.100
        15.862  51.000   0.100
        16.938  37.000   0.100
        18.014  28.000   0.100
        19.090  43.000   0.100
        20.167  37.000   0.100
        21.243  23.000   0.100
        22.319  32.000   0.100
        23.395  26.000   0.100
        24.471  22.000   0.100
        25.547  30.000   0.100
        26.623  20.000   0.100
        27.699  23.000   0.100
        28.775  19.000   0.100
        29.851  18.000   0.100
        30.927   9.000   0.100
        32.003  13.000   0.100
        33.079   7.000   0.100
        34.155   8.000   0.100
        35.231  14.000   0.100
        36.308  11.000   0.100
        37.384  10.000   0.100
        38.460  13.000   0.100
        39.536   5.000   0.100
        40.612  10.000   0.100
        41.688   7.000   0.100
        42.764   8.000   0.100
        43.840   6.000   0.100
        44.916   8.000   0.100
        45.992   9.000   0.100
        47.068   6.000   0.100
        48.144   2.000   0.100
        49.220   3.000   0.100
        50.296   4.000   0.100
        51.372   4.000   0.100
        52.448   5.000   0.100
        53.525   3.000   0.100
        54.601   3.000   0.100
        55.677   1.000   0.100
        56.753   2.000   0.100
        57.829   0.000   0.100
        58.905   1.000   0.100
        59.981   0.000   0.100
        61.057   3.000   0.100
        62.133   1.000   0.100
        63.209   1.000   0.100
        64.285   1.000   0.100
        65.361   1.000   0.100
        66.437   1.000   0.100
        67.513   1.000   0.100
        68.589   1.000   0.100
        69.665   0.000   0.100
        70.742   0.000   0.100
        71.818   1.000   0.100
        72.894   0.000   0.100
        73.970   2.000   0.100
        75.046   2.000   0.100
        76.122   0.000   0.100
        77.198   2.000   0.100
        78.274   0.000   0.100
        79.350   0.000   0.100
        80.426   0.000   0.100
        81.502   0.000   0.100
        82.578   0.000   0.100
        83.654   0.000   0.100
        84.730   0.000   0.100
        85.806   0.000   0.100
        86.883   0.000   0.100
        87.959   1.000   0.100
        89.035   1.000   0.100
        90.111   1.000   0.100
        91.187   0.000   0.100
        92.263   0.000   0.100
        93.339   1.000   0.100
        94.415   1.000   0.100
        95.491   0.000   0.100
        96.567   0.000   0.100
        97.643   0.000   0.100
        98.719   0.000   0.100
        99.795   0.000   0.100
       100.871   0.000   0.100
       101.947   0.000   0.100
       103.023   0.000   0.100
       104.100   0.000   0.100
       105.176   0.000   0.100
       106.252   0.000   0.100
       107.328   0.000   0.100
       108.404   0.000   0.100
       109.480   1.000   0.100
       110.556   0.000   0.100
