         6.547   5.000   0.100
         8.693   9.000   0.100
        10.839  11.000   0.100
        12.985  35.000   0.100
        15.131  39.000   0.100
        17.277  48.000   0.100
        19.423  53.000   0.100
        21.569  55.000   0.100
        23.715  46.000   0.100
        25.861  53.000   0.100
        28.007  46.000   0.100
        30.153  43.000   0.100
        32.299  36.000   0.100
        34.445  34.000   0.100
        36.591  35.000   0.100
        38.737  33.000   0.100
        40.882  42.000   0.100
        43.028  33.000   0.100
        45.174  20.000   0.100
        47.320  32.000   0.100
        49.466  28.000   0.100
        51.612  17.000   0.100
        53.758  14.000   0.100
        55.904  12.000   0.100
        58.050  14.000   0.100
        60.196  19.000   0.100
        62.342  14.000   0.100
        64.488  16.000   0.100
        66.634  14.000   0.100
        68.780  13.000   0.100
        70.926   8.000   0.100
        73.072   7.000   0.100
        75.218   6.000   0.100
        77.364  13.000   0.100
        79.510   9.000   0.100
        81.655   6.000   0.100
        83.801  10.000   0.100
        85.947   9.000   0.100
        88.093   6.000   0.100
        90.239   3.000   0.100
        92.385   5.000   0.100
        94.531   5.000   0.100
        96.677   2.000   0.100
        98.823   2.000   0.100
       100.969   6.000   0.100
       103.115   2.000   0.100
       105.261   2.000   0.100
       107.407   0.000   0.100
       109.553   4.000   0.100
       111.699   6.000   0.100
       113.845   3.000   0.100
       115.991   1.000   0.100
       118.137   2.000   0.100
       120.283   1.000   0.100
       122.428   0.000   0.100
       124.574   1.000   0.100
       126.720   2.000   0.100
       128.866   1.000   0.100
       131.012   0.000   0.100
       133.158   0.000   0.100
       135.304   0.000   0.100
       137.450   1.000   0.100
       139.596   0.000   0.100
       141.742   0.000   0.100
       143.888   0.000   0.100
       146.034   1.000   0.100
       148.180   0.000   0.100
       150.326   1.000   0.100
       152.472   0.000   0.100
       154.618   0.000   0.100
       156.764   0.000   0.100
       158.910   2.000   0.100
       161.055   1.000   0.100
       163.201   0.000   0.100
       165.347   0.000   0.100
       167.493   0.000   0.100
       169.639   0.000   0.100
       171.785   0.000   0.100
       173.931   0.000   0.100
       176.077   0.000   0.100
       178.223   0.000   0.100
       180.369   0.000   0.100
       182.515   0.000   0.100
       184.661   0.000   0.100
       186.807   0.000   0.100
       188.953   0.000   0.100
       191.099   0.000   0.100
       193.245   0.000   0.100
       195.391   0.000   0.100
       197.537   1.000   0.100
       199.683   0.000   0.100
       201.828   0.000   0.100
       203.974   0.000   0.100
       206.120   0.000   0.100
       208.266   0.000   0.100
       210.412   0.000   0.100
       212.558   1.000   0.100
       214.704   0.000   0.100
       216.850   0.000   0.100
       218.996   1.000   0.100
