        15.146   6.000   0.100
        19.206  16.000   0.100
        23.265  33.000   0.100
        27.325  29.000   0.100
        31.384  33.000   0.100
        35.444  34.000   0.100
        39.503  48.000   0.100
        43.563  47.000   0.100
        47.622  42.000   0.100
        51.682  50.000   0.100
        55.741  59.000   0.100
        59.801  40.000   0.100
        63.860  45.000   0.100
        67.920  32.000   0.100
        71.979  31.000   0.100
        76.039  33.000   0.100
        80.098  32.000   0.100
        84.158  31.000   0.100
        88.217  26.000   0.100
        92.277  26.000   0.100
        96.336  31.000   0.100
       100.396  18.000   0.100
       104.455  22.000   0.100
       108.515  24.000   0.100
       112.574  15.000   0.100
       116.634  15.000   0.100
       120.693  11.000   0.100
       124.753  10.000   0.100
       128.812  13.000   0.100
       132.872  12.000   0.100
       136.931   7.000   0.100
       140.991  12.000   0.100
       145.050  18.000   0.100
       149.110  13.000   0.100
       153.169   8.000   0.100
       157.229   4.000   0.100
       161.288  11.000   0.100
       165.348   5.000   0.100
       169.407   3.000   0.100
       173.467   5.000   0.100
       177.526   2.000   0.100
       181.586   5.000   0.100
       185.645   4.000   0.100
       189.705   4.000   0.100
       193.764   4.000   0.100
       197.824   2.000   0.100
       201.883   3.000   0.100
       205.943   2.000   0.100
       210.002   4.000   0.100
       214.062   0.000   0.100
       218.121   3.000   0.100
       222.181   4.000   0.100
       226.241   0.000   0.100
       230.300   0.000   0.100
       234.360   3.000   0.100
       238.419   1.000   0.100
       242.479   1.000   0.100
       246.538   1.000   0.100
       250.598   0.000   0.100
       254.657   0.000   0.100
       258.717   0.000   0.100
       262.776   1.000   0.100
       266.836   1.000   0.100
       270.895   0.000   0.100
       274.955   0.000   0.100
       279.014   0.000   0.100
       283.074   0.000   0.100
       287.133   1.000   0.100
       291.193   0.000   0.100
       295.252   0.000   0.100
       299.312   0.000   0.100
       303.371   1.000   0.100
       307.431   1.000   0.100
       311.490   1.000   0.100
       315.550   0.000   0.100
       319.609   0.000   0.100
       323.669   0.000   0.100
       327.728   0.000   0.100
       331.788   0.000   0.100
       335.847   0.000   0.100
       339.907   0.000   0.100
       343.966   0.000   0.100
       348.026   0.000   0.100
       352.085   0.000   0.100
       356.145   0.000   0.100
       360.204   0.000   0.100
       364.264   0.000   0.100
       368.323   0.000   0.100
       372.383   0.000   0.100
       376.442   0.000   0.100
       380.502   0.000   0.100
       384.561   0.000   0.100
       388.621   0.000   0.100
       392.680   0.000   0.100
       396.740   0.000   0.100
       400.799   0.000   0.100
       404.859   0.000   0.100
       408.918   0.000   0.100
       412.978   0.000   0.100
       417.037   1.000   0.100
