        37.055   8.000   0.100
        47.628  12.000   0.100
        58.201  25.000   0.100
        68.774  32.000   0.100
        79.347  36.000   0.100
        89.920  57.000   0.100
       100.493  45.000   0.100
       111.066  54.000   0.100
       121.639  44.000   0.100
       132.212  64.000   0.100
       142.785  52.000   0.100
       153.358  29.000   0.100
       163.931  47.000   0.100
       174.504  44.000   0.100
       185.078  32.000   0.100
       195.651  30.000   0.100
       206.224  31.000   0.100
       216.797  18.000   0.100
       227.370  28.000   0.100
       237.943  26.000   0.100
       248.516  34.000   0.100
       259.089  14.000   0.100
       269.662  24.000   0.100
       280.235  20.000   0.100
       290.808  10.000   0.100
       301.381  17.000   0.100
       311.954  16.000   0.100
       322.527   8.000   0.100
       333.100  10.000   0.100
       343.673  14.000   0.100
       354.246  14.000   0.100
       364.819  10.000   0.100
       375.392   9.000   0.100
       385.966   5.000   0.100
       396.539   8.000   0.100
       407.112   6.000   0.100
       417.685   5.000   0.100
       428.258   8.000   0.100
       438.831   3.000   0.100
       449.404   4.000   0.100
       459.977   4.000   0.100
       470.550   3.000   0.100
       481.123   6.000   0.100
       491.696   3.000   0.100
       502.269   3.000   0.100
       512.842   3.000   0.100
       523.415   1.000   0.100
       533.988   1.000   0.100
       544.561   3.000   0.100
       555.134   1.000   0.100
       565.707   1.000   0.100
       576.280   3.000   0.100
       586.854   1.000   0.100
       597.427   4.000   0.100
       608.000   0.000   0.100
       618.573   2.000   0.100
       629.146   0.000   0.100
       639.719   0.000   0.100
       650.292   0.000   0.100
       660.865   1.000   0.100
       671.438   0.000   0.100
       682.011   1.000   0.100
       692.584   0.000   0.100
       703.157   0.000   0.100
       713.730   2.000   0.100
       724.303   0.000   0.100
       734.876   0.000   0.100
       745.449   1.000   0.100
       756.022   0.000   0.100
       766.595   0.000   0.100
       777.168   1.000   0.100
       787.741   0.000   0.100
       798.315   0.000   0.100
       808.888   0.000   0.100
       819.461   0.000   0.100
       830.034   0.000   0.100
       840.607   0.000   0.100
       851.180   0.000   0.100
       861.753   0.000   0.100
       872.326   1.000   0.100
       882.899   0.000   0.100
       893.472   0.000   0.100
       904.045   0.000   0.100
       914.618   0.000   0.100
       925.191   0.000   0.100
       935.764   0.000   0.100
       946.337   0.000   0.100
       956.910   0.000   0.100
       967.483   0.000   0.100
       978.056   0.000   0.100
       988.629   0.000   0.100
       999.203   0.000   0.100
      1009.776   0.000   0.100
      1020.349   0.000   0.100
      1030.922   0.000   0.100
      1041.495   0.000   0.100
      1052.068   0.000   0.100
      1062.641   0.000   0.100
      1073.214   1.000   0.100
      1083.787   0.000   0.100
