        77.142   6.000   0.100
        93.455  16.000   0.100
       109.768  16.000   0.100
       126.080  30.000   0.100
       142.393  30.000   0.100
       158.706  20.000   0.100
       175.018  34.000   0.100
       191.331  41.000   0.100
       207.644  40.000   0.100
       223.956  37.000   0.100
       240.269  44.000   0.100
       256.582  40.000   0.100
       272.895  31.000   0.100
       289.207  34.000   0.100
       305.520  27.000   0.100
       321.833  24.000   0.100
       338.145  29.000   0.100
       354.458  28.000   0.100
       370.771  26.000   0.100
       387.083  22.000   0.100
       403.396  20.000   0.100
       419.709  27.000   0.100
       436.021  22.000   0.100
       452.334  20.000   0.100
       468.647  17.000   0.100
       484.959  19.000   0.100
       501.272  13.000   0.100
       517.585  17.000   0.100
       533.897  19.000   0.100
       550.210  19.000   0.100
       566.523  19.000   0.100
       582.835  15.000   0.100
       599.148   4.000   0.100
       615.461  14.000   0.100
       631.773  16.000   0.100
       648.086   6.000   0.100
       664.399   8.000   0.100
       680.711   7.000   0.100
       697.024   7.000   0.100
       713.337   6.000   0.100
       729.649   4.000   0.100
       745.962   2.000   0.100
       762.275   6.000   0.100
       778.587   7.000   0.100
       794.900   5.000   0.100
       811.213   5.000   0.100
       827.525   7.000   0.100
       843.838   4.000   0.100
       860.151   8.000   0.100
       876.464   7.000   0.100
       892.776   8.000   0.100
       909.089   4.000   0.100
       925.402   2.000   0.100
       941.714   1.000   0.100
       958.027   6.000   0.100
       974.340   1.000   0.100
       990.652   3.000   0.100
      1006.965  10.000   0.100
      1023.278   0.000   0.100
      1039.590   6.000   0.100
      1055.903   5.000   0.100
      1072.216   0.000   0.100
      1088.528   6.000   0.100
      1104.841   0.000   0.100
      1121.154   3.000   0.100
      1137.466   0.000   0.100
      1153.779   4.000   0.100
      1170.092   0.000   0.100
      1186.404   0.000   0.100
      1202.717   1.000   0.100
      1219.030   0.000   0.100
      1235.342   1.000   0.100
      1251.655   1.000   0.100
      1267.968   1.000   0.100
      1284.280   2.000   0.100
      1300.593   0.000   0.100
      1316.906   0.000   0.100
      1333.219   0.000   0.100
      1349.531   2.000   0.100
      1365.844   0.000   0.100
      1382.156   0.000   0.100
      1398.469   2.000   0.100
      1414.782   0.000   0.100
      1431.094   0.000   0.100
      1447.407   0.000   0.100
      1463.720   1.000   0.100
      1480.033   0.000   0.100
      1496.345   1.000   0.100
      1512.658   1.000   0.100
      1528.971   0.000   0.100
      1545.283   0.000   0.100
      1561.596   0.000   0.100
      1577.909   0.000   0.100
      1594.221   1.000   0.100
      1610.534   0.000   0.100
      1626.847   0.000   0.100
      1643.159   0.000   0.100
      1659.472   0.000   0.100
      1675.785   2.000   0.100
      1692.097   0.000   0.100
