       118.534   6.000   0.100
       148.087   0.000   0.100
       177.639   6.000   0.100
       207.192  16.000   0.100
       236.744  10.000   0.100
       266.297  24.000   0.100
       295.849  30.000   0.100
       325.402  48.000   0.100
       354.954  24.000   0.100
       384.507  30.000   0.100
       414.060  32.000   0.100
       443.612  18.000   0.100
       473.165  18.000   0.100
       502.717  22.000   0.100
       532.270  28.000   0.100
       561.822  50.000   0.100
       591.375  30.000   0.100
       620.927  26.000   0.100
       650.480  42.000   0.100
       680.033  32.000   0.100
       709.585  40.000   0.100
       739.138  38.000   0.100
       768.690  16.000   0.100
       798.243  32.000   0.100
       827.795  20.000   0.100
       857.348  14.000   0.100
       886.901  36.000   0.100
       916.453   2.000   0.100
       946.006  10.000   0.100
       975.558   8.000   0.100
      1005.111  16.000   0.100
      1034.663  22.000   0.100
      1064.216  10.000   0.100
      1093.769  14.000   0.100
      1123.321   8.000   0.100
      1152.874   6.000   0.100
      1182.426  16.000   0.100
      1211.979   4.000   0.100
      1241.531   4.000   0.100
      1271.084   8.000   0.100
      1300.636   6.000   0.100
      1330.189  12.000   0.100
      1359.741  12.000   0.100
      1389.294   2.000   0.100
      1418.847   4.000   0.100
      1448.399   6.000   0.100
      1477.952   2.000   0.100
      1507.504  18.000   0.100
      1537.057  10.000   0.100
      1566.609   8.000   0.100
      1596.162   8.000   0.100
      1625.715   8.000   0.100
      1655.267   4.000   0.100
      1684.820  10.000   0.100
      1714.372   2.000   0.100
      1743.925   4.000   0.100
      1773.477   2.000   0.100
      1803.030   0.000   0.100
      1832.583   6.000   0.100
      1862.135   0.000   0.100
      1891.688   0.000   0.100
      1921.240   0.000   0.100
      1950.793   4.000   0.100
      1980.345   8.000   0.100
      2009.898   4.000   0.100
      2039.450   4.000   0.100
      2069.003   0.000   0.100
      2098.556   0.000   0.100
      2128.108   6.000   0.100
      2157.661   2.000   0.100
      2187.213   0.000   0.100
      2216.766   2.000   0.100
      2246.318   0.000   0.100
      2275.871   2.000   0.100
      2305.423   0.000   0.100
      2334.976   0.000   0.100
      2364.529   0.000   0.100
      2394.081   0.000   0.100
      2423.634   4.000   0.100
      2453.186   0.000   0.100
      2482.739   2.000   0.100
      2512.291   4.000   0.100
      2541.844   0.000   0.100
      2571.396   0.000   0.100
      2600.949   0.000   0.100
      2630.502   8.000   0.100
      2660.054   0.000   0.100
      2689.607   0.000   0.100
      2719.159   0.000   0.100
      2748.712   0.000   0.100
      2778.264   2.000   0.100
      2807.817   0.000   0.100
      2837.370   0.000   0.100
      2866.922   2.000   0.100
      2896.475   0.000   0.100
      2926.027   0.000   0.100
      2955.580   0.000   0.100
      2985.132   0.000   0.100
      3014.685   2.000   0.100
      3044.238   4.000   0.100
