       431.665   6.000   0.100
       513.976  16.000   0.100
       596.288  26.000   0.100
       678.599  31.000   0.100
       760.911  29.000   0.100
       843.222  50.000   0.100
       925.534  24.000   0.100
      1007.845  37.000   0.100
      1090.157  31.000   0.100
      1172.468  29.000   0.100
      1254.780  48.000   0.100
      1337.091  35.000   0.100
      1419.402  28.000   0.100
      1501.714  46.000   0.100
      1584.025  36.000   0.100
      1666.337  31.000   0.100
      1748.648  45.000   0.100
      1830.960  17.000   0.100
      1913.271  13.000   0.100
      1995.583  30.000   0.100
      2077.894  21.000   0.100
      2160.205  24.000   0.100
      2242.517  17.000   0.100
      2324.828  24.000   0.100
      2407.140  17.000   0.100
      2489.451  19.000   0.100
      2571.763  25.000   0.100
      2654.074  11.000   0.100
      2736.385  21.000   0.100
      2818.697  17.000   0.100
      2901.009   6.000   0.100
      2983.320  19.000   0.100
      3065.631  14.000   0.100
      3147.943  12.000   0.100
      3230.254   5.000   0.100
      3312.566   9.000   0.100
      3394.877  10.000   0.100
      3477.188   4.000   0.100
      3559.500   7.000   0.100
      3641.812  11.000   0.100
      3724.123   2.000   0.100
      3806.434   2.000   0.100
      3888.746   7.000   0.100
      3971.057   7.000   0.100
      4053.369   1.000   0.100
      4135.680   3.000   0.100
      4217.992   7.000   0.100
      4300.303   9.000   0.100
      4382.614   1.000   0.100
      4464.926   1.000   0.100
      4547.237   7.000   0.100
      4629.549  12.000   0.100
      4711.860   0.000   0.100
      4794.172   0.000   0.100
      4876.483   6.000   0.100
      4958.794   1.000   0.100
      5041.106   3.000   0.100
      5123.417   5.000   0.100
      5205.729   2.000   0.100
      5288.041   0.000   0.100
      5370.352   4.000   0.100
      5452.663   0.000   0.100
      5534.975   3.000   0.100
      5617.286   3.000   0.100
      5699.598   0.000   0.100
      5781.909   1.000   0.100
      5864.221   7.000   0.100
      5946.532   0.000   0.100
      6028.843   0.000   0.100
      6111.155   1.000   0.100
      6193.466   0.000   0.100
      6275.778   0.000   0.100
      6358.089   0.000   0.100
      6440.401   0.000   0.100
      6522.712   0.000   0.100
      6605.023   0.000   0.100
      6687.335   0.000   0.100
      6769.646   0.000   0.100
      6851.958   0.000   0.100
      6934.270   0.000   0.100
      7016.581   0.000   0.100
      7098.892   1.000   0.100
      7181.204   0.000   0.100
      7263.515   0.000   0.100
      7345.827   1.000   0.100
      7428.138   0.000   0.100
      7510.450   0.000   0.100
      7592.761   0.000   0.100
      7675.072   0.000   0.100
      7757.384   0.000   0.100
      7839.695   0.000   0.100
      7922.007   0.000   0.100
      8004.318   0.000   0.100
      8086.629   1.000   0.100
      8168.941   0.000   0.100
      8251.252   0.000   0.100
      8333.563   0.000   0.100
      8415.875   0.000   0.100
      8498.187   1.000   0.100
      8580.498   0.000   0.100
