        18.358   6.000   0.100
        24.684  17.000   0.100
        31.010  36.000   0.100
        37.337  48.000   0.100
        43.663  51.000   0.100
        49.989  59.000   0.100
        56.315  50.000   0.100
        62.641  36.000   0.100
        68.967  62.000   0.100
        75.294  52.000   0.100
        81.620  52.000   0.100
        87.946  56.000   0.100
        94.272  48.000   0.100
       100.598  41.000   0.100
       106.924  36.000   0.100
       113.251  31.000   0.100
       119.577  32.000   0.100
       125.903  24.000   0.100
       132.229  23.000   0.100
       138.555  19.000   0.100
       144.881  19.000   0.100
       151.208  11.000   0.100
       157.534  14.000   0.100
       163.860  15.000   0.100
       170.186  10.000   0.100
       176.512  16.000   0.100
       182.839  15.000   0.100
       189.165   5.000   0.100
       195.491   8.000   0.100
       201.817  11.000   0.100
       208.143  10.000   0.100
       214.469   7.000   0.100
       220.796   3.000   0.100
       227.122   9.000   0.100
       233.448   4.000   0.100
       239.774   3.000   0.100
       246.100   8.000   0.100
       252.426   3.000   0.100
       258.753   3.000   0.100
       265.079   3.000   0.100
       271.405   1.000   0.100
       277.731   2.000   0.100
       284.057   5.000   0.100
       290.383   6.000   0.100
       296.710   0.000   0.100
       303.036   2.000   0.100
       309.362   1.000   0.100
       315.688   3.000   0.100
       322.014   1.000   0.100
       328.340   1.000   0.100
       334.667   2.000   0.100
       340.993   0.000   0.100
       347.319   3.000   0.100
       353.645   1.000   0.100
       359.971   0.000   0.100
       366.297   3.000   0.100
       372.624   2.000   0.100
       378.950   2.000   0.100
       385.276   0.000   0.100
       391.602   0.000   0.100
       397.928   1.000   0.100
       404.254   2.000   0.100
       410.581   1.000   0.100
       416.907   0.000   0.100
       423.233   0.000   0.100
       429.559   0.000   0.100
       435.885   0.000   0.100
       442.211   0.000   0.100
       448.538   2.000   0.100
       454.864   0.000   0.100
       461.190   0.000   0.100
       467.516   1.000   0.100
       473.842   0.000   0.100
       480.168   0.000   0.100
       486.495   0.000   0.100
       492.821   0.000   0.100
       499.147   0.000   0.100
       505.473   0.000   0.100
       511.799   0.000   0.100
       518.125   0.000   0.100
       524.452   0.000   0.100
       530.778   0.000   0.100
       537.104   0.000   0.100
       543.430   0.000   0.100
       549.756   0.000   0.100
       556.083   0.000   0.100
       562.409   0.000   0.100
       568.735   1.000   0.100
       575.061   0.000   0.100
       581.387   0.000   0.100
       587.713   0.000   0.100
       594.040   0.000   0.100
       600.366   0.000   0.100
       606.692   0.000   0.100
       613.018   0.000   0.100
       619.344   0.000   0.100
       625.670   0.000   0.100
       631.997   0.000   0.100
       638.323   1.000   0.100
       644.649   0.000   0.100
