        38.910   8.000   0.100
        49.230  13.000   0.100
        59.549  22.000   0.100
        69.869  20.000   0.100
        80.188  61.000   0.100
        90.507  54.000   0.100
       100.827  47.000   0.100
       111.146  45.000   0.100
       121.466  51.000   0.100
       131.785  49.000   0.100
       142.104  44.000   0.100
       152.424  42.000   0.100
       162.743  40.000   0.100
       173.063  41.000   0.100
       183.382  34.000   0.100
       193.701  31.000   0.100
       204.021  19.000   0.100
       214.340  24.000   0.100
       224.660  20.000   0.100
       234.979  18.000   0.100
       245.298  27.000   0.100
       255.618  18.000   0.100
       265.937  24.000   0.100
       276.257  13.000   0.100
       286.576   9.000   0.100
       296.895  22.000   0.100
       307.215  17.000   0.100
       317.534  19.000   0.100
       327.853   9.000   0.100
       338.173  14.000   0.100
       348.492   3.000   0.100
       358.812   9.000   0.100
       369.131   7.000   0.100
       379.450   7.000   0.100
       389.770  12.000   0.100
       400.089   4.000   0.100
       410.409   7.000   0.100
       420.728   3.000   0.100
       431.047   2.000   0.100
       441.367   2.000   0.100
       451.686   9.000   0.100
       462.006   6.000   0.100
       472.325   5.000   0.100
       482.644   7.000   0.100
       492.964   9.000   0.100
       503.283   4.000   0.100
       513.602   1.000   0.100
       523.922   2.000   0.100
       534.241   3.000   0.100
       544.561   2.000   0.100
       554.880   3.000   0.100
       565.199   8.000   0.100
       575.519   2.000   0.100
       585.838   2.000   0.100
       596.158   1.000   0.100
       606.477   3.000   0.100
       616.796   0.000   0.100
       627.116   1.000   0.100
       637.435   1.000   0.100
       647.755   2.000   0.100
       658.074   2.000   0.100
       668.393   1.000   0.100
       678.713   1.000   0.100
       689.032   2.000   0.100
       699.352   2.000   0.100
       709.671   1.000   0.100
       719.990   0.000   0.100
       730.310   0.000   0.100
       740.629   0.000   0.100
       750.948   1.000   0.100
       761.268   0.000   0.100
       771.587   1.000   0.100
       781.907   0.000   0.100
       792.226   0.000   0.100
       802.545   1.000   0.100
       812.865   1.000   0.100
       823.184   0.000   0.100
       833.504   0.000   0.100
       843.823   0.000   0.100
       854.142   1.000   0.100
       864.462   1.000   0.100
       874.781   0.000   0.100
       885.101   0.000   0.100
       895.420   0.000   0.100
       905.739   0.000   0.100
       916.059   0.000   0.100
       926.378   0.000   0.100
       936.698   0.000   0.100
       947.017   0.000   0.100
       957.336   1.000   0.100
       967.656   0.000   0.100
       977.975   1.000   0.100
       988.294   0.000   0.100
       998.614   0.000   0.100
      1008.933   0.000   0.100
      1019.253   0.000   0.100
      1029.572   0.000   0.100
      1039.891   0.000   0.100
      1050.211   1.000   0.100
      1060.530   0.000   0.100
