        66.762   3.000   0.100
        96.287  17.000   0.100
       125.813  32.000   0.100
       155.339  60.000   0.100
       184.864  63.000   0.100
       214.390  72.000   0.100
       243.915  58.000   0.100
       273.441  67.000   0.100
       302.967  65.000   0.100
       332.492  57.000   0.100
       362.018  45.000   0.100
       391.543  47.000   0.100
       421.069  44.000   0.100
       450.595  50.000   0.100
       480.120  35.000   0.100
       509.646  21.000   0.100
       539.172  33.000   0.100
       568.697  35.000   0.100
       598.223  20.000   0.100
       627.748  24.000   0.100
       657.274  23.000   0.100
       686.799   9.000   0.100
       716.325  12.000   0.100
       745.851   9.000   0.100
       775.376   7.000   0.100
       804.902   8.000   0.100
       834.428   7.000   0.100
       863.953   6.000   0.100
       893.479   3.000   0.100
       923.004   9.000   0.100
       952.530   5.000   0.100
       982.056   3.000   0.100
      1011.581   4.000   0.100
      1041.107   1.000   0.100
      1070.632   6.000   0.100
      1100.158   3.000   0.100
      1129.684   5.000   0.100
      1159.209   2.000   0.100
      1188.735   1.000   0.100
      1218.260   2.000   0.100
      1247.786   4.000   0.100
      1277.312   3.000   0.100
      1306.837   1.000   0.100
      1336.363   1.000   0.100
      1365.889   0.000   0.100
      1395.414   2.000   0.100
      1424.940   3.000   0.100
      1454.465   2.000   0.100
      1483.991   0.000   0.100
      1513.517   2.000   0.100
      1543.042   1.000   0.100
      1572.568   0.000   0.100
      1602.093   3.000   0.100
      1631.619   0.000   0.100
      1661.145   0.000   0.100
      1690.670   1.000   0.100
      1720.196   0.000   0.100
      1749.721   2.000   0.100
      1779.247   0.000   0.100
      1808.773   0.000   0.100
      1838.298   0.000   0.100
      1867.824   0.000   0.100
      1897.349   0.000   0.100
      1926.875   0.000   0.100
      1956.401   0.000   0.100
      1985.926   1.000   0.100
      2015.452   0.000   0.100
      2044.978   0.000   0.100
      2074.503   0.000   0.100
      2104.029   0.000   0.100
      2133.554   0.000   0.100
      2163.080   0.000   0.100
      2192.605   0.000   0.100
      2222.131   0.000   0.100
      2251.657   0.000   0.100
      2281.182   0.000   0.100
      2310.708   0.000   0.100
      2340.233   0.000   0.100
      2369.759   0.000   0.100
      2399.285   0.000   0.100
      2428.811   0.000   0.100
      2458.336   0.000   0.100
      2487.862   0.000   0.100
      2517.387   0.000   0.100
      2546.913   0.000   0.100
      2576.438   0.000   0.100
      2605.964   0.000   0.100
      2635.490   0.000   0.100
      2665.015   0.000   0.100
      2694.541   0.000   0.100
      2724.066   0.000   0.100
      2753.592   0.000   0.100
      2783.118   0.000   0.100
      2812.644   0.000   0.100
      2842.169   0.000   0.100
      2871.694   0.000   0.100
      2901.220   0.000   0.100
      2930.746   0.000   0.100
      2960.271   1.000   0.100
      2989.797   0.000   0.100
