       180.379   5.000   0.100
       222.699  16.000   0.100
       265.019   8.000   0.100
       307.339  21.000   0.100
       349.659  16.000   0.100
       391.979  26.000   0.100
       434.299  38.000   0.100
       476.619  39.000   0.100
       518.939  51.000   0.100
       561.259  27.000   0.100
       603.579  43.000   0.100
       645.899  37.000   0.100
       688.219  40.000   0.100
       730.539  43.000   0.100
       772.859  30.000   0.100
       815.179  28.000   0.100
       857.499  32.000   0.100
       899.819  23.000   0.100
       942.139  21.000   0.100
       984.459  23.000   0.100
      1026.779  24.000   0.100
      1069.099  20.000   0.100
      1111.419  31.000   0.100
      1153.739  26.000   0.100
      1196.059  27.000   0.100
      1238.379  26.000   0.100
      1280.699  12.000   0.100
      1323.019  15.000   0.100
      1365.339  19.000   0.100
      1407.659  11.000   0.100
      1449.979  16.000   0.100
      1492.299   8.000   0.100
      1534.619  13.000   0.100
      1576.939  19.000   0.100
      1619.259   7.000   0.100
      1661.579   9.000   0.100
      1703.899   6.000   0.100
      1746.219   6.000   0.100
      1788.539   4.000   0.100
      1830.859   3.000   0.100
      1873.179   6.000   0.100
      1915.500  12.000   0.100
      1957.819  10.000   0.100
      2000.140   6.000   0.100
      2042.459   8.000   0.100
      2084.780   9.000   0.100
      2127.099   8.000   0.100
      2169.419   5.000   0.100
      2211.740   2.000   0.100
      2254.060   6.000   0.100
      2296.379   3.000   0.100
      2338.699   6.000   0.100
      2381.020   4.000   0.100
      2423.340   2.000   0.100
      2465.659   4.000   0.100
      2507.979   5.000   0.100
      2550.300   6.000   0.100
      2592.620   0.000   0.100
      2634.939   1.000   0.100
      2677.260   4.000   0.100
      2719.580   3.000   0.100
      2761.900   3.000   0.100
      2804.219   1.000   0.100
      2846.540   3.000   0.100
      2888.860   1.000   0.100
      2931.180   0.000   0.100
      2973.500   0.000   0.100
      3015.820   0.000   0.100
      3058.140   0.000   0.100
      3100.460   0.000   0.100
      3142.780   0.000   0.100
      3185.100   0.000   0.100
      3227.420   0.000   0.100
      3269.740   0.000   0.100
      3312.060   0.000   0.100
      3354.380   0.000   0.100
      3396.700   0.000   0.100
      3439.020   0.000   0.100
      3481.340   0.000   0.100
      3523.660   1.000   0.100
      3565.980   1.000   0.100
      3608.300   2.000   0.100
      3650.620   4.000   0.100
      3692.940   0.000   0.100
      3735.260   0.000   0.100
      3777.580   0.000   0.100
      3819.900   1.000   0.100
      3862.220   0.000   0.100
      3904.540   1.000   0.100
      3946.860   0.000   0.100
      3989.180   0.000   0.100
      4031.500   0.000   0.100
      4073.820   1.000   0.100
      4116.140   0.000   0.100
      4158.460   0.000   0.100
      4200.780   0.000   0.100
      4243.101   0.000   0.100
      4285.420   0.000   0.100
      4327.740   0.000   0.100
      4370.061   2.000   0.100
