       385.330   9.000   0.100
       521.145  19.000   0.100
       656.960  44.000   0.100
       792.775  56.000   0.100
       928.590  40.000   0.100
      1064.404  52.000   0.100
      1200.219  65.000   0.100
      1336.034  66.000   0.100
      1471.849  72.000   0.100
      1607.663  65.000   0.100
      1743.478  46.000   0.100
      1879.293  51.000   0.100
      2015.108  35.000   0.100
      2150.923  22.000   0.100
      2286.737  23.000   0.100
      2422.552  21.000   0.100
      2558.367  31.000   0.100
      2694.182  21.000   0.100
      2829.997  17.000   0.100
      2965.811  12.000   0.100
      3101.626  21.000   0.100
      3237.441  17.000   0.100
      3373.256  16.000   0.100
      3509.070  11.000   0.100
      3644.885  13.000   0.100
      3780.700  13.000   0.100
      3916.515  17.000   0.100
      4052.329  10.000   0.100
      4188.144  14.000   0.100
      4323.958  15.000   0.100
      4459.773   5.000   0.100
      4595.588   8.000   0.100
      4731.403   7.000   0.100
      4867.218   6.000   0.100
      5003.032   5.000   0.100
      5138.847   5.000   0.100
      5274.662   6.000   0.100
      5410.477   0.000   0.100
      5546.292   5.000   0.100
      5682.106   1.000   0.100
      5817.921   1.000   0.100
      5953.736   4.000   0.100
      6089.551   2.000   0.100
      6225.365   1.000   0.100
      6361.180   3.000   0.100
      6496.995   0.000   0.100
      6632.810   1.000   0.100
      6768.625   0.000   0.100
      6904.439   1.000   0.100
      7040.254   5.000   0.100
      7176.069   2.000   0.100
      7311.883   4.000   0.100
      7447.698   0.000   0.100
      7583.513   3.000   0.100
      7719.328   2.000   0.100
      7855.143   0.000   0.100
      7990.958   0.000   0.100
      8126.772   0.000   0.100
      8262.587   1.000   0.100
      8398.402   0.000   0.100
      8534.217   0.000   0.100
      8670.031   0.000   0.100
      8805.846   1.000   0.100
      8941.661   0.000   0.100
      9077.476   0.000   0.100
      9213.290   0.000   0.100
      9349.105   0.000   0.100
      9484.920   2.000   0.100
      9620.734   0.000   0.100
      9756.550   0.000   0.100
      9892.364   0.000   0.100
     10028.179   1.000   0.100
     10163.994   0.000   0.100
     10299.809   0.000   0.100
     10435.623   0.000   0.100
     10571.438   0.000   0.100
     10707.253   0.000   0.100
     10843.067   0.000   0.100
     10978.883   0.000   0.100
     11114.697   0.000   0.100
     11250.512   0.000   0.100
     11386.327   0.000   0.100
     11522.142   2.000   0.100
     11657.956   0.000   0.100
     11793.771   0.000   0.100
     11929.586   0.000   0.100
     12065.400   0.000   0.100
     12201.216   0.000   0.100
     12337.030   0.000   0.100
     12472.845   0.000   0.100
     12608.660   0.000   0.100
     12744.475   0.000   0.100
     12880.289   0.000   0.100
     13016.104   0.000   0.100
     13151.919   0.000   0.100
     13287.733   0.000   0.100
     13423.549   0.000   0.100
     13559.363   0.000   0.100
     13695.178   2.000   0.100
     13830.992   0.000   0.100
