       775.594   5.000   0.100
       972.026  12.000   0.100
      1168.458  17.000   0.100
      1364.891  22.000   0.100
      1561.323  37.000   0.100
      1757.755  53.000   0.100
      1954.187  37.000   0.100
      2150.619  50.000   0.100
      2347.052  55.000   0.100
      2543.484  50.000   0.100
      2739.916  33.000   0.100
      2936.348  38.000   0.100
      3132.781  44.000   0.100
      3329.213  42.000   0.100
      3525.645  32.000   0.100
      3722.077  29.000   0.100
      3918.509  24.000   0.100
      4114.941  29.000   0.100
      4311.374  22.000   0.100
      4507.806  27.000   0.100
      4704.238  26.000   0.100
      4900.670  21.000   0.100
      5097.103  16.000   0.100
      5293.535  20.000   0.100
      5489.967  16.000   0.100
      5686.399  13.000   0.100
      5882.832  13.000   0.100
      6079.264  16.000   0.100
      6275.696  11.000   0.100
      6472.128  16.000   0.100
      6668.561  16.000   0.100
      6864.993  18.000   0.100
      7061.425  16.000   0.100
      7257.857   9.000   0.100
      7454.289   4.000   0.100
      7650.721  11.000   0.100
      7847.154   6.000   0.100
      8043.586   7.000   0.100
      8240.018  11.000   0.100
      8436.450   1.000   0.100
      8632.882   6.000   0.100
      8829.314   6.000   0.100
      9025.746   6.000   0.100
      9222.179   3.000   0.100
      9418.610   3.000   0.100
      9615.043   3.000   0.100
      9811.476   3.000   0.100
     10007.907   2.000   0.100
     10204.340   2.000   0.100
     10400.771   3.000   0.100
     10597.204   2.000   0.100
     10793.636   1.000   0.100
     10990.068   5.000   0.100
     11186.501   1.000   0.100
     11382.933   2.000   0.100
     11579.365   3.000   0.100
     11775.797   0.000   0.100
     11972.229   2.000   0.100
     12168.662   2.000   0.100
     12365.094   2.000   0.100
     12561.526   0.000   0.100
     12757.958   2.000   0.100
     12954.391   2.000   0.100
     13150.822   0.000   0.100
     13347.255   0.000   0.100
     13543.688   1.000   0.100
     13740.119   1.000   0.100
     13936.552   1.000   0.100
     14132.983   2.000   0.100
     14329.416   0.000   0.100
     14525.848   2.000   0.100
     14722.280   1.000   0.100
     14918.713   1.000   0.100
     15115.145   0.000   0.100
     15311.577   0.000   0.100
     15508.009   1.000   0.100
     15704.441   1.000   0.100
     15900.874   0.000   0.100
     16097.306   2.000   0.100
     16293.738   0.000   0.100
     16490.172   0.000   0.100
     16686.604   0.000   0.100
     16883.035   0.000   0.100
     17079.469   0.000   0.100
     17275.900   0.000   0.100
     17472.334   0.000   0.100
     17668.766   0.000   0.100
     17865.197   0.000   0.100
     18061.629   0.000   0.100
     18258.063   0.000   0.100
     18454.494   0.000   0.100
     18650.926   0.000   0.100
     18847.359   0.000   0.100
     19043.791   0.000   0.100
     19240.223   0.000   0.100
     19436.654   0.000   0.100
     19633.088   0.000   0.100
     19829.520   0.000   0.100
     20025.951   1.000   0.100
     20222.385   0.000   0.100
