      2163.827   9.000   0.100
      2722.501  25.000   0.100
      3281.175  28.000   0.100
      3839.849  42.000   0.100
      4398.523  50.000   0.100
      4957.197  48.000   0.100
      5515.871  52.000   0.100
      6074.545  54.000   0.100
      6633.220  56.000   0.100
      7191.894  47.000   0.100
      7750.567  53.000   0.100
      8309.242  43.000   0.100
      8867.916  28.000   0.100
      9426.590  40.000   0.100
      9985.264  30.000   0.100
     10543.938  23.000   0.100
     11102.612  26.000   0.100
     11661.286  29.000   0.100
     12219.960  42.000   0.100
     12778.635  35.000   0.100
     13337.309   9.000   0.100
     13895.982  14.000   0.100
     14454.657  15.000   0.100
     15013.331  15.000   0.100
     15572.005  14.000   0.100
     16130.679  16.000   0.100
     16689.354   7.000   0.100
     17248.027  10.000   0.100
     17806.701  12.000   0.100
     18365.375   7.000   0.100
     18924.051   5.000   0.100
     19482.725   5.000   0.100
     20041.398   8.000   0.100
     20600.072  12.000   0.100
     21158.746   8.000   0.100
     21717.420   7.000   0.100
     22276.094   2.000   0.100
     22834.770   9.000   0.100
     23393.443  10.000   0.100
     23952.117   4.000   0.100
     24510.791   2.000   0.100
     25069.465   2.000   0.100
     25628.139   7.000   0.100
     26186.813   3.000   0.100
     26745.488   1.000   0.100
     27304.162   3.000   0.100
     27862.836   5.000   0.100
     28421.510   0.000   0.100
     28980.184   3.000   0.100
     29538.857   0.000   0.100
     30097.531   1.000   0.100
     30656.205   2.000   0.100
     31214.879   2.000   0.100
     31773.555   3.000   0.100
     32332.229   1.000   0.100
     32890.902   1.000   0.100
     33449.574   2.000   0.100
     34008.246   0.000   0.100
     34566.922   1.000   0.100
     35125.594   1.000   0.100
     35684.270   0.000   0.100
     36242.941   2.000   0.100
     36801.617   0.000   0.100
     37360.289   0.000   0.100
     37918.965   0.000   0.100
     38477.641   0.000   0.100
     39036.313   0.000   0.100
     39594.988   1.000   0.100
     40153.660   1.000   0.100
     40712.336   3.000   0.100
     41271.008   0.000   0.100
     41829.684   1.000   0.100
     42388.355   1.000   0.100
     42947.031   0.000   0.100
     43505.707   1.000   0.100
     44064.379   0.000   0.100
     44623.055   0.000   0.100
     45181.727   0.000   0.100
     45740.402   0.000   0.100
     46299.074   0.000   0.100
     46857.750   0.000   0.100
     47416.426   0.000   0.100
     47975.098   0.000   0.100
     48533.773   0.000   0.100
     49092.445   0.000   0.100
     49651.121   0.000   0.100
     50209.793   0.000   0.100
     50768.469   0.000   0.100
     51327.145   0.000   0.100
     51885.816   0.000   0.100
     52444.492   0.000   0.100
     53003.164   0.000   0.100
     53561.840   0.000   0.100
     54120.512   0.000   0.100
     54679.188   0.000   0.100
     55237.859   0.000   0.100
     55796.535   0.000   0.100
     56355.211   0.000   0.100
     56913.883   1.000   0.100
     57472.559   0.000   0.100
