27.7 4.1
27.7046 4.10157
27.7092 4.10322
27.7138 4.10497
27.7184 4.10681
27.723 4.10874
27.7276 4.11075
27.7322 4.11284
27.7368 4.11502
27.7414 4.11727
27.746 4.1196
27.7506 4.122
27.7552 4.12447
27.7598 4.12701
27.7644 4.12962
27.769 4.13229
27.7736 4.13503
27.7782 4.13782
27.7828 4.14068
27.7874 4.14358
27.792 4.14655
27.7966 4.14956
27.8012 4.15262
27.8058 4.15573
27.8104 4.15889
27.815 4.16209
27.8196 4.16532
27.8242 4.1686
27.8288 4.17191
27.8334 4.17526
27.838 4.17863
27.8426 4.18204
27.8472 4.18547
27.8518 4.18893
27.8564 4.19241
27.861 4.19591
27.8656 4.19943
27.8702 4.20296
27.8748 4.20651
27.8794 4.21007
27.884 4.21364
27.8886 4.21721
27.8932 4.22079
27.8978 4.22437
27.9024 4.22796
27.907 4.23154
27.9116 4.23511
27.9162 4.23868
27.9208 4.24225
27.9254 4.2458
27.93 4.24933
27.9346 4.25286
27.9392 4.25636
27.9438 4.25985
27.9484 4.26331
27.953 4.26675
27.9576 4.27017
27.9622 4.27355
27.9668 4.27691
27.9714 4.28023
27.976 4.28351
27.9806 4.28676
27.9852 4.28997
27.9898 4.29314
27.9944 4.29626
27.999 4.29934
28.0036 4.30237
28.0082 4.30535
28.0128 4.30828
28.0174 4.31116
28.022 4.31399
28.0266 4.31678
28.0312 4.31952
28.0358 4.32221
28.0404 4.32485
28.045 4.32745
28.0496 4.32999
28.0542 4.33249
28.0588 4.33495
28.0634 4.33735
28.068 4.33972
28.0726 4.34203
28.0772 4.3443
28.0818 4.34652
28.0864 4.34869
28.091 4.35082
28.0956 4.35291
28.1002 4.35495
28.1048 4.35694
28.1094 4.35889
28.114 4.36079
28.1186 4.36265
28.1232 4.36447
28.1278 4.36624
28.1324 4.36797
28.137 4.36965
28.1416 4.37129
28.1462 4.37288
28.1508 4.37443
28.1554 4.37594
28.16 4.3774
28.1646 4.37883
28.1692 4.38021
28.1738 4.38154
28.1784 4.38284
28.183 4.38409
28.1876 4.3853
28.1922 4.38646
28.1968 4.38759
28.2014 4.38867
28.206 4.38972
28.2106 4.39072
28.2152 4.39168
28.2198 4.3926
28.2244 4.39348
28.229 4.39432
28.2336 4.39511
28.2382 4.39587
28.2428 4.39659
28.2474 4.39727
28.252 4.39791
28.2566 4.3985
28.2612 4.39906
28.2658 4.39958
28.2704 4.40007
28.275 4.40051
28.2796 4.40091
28.2842 4.40128
28.2888 4.4016
28.2934 4.40189
28.298 4.40214
28.3026 4.40236
28.3072 4.40253
28.3118 4.40267
28.3164 4.40277
28.321 4.40283
28.3256 4.40286
28.3302 4.40285
28.3348 4.4028
28.3394 4.40272
28.344 4.4026
28.3486 4.40245
28.3532 4.40226
28.3578 4.40203
28.3624 4.40177
28.367 4.40147
28.3716 4.40114
28.3762 4.40077
28.3808 4.40037
28.3854 4.39993
28.39 4.39946
28.3946 4.39895
28.3992 4.39841
28.4038 4.39784
28.4084 4.39723
28.413 4.39659
28.4176 4.39591
28.4222 4.3952
28.4268 4.39446
28.4314 4.39369
28.436 4.39288
28.4406 4.39204
28.4452 4.39117
28.4498 4.39026
28.4544 4.38933
28.459 4.38836
28.4636 4.38736
28.4682 4.38632
28.4728 4.38526
28.4774 4.38417
28.482 4.38304
28.4866 4.38188
28.4912 4.3807
28.4958 4.37948
28.5004 4.37823
28.505 4.37695
28.5096 4.37565
28.5142 4.37431
28.5188 4.37294
28.5234 4.37154
28.528 4.37012
28.5326 4.36866
28.5372 4.36718
28.5418 4.36566
28.5464 4.36412
28.551 4.36255
28.5556 4.36095
28.5602 4.35933
28.5648 4.35767
28.5694 4.35599
28.574 4.35428
28.5786 4.35254
28.5832 4.35078
28.5878 4.34898
28.5924 4.34717
28.597 4.34532
28.6016 4.34345
28.6062 4.34155
28.6108 4.33963
28.6154 4.33768
28.62 4.3357
28.6246 4.3337
28.6292 4.33167
28.6338 4.32962
28.6384 4.32754
28.643 4.32544
28.6476 4.32331
28.6522 4.32116
28.6568 4.31898
28.6614 4.31678
28.666 4.31455
28.6706 4.3123
28.6752 4.31003
28.6798 4.30773
28.6844 4.30541
28.689 4.30307
28.6936 4.3007
28.6982 4.29831
28.7028 4.2959
28.7074 4.29347
28.712 4.29101
28.7166 4.28853
28.7212 4.28603
28.7258 4.28351
28.7304 4.28096
28.735 4.2784
28.7396 4.27581
28.7442 4.2732
28.7488 4.27057
28.7534 4.26792
28.758 4.26525
28.7626 4.26255
28.7672 4.25984
28.7718 4.25711
28.7764 4.25436
28.781 4.25159
28.7856 4.24879
28.7902 4.24598
28.7948 4.24315
28.7994 4.2403
28.804 4.23743
28.8086 4.23455
28.8132 4.23164
28.8178 4.22872
28.8224 4.22577
28.827 4.22281
28.8316 4.21983
28.8362 4.21684
28.8408 4.21382
28.8454 4.21079
28.85 4.20774
28.8546 4.20468
28.8592 4.2016
28.8638 4.1985
28.8684 4.19538
28.873 4.19225
28.8776 4.1891
28.8822 4.18594
28.8868 4.18276
28.8914 4.17956
28.896 4.17635
28.9006 4.17312
28.9052 4.16988
28.9098 4.16663
28.9144 4.16335
28.919 4.16007
28.9236 4.15677
28.9282 4.15345
28.9328 4.15013
28.9374 4.14678
28.942 4.14343
28.9466 4.14006
28.9512 4.13667
28.9558 4.13328
28.9604 4.12987
28.965 4.12644
28.9696 4.12301
28.9742 4.11956
28.9788 4.1161
28.9834 4.11263
28.988 4.10914
28.9926 4.10565
28.9972 4.10214
29.0018 4.09862
29.0064 4.09509
29.011 4.09155
29.0156 4.08799
29.0202 4.08443
29.0248 4.08085
29.0294 4.07726
29.034 4.07366
29.0386 4.07005
29.0432 4.06643
29.0478 4.06279
29.0524 4.05915
29.057 4.05549
29.0616 4.05182
29.0662 4.04813
29.0708 4.04444
29.0754 4.04073
29.08 4.03702
29.0846 4.03328
29.0892 4.02954
29.0938 4.02579
29.0984 4.02202
29.103 4.01824
29.1076 4.01445
29.1122 4.01065
29.1168 4.00683
29.1214 4.003
29.126 3.99916
29.1306 3.99531
29.1352 3.99144
29.1398 3.98756
29.1444 3.98367
29.149 3.97977
29.1536 3.97585
29.1582 3.97192
29.1628 3.96798
29.1674 3.96403
29.172 3.96006
29.1766 3.95608
29.1812 3.95209
29.1858 3.94808
29.1904 3.94406
29.195 3.94003
29.1996 3.93599
29.2042 3.93193
29.2088 3.92786
29.2134 3.92378
29.218 3.91968
29.2226 3.91557
29.2272 3.91145
29.2318 3.90731
29.2364 3.90316
29.241 3.899
29.2456 3.89482
29.2502 3.89063
29.2548 3.88642
29.2594 3.88221
29.264 3.87798
29.2686 3.87373
29.2732 3.86947
29.2778 3.8652
29.2824 3.86092
29.287 3.85662
29.2916 3.85231
29.2962 3.84798
29.3008 3.84364
29.3054 3.83928
29.31 3.83492
29.3146 3.83053
29.3192 3.82614
29.3238 3.82173
29.3284 3.8173
29.333 3.81286
29.3376 3.80841
29.3422 3.80394
29.3468 3.79946
29.3514 3.79497
29.356 3.79046
29.3606 3.78593
29.3652 3.78139
29.3698 3.77684
29.3744 3.77227
29.379 3.76769
29.3836 3.7631
29.3882 3.75849
29.3928 3.75386
29.3974 3.74922
29.402 3.74456
29.4066 3.73989
29.4112 3.73521
29.4158 3.73051
29.4204 3.7258
29.425 3.72107
29.4296 3.71632
29.4342 3.71156
29.4388 3.70679
29.4434 3.702
29.448 3.6972
29.4526 3.69238
29.4572 3.68754
29.4618 3.6827
29.4664 3.67783
29.471 3.67295
29.4756 3.66806
29.4802 3.66314
29.4848 3.65822
29.4894 3.65328
29.494 3.64832
29.4986 3.64335
29.5032 3.63836
29.5078 3.63336
29.5124 3.62834
29.517 3.6233
29.5216 3.61825
29.5262 3.61319
29.5308 3.6081
29.5354 3.60301
29.54 3.59789
29.5446 3.59276
29.5492 3.58762
29.5538 3.58246
29.5584 3.57728
29.563 3.57209
29.5676 3.56688
29.5722 3.56165
29.5768 3.55641
29.5814 3.55115
29.586 3.54588
29.5906 3.54059
29.5952 3.53528
29.5998 3.52996
29.6044 3.52462
29.609 3.51926
29.6136 3.51389
29.6182 3.5085
29.6228 3.5031
29.6274 3.49768
29.632 3.49224
29.6366 3.48678
29.6412 3.48131
29.6458 3.47582
29.6504 3.47032
29.655 3.4648
29.6596 3.45926
29.6642 3.4537
29.6688 3.44813
29.6734 3.44254
29.678 3.43693
29.6826 3.43131
29.6872 3.42567
29.6918 3.42001
29.6964 3.41434
29.701 3.40864
29.7056 3.40294
29.7102 3.39721
29.7148 3.39147
29.7194 3.3857
29.724 3.37993
29.7286 3.37413
29.7332 3.36832
29.7378 3.36249
29.7424 3.35664
29.747 3.35077
29.7516 3.34489
29.7562 3.33899
29.7608 3.33307
29.7654 3.32713
29.77 3.32118
29.7746 3.31521
29.7792 3.30922
29.7838 3.30321
29.7884 3.29718
29.793 3.29114
29.7976 3.28508
29.8022 3.279
29.8068 3.2729
29.8114 3.26679
29.816 3.26065
29.8206 3.2545
29.8252 3.24833
29.8298 3.24214
29.8344 3.23594
29.839 3.22971
29.8436 3.22347
29.8482 3.21721
29.8528 3.21093
29.8574 3.20463
29.862 3.19831
29.8666 3.19197
29.8712 3.18562
29.8758 3.17925
29.8804 3.17286
29.885 3.16645
29.8896 3.16002
29.8942 3.15357
29.8988 3.1471
29.9034 3.14062
29.908 3.13411
29.9126 3.12759
29.9172 3.12105
29.9218 3.11449
29.9264 3.10791
29.931 3.10131
29.9356 3.09469
29.9402 3.08805
29.9448 3.08139
29.9494 3.07472
29.954 3.06802
29.9586 3.06131
29.9632 3.05457
29.9678 3.04782
29.9724 3.04105
29.977 3.03425
29.9816 3.02744
29.9862 3.02061
29.9908 3.01376
29.9954 3.00689
30 3
