1 3
1.032 3.03165
1.064 3.06259
1.096 3.09285
1.128 3.12242
1.16 3.15131
1.192 3.17955
1.224 3.20712
1.256 3.23406
1.288 3.26035
1.32 3.28602
1.352 3.31107
1.384 3.33551
1.416 3.35935
1.448 3.3826
1.48 3.40527
1.512 3.42737
1.544 3.4489
1.576 3.46988
1.608 3.49032
1.64 3.51022
1.672 3.52959
1.704 3.54845
1.736 3.5668
1.768 3.58465
1.8 3.60201
1.832 3.61889
1.864 3.6353
1.896 3.65125
1.928 3.66674
1.96 3.68179
1.992 3.69641
2.024 3.7106
2.056 3.72438
2.088 3.73774
2.12 3.75069
2.152 3.76324
2.184 3.77539
2.216 3.78715
2.248 3.79852
2.28 3.80951
2.312 3.82012
2.344 3.83036
2.376 3.84023
2.408 3.84975
2.44 3.8589
2.472 3.86771
2.504 3.87617
2.536 3.88429
2.568 3.89207
2.6 3.89953
2.632 3.90665
2.664 3.91346
2.696 3.91996
2.728 3.92615
2.76 3.93203
2.792 3.93761
2.824 3.9429
2.856 3.9479
2.888 3.95262
2.92 3.95706
2.952 3.96123
2.984 3.96513
3.016 3.96877
3.048 3.97215
3.08 3.97528
3.112 3.97817
3.144 3.98081
3.176 3.98322
3.208 3.98539
3.24 3.98735
3.272 3.98908
3.304 3.99059
3.336 3.9919
3.368 3.993
3.4 3.9939
3.432 3.9946
3.464 3.99512
3.496 3.99545
3.528 3.99561
3.56 3.99559
3.592 3.99541
3.624 3.99506
3.656 3.99455
3.688 3.99389
3.72 3.99308
3.752 3.99213
3.784 3.99105
3.816 3.98983
3.848 3.98849
3.88 3.98702
3.912 3.98544
3.944 3.98375
3.976 3.98196
4.008 3.98006
4.04 3.97807
4.072 3.97598
4.104 3.97382
4.136 3.97157
4.168 3.96925
4.2 3.96686
4.232 3.96441
4.264 3.9619
4.296 3.95933
4.328 3.95672
4.36 3.95407
4.392 3.95137
4.424 3.94865
4.456 3.94589
4.488 3.94312
4.52 3.94033
4.552 3.93753
4.584 3.93472
4.616 3.93191
4.648 3.9291
4.68 3.9263
4.712 3.92352
4.744 3.92076
4.776 3.91802
4.808 3.91531
4.84 3.91264
4.872 3.91001
4.904 3.90743
4.936 3.90489
4.968 3.90242
5 3.9
5.032 3.89766
5.064 3.89546
5.096 3.89345
5.128 3.89172
5.16 3.89032
5.192 3.88932
5.224 3.8888
5.256 3.88881
5.288 3.88942
5.32 3.89071
5.352 3.89273
5.384 3.89557
5.416 3.89927
5.448 3.90392
5.48 3.90957
5.512 3.9163
5.544 3.92417
5.576 3.93325
5.608 3.94361
5.64 3.95531
5.672 3.96842
5.704 3.98301
5.736 3.99915
5.768 4.0169
5.8 4.03632
5.832 4.0575
5.864 4.08049
5.896 4.10536
5.928 4.13218
5.96 4.16102
5.992 4.19194
6.024 4.22499
6.056 4.26013
6.088 4.29724
6.12 4.33621
6.152 4.37692
6.184 4.41925
6.216 4.46311
6.248 4.50837
6.28 4.55493
6.312 4.60266
6.344 4.65146
6.376 4.70121
6.408 4.7518
6.44 4.80312
6.472 4.85505
6.504 4.90748
6.536 4.9603
6.568 5.0134
6.6 5.06666
6.632 5.11996
6.664 5.17321
6.696 5.22628
6.728 5.27905
6.76 5.33143
6.792 5.38329
6.824 5.43452
6.856 5.48501
6.888 5.53464
6.92 5.58331
6.952 5.63089
6.984 5.67729
7.016 5.72238
7.048 5.76612
7.08 5.80855
7.112 5.84969
7.144 5.88958
7.176 5.92824
7.208 5.96571
7.24 6.00202
7.272 6.03719
7.304 6.07126
7.336 6.10427
7.368 6.13623
7.4 6.16718
7.432 6.19715
7.464 6.22618
7.496 6.25429
7.528 6.28151
7.56 6.30787
7.592 6.33341
7.624 6.35816
7.656 6.38215
7.688 6.4054
7.72 6.42794
7.752 6.44982
7.784 6.47106
7.816 6.49169
7.848 6.51173
7.88 6.53123
7.912 6.55022
7.944 6.56871
7.976 6.58675
8.008 6.60437
8.04 6.62158
8.072 6.63839
8.104 6.65481
8.136 6.67085
8.168 6.6865
8.2 6.70178
8.232 6.71668
8.264 6.73121
8.296 6.74539
8.328 6.7592
8.36 6.77266
8.392 6.78576
8.424 6.79853
8.456 6.81095
8.488 6.82304
8.52 6.8348
8.552 6.84623
8.584 6.85734
8.616 6.86813
8.648 6.87862
8.68 6.88879
8.712 6.89867
8.744 6.90824
8.776 6.91752
8.808 6.92652
8.84 6.93523
8.872 6.94366
8.904 6.95182
8.936 6.9597
8.968 6.96733
9 6.97469
9.032 6.9818
9.064 6.98865
9.096 6.99527
9.128 7.00164
9.16 7.00777
9.192 7.01367
9.224 7.01934
9.256 7.0248
9.288 7.03003
9.32 7.03505
9.352 7.03986
9.384 7.04447
9.416 7.04888
9.448 7.0531
9.48 7.05713
9.512 7.06097
9.544 7.06463
9.576 7.06811
9.608 7.07143
9.64 7.07458
9.672 7.07757
9.704 7.0804
9.736 7.08308
9.768 7.08561
9.8 7.088
9.832 7.09025
9.864 7.09237
9.896 7.09436
9.928 7.09623
9.96 7.09798
9.992 7.09961
10.024 7.10113
10.056 7.10255
10.088 7.10385
10.12 7.10505
10.152 7.10613
10.184 7.10711
10.216 7.10797
10.248 7.10872
10.28 7.10936
10.312 7.10989
10.344 7.1103
10.376 7.1106
10.408 7.11079
10.44 7.11086
10.472 7.11081
10.504 7.11065
10.536 7.11037
10.568 7.10998
10.6 7.10947
10.632 7.10884
10.664 7.10809
10.696 7.10723
10.728 7.10624
10.76 7.10514
10.792 7.10391
10.824 7.10256
10.856 7.1011
10.888 7.09951
10.92 7.09779
10.952 7.09596
10.984 7.094
11.016 7.09192
11.048 7.08971
11.08 7.08738
11.112 7.08492
11.144 7.08234
11.176 7.07963
11.208 7.0768
11.24 7.07383
11.272 7.07074
11.304 7.06752
11.336 7.06417
11.368 7.0607
11.4 7.05709
11.432 7.05335
11.464 7.04948
11.496 7.04548
11.528 7.04135
11.56 7.03708
11.592 7.03269
11.624 7.02816
11.656 7.02349
11.688 7.01869
11.72 7.01376
11.752 7.00869
11.784 7.00348
11.816 6.99814
11.848 6.99266
11.88 6.98705
11.912 6.98129
11.944 6.9754
11.976 6.96937
12.008 6.9632
12.04 6.95689
12.072 6.95044
12.104 6.94384
12.136 6.93711
12.168 6.93023
12.2 6.92322
12.232 6.91606
12.264 6.90875
12.296 6.9013
12.328 6.89371
12.36 6.88597
12.392 6.87809
12.424 6.87006
12.456 6.86188
12.488 6.85356
12.52 6.84509
12.552 6.83647
12.584 6.82771
12.616 6.81879
12.648 6.80973
12.68 6.80051
12.712 6.79114
12.744 6.78163
12.776 6.77196
12.808 6.76214
12.84 6.75217
12.872 6.74204
12.904 6.73176
12.936 6.72133
12.968 6.71074
13 6.7
13.032 6.6891
13.064 6.67805
13.096 6.66684
13.128 6.65549
13.16 6.64398
13.192 6.63232
13.224 6.62051
13.256 6.60856
13.288 6.59646
13.32 6.58421
13.352 6.57182
13.384 6.55929
13.416 6.54661
13.448 6.53379
13.48 6.52084
13.512 6.50774
13.544 6.49451
13.576 6.48114
13.608 6.46764
13.64 6.454
13.672 6.44023
13.704 6.42632
13.736 6.41229
13.768 6.39813
13.8 6.38384
13.832 6.36942
13.864 6.35487
13.896 6.3402
13.928 6.32541
13.96 6.31049
13.992 6.29545
14.024 6.2803
14.056 6.26502
14.088 6.24962
14.12 6.23411
14.152 6.21848
14.184 6.20273
14.216 6.18688
14.248 6.1709
14.28 6.15482
14.312 6.13863
14.344 6.12233
14.376 6.10592
14.408 6.0894
14.44 6.07278
14.472 6.05605
14.504 6.03922
14.536 6.02229
14.568 6.00525
14.6 5.98812
14.632 5.97088
14.664 5.95355
14.696 5.93612
14.728 5.9186
14.76 5.90098
14.792 5.88326
14.824 5.86546
14.856 5.84756
14.888 5.82958
14.92 5.8115
14.952 5.79334
14.984 5.77509
15.016 5.75676
15.048 5.73834
15.08 5.71983
15.112 5.70125
15.144 5.68258
15.176 5.66384
15.208 5.64501
15.24 5.62611
15.272 5.60713
15.304 5.58808
15.336 5.56895
15.368 5.54975
15.4 5.53048
15.432 5.51113
15.464 5.49172
15.496 5.47224
15.528 5.45269
15.56 5.43307
15.592 5.41339
15.624 5.39365
15.656 5.37384
15.688 5.35397
15.72 5.33404
15.752 5.31405
15.784 5.294
15.816 5.27389
15.848 5.25373
15.88 5.23351
15.912 5.21324
15.944 5.19292
15.976 5.17254
16.008 5.15211
16.04 5.13164
16.072 5.11111
16.104 5.09054
16.136 5.06993
16.168 5.04926
16.2 5.02856
16.232 5.00781
16.264 4.98702
16.296 4.96619
16.328 4.94532
16.36 4.92441
16.392 4.90347
16.424 4.88249
16.456 4.86147
16.488 4.84043
16.52 4.81934
16.552 4.79823
16.584 4.77709
16.616 4.75592
16.648 4.73472
16.68 4.71349
16.712 4.69224
16.744 4.67096
16.776 4.64966
16.808 4.62834
16.84 4.607
16.872 4.58563
16.904 4.56425
16.936 4.54285
16.968 4.52143
