17 4.5
17.0214 4.5637
17.0428 4.62639
17.0642 4.6881
17.0856 4.74881
17.107 4.80855
17.1284 4.86732
17.1498 4.92512
17.1712 4.98197
17.1926 5.03787
17.214 5.09283
17.2354 5.14685
17.2568 5.19995
17.2782 5.25213
17.2996 5.30339
17.321 5.35375
17.3424 5.40322
17.3638 5.4518
17.3852 5.49949
17.4066 5.54631
17.428 5.59226
17.4494 5.63735
17.4708 5.68159
17.4922 5.72499
17.5136 5.76754
17.535 5.80927
17.5564 5.85017
17.5778 5.89026
17.5992 5.92954
17.6206 5.96802
17.642 6.00571
17.6634 6.04261
17.6848 6.07874
17.7062 6.11409
17.7276 6.14868
17.749 6.18251
17.7704 6.2156
17.7918 6.24794
17.8132 6.27955
17.8346 6.31044
17.856 6.3406
17.8774 6.37006
17.8988 6.39881
17.9202 6.42686
17.9416 6.45422
17.963 6.48091
17.9844 6.50692
18.0058 6.53226
18.0272 6.55694
18.0486 6.58097
18.07 6.60435
18.0914 6.6271
18.1128 6.64922
18.1342 6.67071
18.1556 6.69159
18.177 6.71187
18.1984 6.73154
18.2198 6.75062
18.2412 6.76912
18.2626 6.78703
18.284 6.80438
18.3054 6.82116
18.3268 6.83739
18.3482 6.85307
18.3696 6.86821
18.391 6.88282
18.4124 6.89689
18.4338 6.91046
18.4552 6.92351
18.4766 6.93605
18.498 6.9481
18.5194 6.95966
18.5408 6.97074
18.5622 6.98135
18.5836 6.99149
18.605 7.00117
18.6264 7.0104
18.6478 7.01918
18.6692 7.02753
18.6906 7.03544
18.712 7.04294
18.7334 7.05002
18.7548 7.05669
18.7762 7.06297
18.7976 7.06885
18.819 7.07434
18.8404 7.07946
18.8618 7.08421
18.8832 7.08859
18.9046 7.09262
18.926 7.09631
18.9474 7.09965
18.9688 7.10266
18.9902 7.10534
19.0116 7.10771
19.033 7.10976
19.0544 7.11151
19.0758 7.11296
19.0972 7.11413
19.1186 7.11502
19.14 7.11563
19.1614 7.11597
19.1828 7.11606
19.2042 7.11589
19.2256 7.11548
19.247 7.11484
19.2684 7.11396
19.2898 7.11287
19.3112 7.11155
19.3326 7.11004
19.354 7.10832
19.3754 7.10641
19.3968 7.10431
19.4182 7.10204
19.4396 7.0996
19.461 7.09699
19.4824 7.09423
19.5038 7.09133
19.5252 7.08828
19.5466 7.0851
19.568 7.0818
19.5894 7.07837
19.6108 7.07484
19.6322 7.0712
19.6536 7.06747
19.675 7.06365
19.6964 7.05975
19.7178 7.05577
19.7392 7.05173
19.7606 7.04763
19.782 7.04348
19.8034 7.03929
19.8248 7.03506
19.8462 7.0308
19.8676 7.02651
19.889 7.02222
19.9104 7.01792
19.9318 7.01362
19.9532 7.00932
19.9746 7.00505
19.996 7.00079
20.0174 6.99657
20.0388 6.99237
20.0602 6.98821
20.0816 6.98407
20.103 6.97996
20.1244 6.97588
20.1458 6.97182
20.1672 6.96778
20.1886 6.96376
20.21 6.95977
20.2314 6.95579
20.2528 6.95183
20.2742 6.94788
20.2956 6.94395
20.317 6.94004
20.3384 6.93613
20.3598 6.93224
20.3812 6.92835
20.4026 6.92447
20.424 6.9206
20.4454 6.91673
20.4668 6.91287
20.4882 6.90901
20.5096 6.90515
20.531 6.90129
20.5524 6.89743
20.5738 6.89357
20.5952 6.8897
20.6166 6.88583
20.638 6.88195
20.6594 6.87806
20.6808 6.87416
20.7022 6.87025
20.7236 6.86633
20.745 6.86239
20.7664 6.85844
20.7878 6.85447
20.8092 6.85048
20.8306 6.84648
20.852 6.84245
20.8734 6.83841
20.8948 6.83434
20.9162 6.83024
20.9376 6.82612
20.959 6.82197
20.9804 6.8178
21.0018 6.81359
21.0232 6.80935
21.0446 6.80508
21.066 6.80078
21.0874 6.79644
21.1088 6.79206
21.1302 6.78765
21.1516 6.78319
21.173 6.7787
21.1944 6.77416
21.2158 6.76958
21.2372 6.76496
21.2586 6.76028
21.28 6.75557
21.3014 6.7508
21.3228 6.74598
21.3442 6.74111
21.3656 6.73619
21.387 6.73121
21.4084 6.72618
21.4298 6.72109
21.4512 6.71595
21.4726 6.71074
21.494 6.70547
21.5154 6.70014
21.5368 6.69475
21.5582 6.68929
21.5796 6.68377
21.601 6.67817
21.6224 6.67251
21.6438 6.66678
21.6652 6.66098
21.6866 6.6551
21.708 6.64915
21.7294 6.64312
21.7508 6.63702
21.7722 6.63084
21.7936 6.62457
21.815 6.61823
21.8364 6.6118
21.8578 6.60529
21.8792 6.5987
21.9006 6.59202
21.922 6.58525
21.9434 6.57839
21.9648 6.57144
21.9862 6.5644
22.0076 6.55726
22.029 6.55003
22.0504 6.54271
22.0718 6.53528
22.0932 6.52776
22.1146 6.52014
22.136 6.51242
22.1574 6.50459
22.1788 6.49666
22.2002 6.48863
22.2216 6.48048
22.243 6.47223
22.2644 6.46387
22.2858 6.4554
22.3072 6.44682
22.3286 6.43812
22.35 6.42931
22.3714 6.42038
22.3928 6.41134
22.4142 6.40217
22.4356 6.39289
22.457 6.38348
22.4784 6.37395
22.4998 6.3643
22.5212 6.35452
22.5426 6.34462
22.564 6.33458
22.5854 6.32442
22.6068 6.31412
22.6282 6.30369
22.6496 6.29313
22.671 6.28244
22.6924 6.2716
22.7138 6.26063
22.7352 6.24952
22.7566 6.23827
22.778 6.22688
22.7994 6.21534
22.8208 6.20366
22.8422 6.19184
22.8636 6.17986
22.885 6.16774
22.9064 6.15547
22.9278 6.14305
22.9492 6.13047
22.9706 6.11774
22.992 6.10486
23.0134 6.09182
23.0348 6.07863
23.0562 6.06531
23.0776 6.05188
23.099 6.03835
23.1204 6.02474
23.1418 6.01106
23.1632 5.99734
23.1846 5.98358
23.206 5.96981
23.2274 5.95605
23.2488 5.9423
23.2702 5.92858
23.2916 5.91491
23.313 5.90131
23.3344 5.8878
23.3558 5.87439
23.3772 5.86109
23.3986 5.84792
23.42 5.83491
23.4414 5.82206
23.4628 5.80939
23.4842 5.79693
23.5056 5.78467
23.527 5.77265
23.5484 5.76088
23.5698 5.74938
23.5912 5.73815
23.6126 5.72722
23.634 5.71661
23.6554 5.70633
23.6768 5.69639
23.6982 5.68682
23.7196 5.67763
23.741 5.66884
23.7624 5.66046
23.7838 5.65251
23.8052 5.645
23.8266 5.63796
23.848 5.6314
23.8694 5.62533
23.8908 5.61977
23.9122 5.61474
23.9336 5.61026
23.955 5.60634
23.9764 5.603
23.9978 5.60025
24.0192 5.59811
24.0406 5.59656
24.062 5.59558
24.0834 5.59516
24.1048 5.59526
24.1262 5.59588
24.1476 5.59698
24.169 5.59855
24.1904 5.60057
24.2118 5.60302
24.2332 5.60586
24.2546 5.6091
24.276 5.61269
24.2974 5.61663
24.3188 5.62088
24.3402 5.62544
24.3616 5.63027
24.383 5.63537
24.4044 5.64069
24.4258 5.64624
24.4472 5.65198
24.4686 5.65789
24.49 5.66395
24.5114 5.67015
24.5328 5.67645
24.5542 5.68285
24.5756 5.68931
24.597 5.69582
24.6184 5.70236
24.6398 5.7089
24.6612 5.71542
24.6826 5.72191
24.704 5.72834
24.7254 5.7347
24.7468 5.74095
24.7682 5.74708
24.7896 5.75307
24.811 5.7589
24.8324 5.76454
24.8538 5.76998
24.8752 5.77519
24.8966 5.78016
24.918 5.78486
24.9394 5.78927
24.9608 5.79337
24.9822 5.79713
25.0036 5.80055
25.025 5.8036
25.0464 5.80629
25.0678 5.80861
25.0892 5.81059
25.1106 5.81222
25.132 5.8135
25.1534 5.81445
25.1748 5.81506
25.1962 5.81535
25.2176 5.81532
25.239 5.81496
25.2604 5.8143
25.2818 5.81333
25.3032 5.81206
25.3246 5.8105
25.346 5.80864
25.3674 5.8065
25.3888 5.80407
25.4102 5.80138
25.4316 5.79841
25.453 5.79517
25.4744 5.79168
25.4958 5.78793
25.5172 5.78394
25.5386 5.7797
25.56 5.77522
25.5814 5.7705
25.6028 5.76556
25.6242 5.7604
25.6456 5.75501
25.667 5.74942
25.6884 5.74361
25.7098 5.7376
25.7312 5.7314
25.7526 5.725
25.774 5.71842
25.7954 5.71165
25.8168 5.70471
25.8382 5.6976
25.8596 5.69031
25.881 5.68287
25.9024 5.67528
25.9238 5.66753
25.9452 5.65963
25.9666 5.6516
25.988 5.64343
26.0094 5.63513
26.0308 5.62671
26.0522 5.61816
26.0736 5.6095
26.095 5.60074
26.1164 5.59186
26.1378 5.58289
26.1592 5.57383
26.1806 5.56467
26.202 5.55544
26.2234 5.54612
26.2448 5.53674
26.2662 5.52728
26.2876 5.51776
26.309 5.50819
26.3304 5.49856
26.3518 5.48888
26.3732 5.47917
26.3946 5.46942
26.416 5.45963
26.4374 5.44982
26.4588 5.43999
26.4802 5.43014
26.5016 5.42028
26.523 5.41042
26.5444 5.40055
26.5658 5.39069
26.5872 5.38084
26.6086 5.37101
26.63 5.36119
26.6514 5.3514
26.6728 5.34165
26.6942 5.33192
26.7156 5.32224
26.737 5.31261
26.7584 5.30302
26.7798 5.2935
26.8012 5.28403
26.8226 5.27464
26.844 5.26531
26.8654 5.25606
26.8868 5.2469
26.9082 5.23782
26.9296 5.22884
26.951 5.21995
26.9724 5.21117
26.9938 5.20249
27.0152 5.19392
27.0366 5.18536
27.058 5.17665
27.0794 5.16765
27.1008 5.15821
27.1222 5.14817
27.1436 5.13738
27.165 5.1257
27.1864 5.11296
27.2078 5.09903
27.2292 5.08374
27.2506 5.06695
27.272 5.04851
27.2934 5.02827
27.3148 5.00606
27.3362 4.98176
27.3576 4.9552
27.379 4.92622
27.4004 4.89469
27.4218 4.86045
27.4432 4.82335
27.4646 4.78324
27.486 4.73996
27.5074 4.69337
27.5288 4.64331
27.5502 4.58964
27.5716 4.5322
27.593 4.47084
27.6144 4.40542
27.6358 4.33577
27.6572 4.26175
27.6786 4.18321
27.7 4.1
