1 3
1.05333 3.04189
1.10667 3.0837
1.16 3.12536
1.21333 3.16678
1.26667 3.2079
1.32 3.24862
1.37333 3.28887
1.42667 3.32858
1.48 3.36766
1.53333 3.40604
1.58667 3.44364
1.64 3.48038
1.69333 3.51619
1.74667 3.55098
1.8 3.58468
1.85333 3.61721
1.90667 3.64849
1.96 3.67845
2.01333 3.707
2.06667 3.73411
2.12 3.75979
2.17333 3.78408
2.22667 3.807
2.28 3.8286
2.33333 3.8489
2.38667 3.86793
2.44 3.88573
2.49333 3.90232
2.54667 3.91774
2.6 3.93202
2.65333 3.94519
2.70667 3.95727
2.76 3.96831
2.81333 3.97833
2.86667 3.98737
2.92 3.99545
2.97333 4.00261
3.02667 4.00888
3.08 4.01429
3.13333 4.01887
3.18667 4.02265
3.24 4.02566
3.29333 4.02794
3.34667 4.02952
3.4 4.03042
3.45333 4.03068
3.50667 4.03034
3.56 4.02941
3.61333 4.02794
3.66667 4.02595
3.72 4.02347
3.77333 4.02054
3.82667 4.01719
3.88 4.01345
3.93333 4.00935
3.98667 4.00492
4.04 4.00019
4.09333 3.9952
4.14667 3.98997
4.2 3.98455
4.25333 3.97894
4.30667 3.9732
4.36 3.96735
4.41333 3.96142
4.46667 3.95544
4.52 3.94945
4.57333 3.94348
4.62667 3.93755
4.68 3.9317
4.73333 3.92596
4.78667 3.92036
4.84 3.91493
4.89333 3.90971
4.94667 3.90472
5 3.9
5.05333 3.89562
5.10667 3.89184
5.16 3.88897
5.21333 3.88731
5.26667 3.88715
5.32 3.88882
5.37333 3.8926
5.42667 3.8988
5.48 3.90773
5.53333 3.91969
5.58667 3.93499
5.64 3.95392
5.69333 3.97679
5.74667 4.00391
5.8 4.03557
5.85333 4.07209
5.90667 4.11376
5.96 4.16089
6.01333 4.21378
6.06667 4.27247
6.12 4.3365
6.17333 4.40535
6.22667 4.47849
6.28 4.55541
6.33333 4.63559
6.38667 4.7185
6.44 4.80362
6.49333 4.89044
6.54667 4.97843
6.6 5.06706
6.65333 5.15583
6.70667 5.24421
6.76 5.33167
6.81333 5.4177
6.86667 5.50178
6.92 5.58338
6.97333 5.66198
7.02667 5.73709
7.08 5.80849
7.13333 5.87634
7.18667 5.94076
7.24 6.0019
7.29333 6.0599
7.34667 6.1149
7.4 6.16705
7.45333 6.21648
7.50667 6.26334
7.56 6.30777
7.61333 6.3499
7.66667 6.38989
7.72 6.42788
7.77333 6.464
7.82667 6.49839
7.88 6.53121
7.93333 6.56259
7.98667 6.59267
8.04 6.62158
8.09333 6.64939
8.14667 6.67612
8.2 6.70179
8.25333 6.72642
8.30667 6.75004
8.36 6.77266
8.41333 6.79431
8.46667 6.815
8.52 6.83477
8.57333 6.85364
8.62667 6.87162
8.68 6.88874
8.73333 6.90501
8.78667 6.92047
8.84 6.93513
8.89333 6.94902
8.94667 6.96216
9 6.97456
9.05333 6.98626
9.10667 6.99727
9.16 7.00761
9.21333 7.01731
9.26667 7.02639
9.32 7.03488
9.37333 7.04278
9.42667 7.05013
9.48 7.05695
9.53333 7.06326
9.58667 7.06907
9.64 7.07442
9.69333 7.07933
9.74667 7.08381
9.8 7.08789
9.85333 7.0916
9.90667 7.09494
9.96 7.09795
10.0133 7.10065
10.0667 7.10304
10.12 7.10514
10.1733 7.10693
10.2267 7.10842
10.28 7.1096
10.3333 7.11047
10.3867 7.11103
10.44 7.11127
10.4933 7.11119
10.5467 7.11079
10.6 7.11007
10.6533 7.10902
10.7067 7.10765
10.76 7.10594
10.8133 7.10389
10.8667 7.10151
10.92 7.09879
10.9733 7.09573
11.0267 7.09232
11.08 7.08857
11.1333 7.08447
11.1867 7.08001
11.24 7.0752
11.2933 7.07003
11.3467 7.0645
11.4 7.05861
11.4533 7.05235
11.5067 7.04572
11.56 7.03872
11.6133 7.03135
11.6667 7.02361
11.72 7.01548
11.7733 7.00697
11.8267 6.99808
11.88 6.9888
11.9333 6.97913
11.9867 6.96907
12.04 6.95862
12.0933 6.94777
12.1467 6.93652
12.2 6.92487
12.2533 6.91281
12.3067 6.90034
12.36 6.88747
12.4133 6.87418
12.4667 6.86047
12.52 6.84635
12.5733 6.83181
12.6267 6.81684
12.68 6.80145
12.7333 6.78563
12.7867 6.76937
12.84 6.75269
12.8933 6.73557
12.9467 6.718
13 6.7
13.0533 6.68155
13.1067 6.66267
13.16 6.64335
13.2133 6.62361
13.2667 6.60344
13.32 6.58286
13.3733 6.56188
13.4267 6.54049
13.48 6.5187
13.5333 6.49652
13.5867 6.47396
13.64 6.45101
13.6933 6.4277
13.7467 6.40401
13.8 6.37997
13.8533 6.35557
13.9067 6.33082
13.96 6.30572
14.0133 6.28029
14.0667 6.25453
14.12 6.22844
14.1733 6.20203
14.2267 6.17531
14.28 6.14828
14.3333 6.12095
14.3867 6.09332
14.44 6.0654
14.4933 6.03719
14.5467 6.00871
14.6 5.97996
14.6533 5.95094
14.7067 5.92165
14.76 5.89212
14.8133 5.86233
14.8667 5.8323
14.92 5.80204
14.9733 5.77154
15.0267 5.74082
15.08 5.70988
15.1333 5.67872
15.1867 5.64736
15.24 5.6158
15.2933 5.58404
15.3467 5.55209
15.4 5.51996
15.4533 5.48765
15.5067 5.45517
15.56 5.42253
15.6133 5.38972
15.6667 5.35676
15.72 5.32365
15.7733 5.2904
15.8267 5.25701
15.88 5.22349
15.9333 5.18985
15.9867 5.15609
16.04 5.12221
16.0933 5.08823
16.1467 5.05415
16.2 5.01998
16.2533 4.98571
16.3067 4.95137
16.36 4.91694
16.4133 4.88245
16.4667 4.84789
16.52 4.81327
16.5733 4.77859
16.6267 4.74387
16.68 4.70911
16.7333 4.67431
16.7867 4.63949
16.84 4.60464
16.8933 4.56977
16.9467 4.53489
17 4.5
