1 3
1.032 3.02514
1.064 3.05026
1.096 3.07535
1.128 3.10039
1.16 3.12536
1.192 3.15025
1.224 3.17503
1.256 3.1997
1.288 3.22424
1.32 3.24862
1.352 3.27283
1.384 3.29686
1.416 3.32068
1.448 3.34429
1.48 3.36766
1.512 3.39078
1.544 3.41363
1.576 3.43619
1.608 3.45845
1.64 3.48038
1.672 3.50199
1.704 3.52323
1.736 3.54411
1.768 3.5646
1.8 3.58468
1.832 3.60435
1.864 3.62357
1.896 3.64234
1.928 3.66064
1.96 3.67845
1.992 3.69575
2.024 3.71254
2.056 3.7288
2.088 3.74455
2.12 3.75979
2.152 3.77453
2.184 3.78877
2.216 3.80253
2.248 3.8158
2.28 3.8286
2.312 3.84094
2.344 3.85281
2.376 3.86423
2.408 3.8752
2.44 3.88573
2.472 3.89583
2.504 3.9055
2.536 3.91475
2.568 3.92359
2.6 3.93202
2.632 3.94005
2.664 3.94769
2.696 3.95494
2.728 3.96181
2.76 3.96831
2.792 3.97445
2.824 3.98022
2.856 3.98564
2.888 3.99072
2.92 3.99545
2.952 3.99986
2.984 4.00394
3.016 4.0077
3.048 4.01115
3.08 4.01429
3.112 4.01713
3.144 4.01969
3.176 4.02196
3.208 4.02395
3.24 4.02566
3.272 4.02712
3.304 4.02831
3.336 4.02926
3.368 4.02996
3.4 4.03042
3.432 4.03066
3.464 4.03066
3.496 4.03045
3.528 4.03003
3.56 4.02941
3.592 4.02859
3.624 4.02758
3.656 4.02638
3.688 4.02501
3.72 4.02347
3.752 4.02177
3.784 4.01991
3.816 4.01789
3.848 4.01574
3.88 4.01345
3.912 4.01103
3.944 4.00849
3.976 4.00583
4.008 4.00306
4.04 4.00019
4.072 3.99723
4.104 3.99417
4.136 3.99104
4.168 3.98783
4.2 3.98455
4.232 3.9812
4.264 3.97781
4.296 3.97436
4.328 3.97087
4.36 3.96735
4.392 3.9638
4.424 3.96023
4.456 3.95664
4.488 3.95305
4.52 3.94945
4.552 3.94586
4.584 3.94229
4.616 3.93873
4.648 3.9352
4.68 3.9317
4.712 3.92824
4.744 3.92483
4.776 3.92147
4.808 3.91817
4.84 3.91493
4.872 3.91177
4.904 3.90869
4.936 3.9057
4.968 3.9028
5 3.9
5.032 3.89732
5.064 3.89481
5.096 3.89254
5.128 3.89057
5.16 3.88897
5.192 3.88781
5.224 3.88714
5.256 3.88705
5.288 3.88758
5.32 3.88882
5.352 3.89081
5.384 3.89363
5.416 3.89735
5.448 3.90203
5.48 3.90773
5.512 3.91453
5.544 3.92248
5.576 3.93165
5.608 3.94211
5.64 3.95392
5.672 3.96715
5.704 3.98187
5.736 3.99813
5.768 4.01601
5.8 4.03557
5.832 4.05688
5.864 4.08
5.896 4.105
5.928 4.13194
5.96 4.16089
5.992 4.19191
6.024 4.22506
6.056 4.26029
6.088 4.29747
6.12 4.3365
6.152 4.37726
6.184 4.41965
6.216 4.46354
6.248 4.50884
6.28 4.55541
6.312 4.60316
6.344 4.65197
6.376 4.70172
6.408 4.75231
6.44 4.80362
6.472 4.85554
6.504 4.90796
6.536 4.96076
6.568 5.01383
6.6 5.06706
6.632 5.12034
6.664 5.17355
6.696 5.22659
6.728 5.27933
6.76 5.33167
6.792 5.38349
6.824 5.43469
6.856 5.48514
6.888 5.53474
6.92 5.58338
6.952 5.63093
6.984 5.6773
7.016 5.72236
7.048 5.76609
7.08 5.80849
7.112 5.84962
7.144 5.88949
7.176 5.92814
7.208 5.9656
7.24 6.0019
7.272 6.03707
7.304 6.07114
7.336 6.10414
7.368 6.1361
7.4 6.16705
7.432 6.19702
7.464 6.22605
7.496 6.25417
7.528 6.28139
7.56 6.30777
7.592 6.33331
7.624 6.35807
7.656 6.38206
7.688 6.40532
7.72 6.42788
7.752 6.44976
7.784 6.47101
7.816 6.49165
7.848 6.5117
7.88 6.53121
7.912 6.5502
7.944 6.5687
7.976 6.58675
8.008 6.60437
8.04 6.62158
8.072 6.6384
8.104 6.65482
8.136 6.67086
8.168 6.68651
8.2 6.70179
8.232 6.71669
8.264 6.73122
8.296 6.74539
8.328 6.7592
8.36 6.77266
8.392 6.78576
8.424 6.79852
8.456 6.81094
8.488 6.82302
8.52 6.83477
8.552 6.8462
8.584 6.8573
8.616 6.86809
8.648 6.87857
8.68 6.88874
8.712 6.8986
8.744 6.90817
8.776 6.91744
8.808 6.92643
8.84 6.93513
8.872 6.94356
8.904 6.95171
8.936 6.95959
8.968 6.9672
9 6.97456
9.032 6.98166
9.064 6.98851
9.096 6.99512
9.128 7.00148
9.16 7.00761
9.192 7.01351
9.224 7.01918
9.256 7.02463
9.288 7.02986
9.32 7.03488
9.352 7.03969
9.384 7.04429
9.416 7.0487
9.448 7.05292
9.48 7.05695
9.512 7.06079
9.544 7.06446
9.576 7.06795
9.608 7.07127
9.64 7.07442
9.672 7.07742
9.704 7.08026
9.736 7.08295
9.768 7.08549
9.8 7.08789
9.832 7.09016
9.864 7.09229
9.896 7.0943
9.928 7.09618
9.96 7.09795
9.992 7.0996
10.024 7.10115
10.056 7.10259
10.088 7.10392
10.12 7.10514
10.152 7.10625
10.184 7.10726
10.216 7.10815
10.248 7.10893
10.28 7.1096
10.312 7.11016
10.344 7.11061
10.376 7.11094
10.408 7.11116
10.44 7.11127
10.472 7.11126
10.504 7.11114
10.536 7.1109
10.568 7.11054
10.6 7.11007
10.632 7.10948
10.664 7.10877
10.696 7.10795
10.728 7.107
10.76 7.10594
10.792 7.10475
10.824 7.10344
10.856 7.10202
10.888 7.10047
10.92 7.09879
10.952 7.097
10.984 7.09508
11.016 7.09303
11.048 7.09086
11.08 7.08857
11.112 7.08615
11.144 7.0836
11.176 7.08093
11.208 7.07813
11.24 7.0752
11.272 7.07214
11.304 7.06895
11.336 7.06563
11.368 7.06219
11.4 7.05861
11.432 7.0549
11.464 7.05105
11.496 7.04708
11.528 7.04297
11.56 7.03872
11.592 7.03435
11.624 7.02983
11.656 7.02519
11.688 7.0204
11.72 7.01548
11.752 7.01042
11.784 7.00522
11.816 6.99989
11.848 6.99442
11.88 6.9888
11.912 6.98305
11.944 6.97715
11.976 6.97112
12.008 6.96494
12.04 6.95862
12.072 6.95216
12.104 6.94555
12.136 6.9388
12.168 6.93191
12.2 6.92487
12.232 6.91768
12.264 6.91035
12.296 6.90287
12.328 6.89524
12.36 6.88747
12.392 6.87954
12.424 6.87147
12.456 6.86325
12.488 6.85487
12.52 6.84635
12.552 6.83767
12.584 6.82885
12.616 6.81987
12.648 6.81073
12.68 6.80145
12.712 6.79201
12.744 6.78241
12.776 6.77266
12.808 6.76275
12.84 6.75269
12.872 6.74247
12.904 6.73209
12.936 6.72155
12.968 6.71086
13 6.7
13.032 6.68899
13.064 6.67781
13.096 6.66648
13.128 6.65499
13.16 6.64335
13.192 6.63156
13.224 6.61961
13.256 6.60751
13.288 6.59526
13.32 6.58286
13.352 6.57032
13.384 6.55763
13.416 6.5448
13.448 6.53182
13.48 6.5187
13.512 6.50544
13.544 6.49204
13.576 6.4785
13.608 6.46482
13.64 6.45101
13.672 6.43707
13.704 6.42299
13.736 6.40878
13.768 6.39444
13.8 6.37997
13.832 6.36537
13.864 6.35065
13.896 6.3358
13.928 6.32082
13.96 6.30572
13.992 6.29051
14.024 6.27517
14.056 6.25971
14.088 6.24413
14.12 6.22844
14.152 6.21263
14.184 6.19671
14.216 6.18068
14.248 6.16453
14.28 6.14828
14.312 6.13192
14.344 6.11544
14.376 6.09887
14.408 6.08218
14.44 6.0654
14.472 6.04851
14.504 6.03152
14.536 6.01443
14.568 5.99724
14.6 5.97996
14.632 5.96258
14.664 5.9451
14.696 5.92753
14.728 5.90987
14.76 5.89212
14.792 5.87428
14.824 5.85635
14.856 5.83833
14.888 5.82023
14.92 5.80204
14.952 5.78377
14.984 5.76541
15.016 5.74698
15.048 5.72847
15.08 5.70988
15.112 5.69121
15.144 5.67247
15.176 5.65365
15.208 5.63476
15.24 5.6158
15.272 5.59677
15.304 5.57767
15.336 5.5585
15.368 5.53926
15.4 5.51996
15.432 5.5006
15.464 5.48117
15.496 5.46168
15.528 5.44213
15.56 5.42253
15.592 5.40286
15.624 5.38314
15.656 5.36336
15.688 5.34353
15.72 5.32365
15.752 5.30371
15.784 5.28373
15.816 5.2637
15.848 5.24362
15.88 5.22349
15.912 5.20332
15.944 5.18311
15.976 5.16285
16.008 5.14255
16.04 5.12221
16.072 5.10184
16.104 5.08143
16.136 5.06098
16.168 5.04049
16.2 5.01998
16.232 4.99943
16.264 4.97885
16.296 4.95824
16.328 4.93761
16.36 4.91694
16.392 4.89625
16.424 4.87554
16.456 4.8548
16.488 4.83405
16.52 4.81327
16.552 4.79247
16.584 4.77165
16.616 4.75082
16.648 4.72997
16.68 4.70911
16.712 4.68824
16.744 4.66735
16.776 4.64645
16.808 4.62555
16.84 4.60464
16.872 4.58372
16.904 4.56279
16.936 4.54186
16.968 4.52093
